   1.0000000e+03   4.0301154e-01
   9.9900000e+02   4.0426812e-01
   9.9800000e+02   4.0552948e-01
   9.9700000e+02   4.0679566e-01
   9.9600000e+02   4.0806668e-01
   9.9500000e+02   4.0934255e-01
   9.9400000e+02   4.1062330e-01
   9.9300000e+02   4.1190895e-01
   9.9200000e+02   4.1319953e-01
   9.9100000e+02   4.1449505e-01
   9.9000000e+02   4.1579554e-01
   9.8900000e+02   4.1710102e-01
   9.8800000e+02   4.1841151e-01
   9.8700000e+02   4.1972704e-01
   9.8600000e+02   4.2104762e-01
   9.8500000e+02   4.2237329e-01
   9.8400000e+02   4.2370407e-01
   9.8300000e+02   4.2503997e-01
   9.8200000e+02   4.2638102e-01
   9.8100000e+02   4.2772725e-01
   9.8000000e+02   4.2907868e-01
   9.7900000e+02   4.3043533e-01
   9.7800000e+02   4.3179723e-01
   9.7700000e+02   4.3316440e-01
   9.7600000e+02   4.3453686e-01
   9.7500000e+02   4.3591464e-01
   9.7400000e+02   4.3729776e-01
   9.7300000e+02   4.3868625e-01
   9.7200000e+02   4.4008013e-01
   9.7100000e+02   4.4147943e-01
   9.7000000e+02   4.4288418e-01
   9.6900000e+02   4.4429438e-01
   9.6800000e+02   4.4571008e-01
   9.6700000e+02   4.4713130e-01
   9.6600000e+02   4.4855806e-01
   9.6500000e+02   4.4999039e-01
   9.6400000e+02   4.5142831e-01
   9.6300000e+02   4.5287186e-01
   9.6200000e+02   4.5432105e-01
   9.6100000e+02   4.5577591e-01
   9.6000000e+02   4.5723647e-01
   9.5900000e+02   4.5870275e-01
   9.5800000e+02   4.6017478e-01
   9.5700000e+02   4.6165260e-01
   9.5600000e+02   4.6313621e-01
   9.5500000e+02   4.6462566e-01
   9.5400000e+02   4.6612097e-01
   9.5300000e+02   4.6762216e-01
   9.5200000e+02   4.6912927e-01
   9.5100000e+02   4.7064232e-01
   9.5000000e+02   4.7216134e-01
   9.4900000e+02   4.7368635e-01
   9.4800000e+02   4.7521739e-01
   9.4700000e+02   4.7675448e-01
   9.4600000e+02   4.7829765e-01
   9.4500000e+02   4.7984693e-01
   9.4400000e+02   4.8140235e-01
   9.4300000e+02   4.8296393e-01
   9.4200000e+02   4.8453171e-01
   9.4100000e+02   4.8610572e-01
   9.4000000e+02   4.8768598e-01
   9.3900000e+02   4.8927252e-01
   9.3800000e+02   4.9086537e-01
   9.3700000e+02   4.9246457e-01
   9.3600000e+02   4.9407014e-01
   9.3500000e+02   4.9568211e-01
   9.3400000e+02   4.9730052e-01
   9.3300000e+02   4.9892539e-01
   9.3200000e+02   5.0055675e-01
   9.3100000e+02   5.0219464e-01
   9.3000000e+02   5.0383908e-01
   9.2900000e+02   5.0549011e-01
   9.2800000e+02   5.0714775e-01
   9.2700000e+02   5.0881205e-01
   9.2600000e+02   5.1048302e-01
   9.2500000e+02   5.1216071e-01
   9.2400000e+02   5.1384514e-01
   9.2300000e+02   5.1553634e-01
   9.2200000e+02   5.1723436e-01
   9.2100000e+02   5.1893921e-01
   9.2000000e+02   5.2065094e-01
   9.1900000e+02   5.2236957e-01
   9.1800000e+02   5.2409514e-01
   9.1700000e+02   5.2582769e-01
   9.1600000e+02   5.2756724e-01
   9.1500000e+02   5.2931383e-01
   9.1400000e+02   5.3106749e-01
   9.1300000e+02   5.3282826e-01
   9.1200000e+02   5.3459616e-01
   9.1100000e+02   5.3637125e-01
   9.1000000e+02   5.3815354e-01
   9.0900000e+02   5.3994307e-01
   9.0800000e+02   5.4173989e-01
   9.0700000e+02   5.4354401e-01
   9.0600000e+02   5.4535549e-01
   9.0500000e+02   5.4717435e-01
   9.0400000e+02   5.4900063e-01
   9.0300000e+02   5.5083437e-01
   9.0200000e+02   5.5267560e-01
   9.0100000e+02   5.5452435e-01
   9.0000000e+02   5.5638067e-01
   8.9900000e+02   5.5824459e-01
   8.9800000e+02   5.6011615e-01
   8.9700000e+02   5.6199538e-01
   8.9600000e+02   5.6388232e-01
   8.9500000e+02   5.6577702e-01
   8.9400000e+02   5.6767950e-01
   8.9300000e+02   5.6958980e-01
   8.9200000e+02   5.7150797e-01
   8.9100000e+02   5.7343404e-01
   8.9000000e+02   5.7536805e-01
   8.8900000e+02   5.7731004e-01
   8.8800000e+02   5.7926004e-01
   8.8700000e+02   5.8121810e-01
   8.8600000e+02   5.8318426e-01
   8.8500000e+02   5.8515855e-01
   8.8400000e+02   5.8714101e-01
   8.8300000e+02   5.8913170e-01
   8.8200000e+02   5.9113063e-01
   8.8100000e+02   5.9313787e-01
   8.8000000e+02   5.9515343e-01
   8.7900000e+02   5.9717738e-01
   8.7800000e+02   5.9920975e-01
   8.7700000e+02   6.0125057e-01
   8.7600000e+02   6.0329990e-01
   8.7500000e+02   6.0535777e-01
   8.7400000e+02   6.0742423e-01
   8.7300000e+02   6.0949932e-01
   8.7200000e+02   6.1158307e-01
   8.7100000e+02   6.1367554e-01
   8.7000000e+02   6.1577677e-01
   8.6900000e+02   6.1788680e-01
   8.6800000e+02   6.2000567e-01
   8.6700000e+02   6.2213343e-01
   8.6600000e+02   6.2427012e-01
   8.6500000e+02   6.2641578e-01
   8.6400000e+02   6.2857047e-01
   8.6300000e+02   6.3073422e-01
   8.6200000e+02   6.3290708e-01
   8.6100000e+02   6.3508910e-01
   8.6000000e+02   6.3728032e-01
   8.5900000e+02   6.3948079e-01
   8.5800000e+02   6.4169055e-01
   8.5700000e+02   6.4390965e-01
   8.5600000e+02   6.4613813e-01
   8.5500000e+02   6.4837606e-01
   8.5400000e+02   6.5062346e-01
   8.5300000e+02   6.5288039e-01
   8.5200000e+02   6.5514689e-01
   8.5100000e+02   6.5742302e-01
   8.5000000e+02   6.5970883e-01
   8.4900000e+02   6.6200435e-01
   8.4800000e+02   6.6430965e-01
   8.4700000e+02   6.6662476e-01
   8.4600000e+02   6.6894974e-01
   8.4500000e+02   6.7128464e-01
   8.4400000e+02   6.7362951e-01
   8.4300000e+02   6.7598440e-01
   8.4200000e+02   6.7834936e-01
   8.4100000e+02   6.8072444e-01
   8.4000000e+02   6.8310969e-01
   8.3900000e+02   6.8550516e-01
   8.3800000e+02   6.8791091e-01
   8.3700000e+02   6.9032698e-01
   8.3600000e+02   6.9275344e-01
   8.3500000e+02   6.9519032e-01
   8.3400000e+02   6.9763770e-01
   8.3300000e+02   7.0009561e-01
   8.3200000e+02   7.0256411e-01
   8.3100000e+02   7.0504326e-01
   8.3000000e+02   7.0753311e-01
   8.2900000e+02   7.1003372e-01
   8.2800000e+02   7.1254513e-01
   8.2700000e+02   7.1506741e-01
   8.2600000e+02   7.1760061e-01
   8.2500000e+02   7.2014479e-01
   8.2400000e+02   7.2270001e-01
   8.2300000e+02   7.2526631e-01
   8.2200000e+02   7.2784376e-01
   8.2100000e+02   7.3043241e-01
   8.2000000e+02   7.3303233e-01
   8.1900000e+02   7.3564356e-01
   8.1800000e+02   7.3826617e-01
   8.1700000e+02   7.4090022e-01
   8.1600000e+02   7.4354577e-01
   8.1500000e+02   7.4620287e-01
   8.1400000e+02   7.4887158e-01
   8.1300000e+02   7.5155197e-01
   8.1200000e+02   7.5424409e-01
   8.1100000e+02   7.5694801e-01
   8.1000000e+02   7.5966379e-01
   8.0900000e+02   7.6239148e-01
   8.0800000e+02   7.6513116e-01
   8.0700000e+02   7.6788288e-01
   8.0600000e+02   7.7064670e-01
   8.0500000e+02   7.7342269e-01
   8.0400000e+02   7.7621091e-01
   8.0300000e+02   7.7901143e-01
   8.0200000e+02   7.8182431e-01
   8.0100000e+02   7.8464961e-01
   8.0000000e+02   7.8748740e-01
   7.9900000e+02   7.9033774e-01
   7.9800000e+02   7.9320070e-01
   7.9700000e+02   7.9607635e-01
   7.9600000e+02   7.9896475e-01
   7.9500000e+02   8.0186598e-01
   7.9400000e+02   8.0478008e-01
   7.9300000e+02   8.0770714e-01
   7.9200000e+02   8.1064723e-01
   7.9100000e+02   8.1360040e-01
   7.9000000e+02   8.1656674e-01
   7.8900000e+02   8.1954630e-01
   7.8800000e+02   8.2253916e-01
   7.8700000e+02   8.2554539e-01
   7.8600000e+02   8.2856506e-01
   7.8500000e+02   8.3159825e-01
   7.8400000e+02   8.3464501e-01
   7.8300000e+02   8.3770543e-01
   7.8200000e+02   8.4077957e-01
   7.8100000e+02   8.4386752e-01
   7.8000000e+02   8.4696934e-01
   7.7900000e+02   8.5008510e-01
   7.7800000e+02   8.5321488e-01
   7.7700000e+02   8.5635876e-01
   7.7600000e+02   8.5951681e-01
   7.7500000e+02   8.6268911e-01
   7.7400000e+02   8.6587573e-01
   7.7300000e+02   8.6907674e-01
   7.7200000e+02   8.7229223e-01
   7.7100000e+02   8.7552228e-01
   7.7000000e+02   8.7876695e-01
   7.6900000e+02   8.8202633e-01
   7.6800000e+02   8.8530051e-01
   7.6700000e+02   8.8858954e-01
   7.6600000e+02   8.9189353e-01
   7.6500000e+02   8.9521254e-01
   7.6400000e+02   8.9854666e-01
   7.6300000e+02   9.0189598e-01
   7.6200000e+02   9.0526056e-01
   7.6100000e+02   9.0864049e-01
   7.6000000e+02   9.1203587e-01
   7.5900000e+02   9.1544676e-01
   7.5800000e+02   9.1887326e-01
   7.5700000e+02   9.2231544e-01
   7.5600000e+02   9.2577340e-01
   7.5500000e+02   9.2924722e-01
   7.5400000e+02   9.3273698e-01
   7.5300000e+02   9.3624277e-01
   7.5200000e+02   9.3976469e-01
   7.5100000e+02   9.4330281e-01
   7.5000000e+02   9.4685722e-01
   7.4900000e+02   9.5042801e-01
   7.4800000e+02   9.5401528e-01
   7.4700000e+02   9.5761911e-01
   7.4600000e+02   9.6123960e-01
   7.4500000e+02   9.6487683e-01
   7.4400000e+02   9.6853089e-01
   7.4300000e+02   9.7220188e-01
   7.4200000e+02   9.7588989e-01
   7.4100000e+02   9.7959502e-01
   7.4000000e+02   9.8331735e-01
   7.3900000e+02   9.8705698e-01
   7.3800000e+02   9.9081402e-01
   7.3700000e+02   9.9458854e-01
   7.3600000e+02   9.9838066e-01
   7.3500000e+02   1.0021905e+00
   7.3400000e+02   1.0060180e+00
   7.3300000e+02   1.0098635e+00
   7.3200000e+02   1.0137270e+00
   7.3100000e+02   1.0176085e+00
   7.3000000e+02   1.0215082e+00
   7.2900000e+02   1.0254262e+00
   7.2800000e+02   1.0293626e+00
   7.2700000e+02   1.0333174e+00
   7.2600000e+02   1.0372909e+00
   7.2500000e+02   1.0412830e+00
   7.2400000e+02   1.0452939e+00
   7.2300000e+02   1.0493237e+00
   7.2200000e+02   1.0533726e+00
   7.2100000e+02   1.0574405e+00
   7.2000000e+02   1.0615277e+00
   7.1900000e+02   1.0656342e+00
   7.1800000e+02   1.0697601e+00
   7.1700000e+02   1.0739055e+00
   7.1600000e+02   1.0780707e+00
   7.1500000e+02   1.0822555e+00
   7.1400000e+02   1.0864603e+00
   7.1300000e+02   1.0906850e+00
   7.1200000e+02   1.0949298e+00
   7.1100000e+02   1.0991949e+00
   7.1000000e+02   1.1034802e+00
   7.0900000e+02   1.1077860e+00
   7.0800000e+02   1.1121123e+00
   7.0700000e+02   1.1164594e+00
   7.0600000e+02   1.1208272e+00
   7.0500000e+02   1.1252159e+00
   7.0400000e+02   1.1296256e+00
   7.0300000e+02   1.1340565e+00
   7.0200000e+02   1.1385086e+00
   7.0100000e+02   1.1429821e+00
   7.0000000e+02   1.1474771e+00
   6.9900000e+02   1.1519937e+00
   6.9800000e+02   1.1565321e+00
   6.9700000e+02   1.1610924e+00
   6.9600000e+02   1.1656746e+00
   6.9500000e+02   1.1702790e+00
   6.9400000e+02   1.1749056e+00
   6.9300000e+02   1.1795546e+00
   6.9200000e+02   1.1842261e+00
   6.9100000e+02   1.1889202e+00
   6.9000000e+02   1.1936371e+00
   6.8900000e+02   1.1983769e+00
   6.8800000e+02   1.2031397e+00
   6.8700000e+02   1.2079257e+00
   6.8600000e+02   1.2127349e+00
   6.8500000e+02   1.2175676e+00
   6.8400000e+02   1.2224238e+00
   6.8300000e+02   1.2273038e+00
   6.8200000e+02   1.2322075e+00
   6.8100000e+02   1.2371352e+00
   6.8000000e+02   1.2420871e+00
   6.7900000e+02   1.2470632e+00
   6.7800000e+02   1.2520636e+00
   6.7700000e+02   1.2570886e+00
   6.7600000e+02   1.2621383e+00
   6.7500000e+02   1.2672128e+00
   6.7400000e+02   1.2723122e+00
   6.7300000e+02   1.2774368e+00
   6.7200000e+02   1.2825866e+00
   6.7100000e+02   1.2877618e+00
   6.7000000e+02   1.2929625e+00
   6.6900000e+02   1.2981889e+00
   6.6800000e+02   1.3034412e+00
   6.6700000e+02   1.3087195e+00
   6.6600000e+02   1.3140239e+00
   6.6500000e+02   1.3193546e+00
   6.6400000e+02   1.3247118e+00
   6.6300000e+02   1.3300956e+00
   6.6200000e+02   1.3355061e+00
   6.6100000e+02   1.3409436e+00
   6.6000000e+02   1.3464081e+00
   6.5900000e+02   1.3518999e+00
   6.5800000e+02   1.3574192e+00
   6.5700000e+02   1.3629659e+00
   6.5600000e+02   1.3685404e+00
   6.5500000e+02   1.3741428e+00
   6.5400000e+02   1.3797732e+00
   6.5300000e+02   1.3854319e+00
   6.5200000e+02   1.3911190e+00
   6.5100000e+02   1.3968346e+00
   6.5000000e+02   1.4025789e+00
   6.4900000e+02   1.4083522e+00
   6.4800000e+02   1.4141545e+00
   6.4700000e+02   1.4199860e+00
   6.4600000e+02   1.4258470e+00
   6.4500000e+02   1.4317376e+00
   6.4400000e+02   1.4376579e+00
   6.4300000e+02   1.4436082e+00
   6.4200000e+02   1.4495886e+00
   6.4100000e+02   1.4555994e+00
   6.4000000e+02   1.4616406e+00
   6.3900000e+02   1.4677125e+00
   6.3800000e+02   1.4738152e+00
   6.3700000e+02   1.4799490e+00
   6.3600000e+02   1.4861140e+00
   6.3500000e+02   1.4923104e+00
   6.3400000e+02   1.4985385e+00
   6.3300000e+02   1.5047983e+00
   6.3200000e+02   1.5110902e+00
   6.3100000e+02   1.5174142e+00
   6.3000000e+02   1.5237706e+00
   6.2900000e+02   1.5301595e+00
   6.2800000e+02   1.5365813e+00
   6.2700000e+02   1.5430360e+00
   6.2600000e+02   1.5495239e+00
   6.2500000e+02   1.5560451e+00
   6.2400000e+02   1.5625999e+00
   6.2300000e+02   1.5691885e+00
   6.2200000e+02   1.5758111e+00
   6.2100000e+02   1.5824679e+00
   6.2000000e+02   1.5891591e+00
   6.1900000e+02   1.5958849e+00
   6.1800000e+02   1.6026455e+00
   6.1700000e+02   1.6094412e+00
   6.1600000e+02   1.6162721e+00
   6.1500000e+02   1.6231385e+00
   6.1400000e+02   1.6300406e+00
   6.1300000e+02   1.6369785e+00
   6.1200000e+02   1.6439526e+00
   6.1100000e+02   1.6509631e+00
   6.1000000e+02   1.6580101e+00
   6.0900000e+02   1.6650939e+00
   6.0800000e+02   1.6722148e+00
   6.0700000e+02   1.6793729e+00
   6.0600000e+02   1.6865685e+00
   6.0500000e+02   1.6938018e+00
   6.0400000e+02   1.7010730e+00
   6.0300000e+02   1.7083825e+00
   6.0200000e+02   1.7157303e+00
   6.0100000e+02   1.7231169e+00
   6.0000000e+02   1.7305423e+00
   5.9900000e+02   1.7380069e+00
   5.9800000e+02   1.7455109e+00
   5.9700000e+02   1.7530545e+00
   5.9600000e+02   1.7606380e+00
   5.9500000e+02   1.7682616e+00
   5.9400000e+02   1.7759256e+00
   5.9300000e+02   1.7836303e+00
   5.9200000e+02   1.7913758e+00
   5.9100000e+02   1.7991625e+00
   5.9000000e+02   1.8069906e+00
   5.8900000e+02   1.8148604e+00
   5.8800000e+02   1.8227721e+00
   5.8700000e+02   1.8307260e+00
   5.8600000e+02   1.8387224e+00
   5.8500000e+02   1.8467615e+00
   5.8400000e+02   1.8548436e+00
   5.8300000e+02   1.8629689e+00
   5.8200000e+02   1.8711379e+00
   5.8100000e+02   1.8793506e+00
   5.8000000e+02   1.8876074e+00
   5.7900000e+02   1.8959087e+00
   5.7800000e+02   1.9042545e+00
   5.7700000e+02   1.9126454e+00
   5.7600000e+02   1.9210814e+00
   5.7500000e+02   1.9295630e+00
   5.7400000e+02   1.9380904e+00
   5.7300000e+02   1.9466639e+00
   5.7200000e+02   1.9552838e+00
   5.7100000e+02   1.9639504e+00
   5.7000000e+02   1.9726640e+00
   5.6900000e+02   1.9814249e+00
   5.6800000e+02   1.9902334e+00
   5.6700000e+02   1.9990898e+00
   5.6600000e+02   2.0079944e+00
   5.6500000e+02   2.0169475e+00
   5.6400000e+02   2.0259495e+00
   5.6300000e+02   2.0350007e+00
   5.6200000e+02   2.0441013e+00
   5.6100000e+02   2.0532517e+00
   5.6000000e+02   2.0624522e+00
   5.5900000e+02   2.0717031e+00
   5.5800000e+02   2.0810049e+00
   5.5700000e+02   2.0903577e+00
   5.5600000e+02   2.0997619e+00
   5.5500000e+02   2.1092179e+00
   5.5400000e+02   2.1187260e+00
   5.5300000e+02   2.1282866e+00
   5.5200000e+02   2.1378999e+00
   5.5100000e+02   2.1475663e+00
   5.5000000e+02   2.1572863e+00
   5.4900000e+02   2.1670600e+00
   5.4800000e+02   2.1768879e+00
   5.4700000e+02   2.1867704e+00
   5.4600000e+02   2.1967077e+00
   5.4500000e+02   2.2067003e+00
   5.4400000e+02   2.2167485e+00
   5.4300000e+02   2.2268527e+00
   5.4200000e+02   2.2370132e+00
   5.4100000e+02   2.2472305e+00
   5.4000000e+02   2.2575048e+00
   5.3900000e+02   2.2678366e+00
   5.3800000e+02   2.2782263e+00
   5.3700000e+02   2.2886742e+00
   5.3600000e+02   2.2991807e+00
   5.3500000e+02   2.3097462e+00
   5.3400000e+02   2.3203712e+00
   5.3300000e+02   2.3310559e+00
   5.3200000e+02   2.3418008e+00
   5.3100000e+02   2.3526064e+00
   5.3000000e+02   2.3634729e+00
   5.2900000e+02   2.3744008e+00
   5.2800000e+02   2.3853906e+00
   5.2700000e+02   2.3964425e+00
   5.2600000e+02   2.4075572e+00
   5.2500000e+02   2.4187349e+00
   5.2400000e+02   2.4299761e+00
   5.2300000e+02   2.4412812e+00
   5.2200000e+02   2.4526507e+00
   5.2100000e+02   2.4640849e+00
   5.2000000e+02   2.4755844e+00
   5.1900000e+02   2.4871495e+00
   5.1800000e+02   2.4987807e+00
   5.1700000e+02   2.5104785e+00
   5.1600000e+02   2.5222433e+00
   5.1500000e+02   2.5340755e+00
   5.1400000e+02   2.5459757e+00
   5.1300000e+02   2.5579442e+00
   5.1200000e+02   2.5699816e+00
   5.1100000e+02   2.5820883e+00
   5.1000000e+02   2.5942647e+00
   5.0900000e+02   2.6065114e+00
   5.0800000e+02   2.6188288e+00
   5.0700000e+02   2.6312175e+00
   5.0600000e+02   2.6436779e+00
   5.0500000e+02   2.6562104e+00
   5.0400000e+02   2.6688157e+00
   5.0300000e+02   2.6814941e+00
   5.0200000e+02   2.6942462e+00
   5.0100000e+02   2.7070726e+00
   5.0000000e+02   2.7199736e+00
   4.9900000e+02   2.7329499e+00
   4.9800000e+02   2.7460019e+00
   4.9700000e+02   2.7591301e+00
   4.9600000e+02   2.7723352e+00
   4.9500000e+02   2.7856176e+00
   4.9400000e+02   2.7989778e+00
   4.9300000e+02   2.8124165e+00
   4.9200000e+02   2.8259341e+00
   4.9100000e+02   2.8395312e+00
   4.9000000e+02   2.8532083e+00
   4.8900000e+02   2.8669661e+00
   4.8800000e+02   2.8808050e+00
   4.8700000e+02   2.8947256e+00
   4.8600000e+02   2.9087286e+00
   4.8500000e+02   2.9228144e+00
   4.8400000e+02   2.9369837e+00
   4.8300000e+02   2.9512370e+00
   4.8200000e+02   2.9655750e+00
   4.8100000e+02   2.9799982e+00
   4.8000000e+02   2.9945072e+00
   4.7900000e+02   3.0091027e+00
   4.7800000e+02   3.0237852e+00
   4.7700000e+02   3.0385553e+00
   4.7600000e+02   3.0534138e+00
   4.7500000e+02   3.0683611e+00
   4.7400000e+02   3.0833980e+00
   4.7300000e+02   3.0985250e+00
   4.7200000e+02   3.1137428e+00
   4.7100000e+02   3.1290521e+00
   4.7000000e+02   3.1444535e+00
   4.6900000e+02   3.1599476e+00
   4.6800000e+02   3.1755351e+00
   4.6700000e+02   3.1912168e+00
   4.6600000e+02   3.2069931e+00
   4.6500000e+02   3.2228649e+00
   4.6400000e+02   3.2388329e+00
   4.6300000e+02   3.2548976e+00
   4.6200000e+02   3.2710598e+00
   4.6100000e+02   3.2873202e+00
   4.6000000e+02   3.3036795e+00
   4.5900000e+02   3.3201385e+00
   4.5800000e+02   3.3366977e+00
   4.5700000e+02   3.3533580e+00
   4.5600000e+02   3.3701201e+00
   4.5500000e+02   3.3869848e+00
   4.5400000e+02   3.4039526e+00
   4.5300000e+02   3.4210245e+00
   4.5200000e+02   3.4382012e+00
   4.5100000e+02   3.4554834e+00
   4.5000000e+02   3.4728719e+00
   4.4900000e+02   3.4903674e+00
   4.4800000e+02   3.5079708e+00
   4.4700000e+02   3.5256828e+00
   4.4600000e+02   3.5435043e+00
   4.4500000e+02   3.5614359e+00
   4.4400000e+02   3.5794786e+00
   4.4300000e+02   3.5976332e+00
   4.4200000e+02   3.6159004e+00
   4.4100000e+02   3.6342811e+00
   4.4000000e+02   3.6527761e+00
   4.3900000e+02   3.6713863e+00
   4.3800000e+02   3.6901125e+00
   4.3700000e+02   3.7089556e+00
   4.3600000e+02   3.7279164e+00
   4.3500000e+02   3.7469959e+00
   4.3400000e+02   3.7661948e+00
   4.3300000e+02   3.7855141e+00
   4.3200000e+02   3.8049546e+00
   4.3100000e+02   3.8245173e+00
   4.3000000e+02   3.8442031e+00
   4.2900000e+02   3.8640129e+00
   4.2800000e+02   3.8839475e+00
   4.2700000e+02   3.9040081e+00
   4.2600000e+02   3.9241954e+00
   4.2500000e+02   3.9445104e+00
   4.2400000e+02   3.9649541e+00
   4.2300000e+02   3.9855275e+00
   4.2200000e+02   4.0062315e+00
   4.2100000e+02   4.0270671e+00
   4.2000000e+02   4.0480353e+00
   4.1900000e+02   4.0691371e+00
   4.1800000e+02   4.0903735e+00
   4.1700000e+02   4.1117455e+00
   4.1600000e+02   4.1332541e+00
   4.1500000e+02   4.1549004e+00
   4.1400000e+02   4.1766855e+00
   4.1300000e+02   4.1986103e+00
   4.1200000e+02   4.2206759e+00
   4.1100000e+02   4.2428835e+00
   4.1000000e+02   4.2652340e+00
   4.0900000e+02   4.2877286e+00
   4.0800000e+02   4.3103683e+00
   4.0700000e+02   4.3331544e+00
   4.0600000e+02   4.3560878e+00
   4.0500000e+02   4.3791698e+00
   4.0400000e+02   4.4024014e+00
   4.0300000e+02   4.4257838e+00
   4.0200000e+02   4.4493182e+00
   4.0100000e+02   4.4730057e+00
   4.0000000e+02   4.4968476e+00
   3.9900000e+02   4.5208449e+00
   3.9800000e+02   4.5449990e+00
   3.9700000e+02   4.5693110e+00
   3.9600000e+02   4.5937821e+00
   3.9500000e+02   4.6184136e+00
   3.9400000e+02   4.6432067e+00
   3.9300000e+02   4.6681626e+00
   3.9200000e+02   4.6932827e+00
   3.9100000e+02   4.7185683e+00
   3.9000000e+02   4.7440205e+00
   3.8900000e+02   4.7696407e+00
   3.8800000e+02   4.7954302e+00
   3.8700000e+02   4.8213904e+00
   3.8600000e+02   4.8475225e+00
   3.8500000e+02   4.8738280e+00
   3.8400000e+02   4.9003081e+00
   3.8300000e+02   4.9269643e+00
   3.8200000e+02   4.9537979e+00
   3.8100000e+02   4.9808104e+00
   3.8000000e+02   5.0080031e+00
   3.7900000e+02   5.0353775e+00
   3.7800000e+02   5.0629350e+00
   3.7700000e+02   5.0906770e+00
   3.7600000e+02   5.1186051e+00
   3.7500000e+02   5.1467206e+00
   3.7400000e+02   5.1750252e+00
   3.7300000e+02   5.2035202e+00
   3.7200000e+02   5.2322072e+00
   3.7100000e+02   5.2610878e+00
   3.7000000e+02   5.2901634e+00
   3.6900000e+02   5.3194357e+00
   3.6800000e+02   5.3489062e+00
   3.6700000e+02   5.3785765e+00
   3.6600000e+02   5.4084482e+00
   3.6500000e+02   5.4385229e+00
   3.6400000e+02   5.4688022e+00
   3.6300000e+02   5.4992879e+00
   3.6200000e+02   5.5299815e+00
   3.6100000e+02   5.5608848e+00
   3.6000000e+02   5.5919994e+00
   3.5900000e+02   5.6233270e+00
   3.5800000e+02   5.6548695e+00
   3.5700000e+02   5.6866284e+00
   3.5600000e+02   5.7186056e+00
   3.5500000e+02   5.7508029e+00
   3.5400000e+02   5.7832220e+00
   3.5300000e+02   5.8158647e+00
   3.5200000e+02   5.8487329e+00
   3.5100000e+02   5.8818285e+00
   3.5000000e+02   5.9151532e+00
   3.4900000e+02   5.9487090e+00
   3.4800000e+02   5.9824977e+00
   3.4700000e+02   6.0165213e+00
   3.4600000e+02   6.0507817e+00
   3.4500000e+02   6.0852809e+00
   3.4400000e+02   6.1200207e+00
   3.4300000e+02   6.1550033e+00
   3.4200000e+02   6.1902305e+00
   3.4100000e+02   6.2257046e+00
   3.4000000e+02   6.2614273e+00
   3.3900000e+02   6.2974010e+00
   3.3800000e+02   6.3336275e+00
   3.3700000e+02   6.3701091e+00
   3.3600000e+02   6.4068479e+00
   3.3500000e+02   6.4438460e+00
   3.3400000e+02   6.4811055e+00
   3.3300000e+02   6.5186287e+00
   3.3200000e+02   6.5564177e+00
   3.3100000e+02   6.5944749e+00
   3.3000000e+02   6.6328024e+00
   3.2900000e+02   6.6714025e+00
   3.2800000e+02   6.7102775e+00
   3.2700000e+02   6.7494297e+00
   3.2600000e+02   6.7888615e+00
   3.2500000e+02   6.8285753e+00
   3.2400000e+02   6.8685733e+00
   3.2300000e+02   6.9088581e+00
   3.2200000e+02   6.9494320e+00
   3.2100000e+02   6.9902976e+00
   3.2000000e+02   7.0314572e+00
   3.1900000e+02   7.0729135e+00
   3.1800000e+02   7.1146688e+00
   3.1700000e+02   7.1567259e+00
   3.1600000e+02   7.1990872e+00
   3.1500000e+02   7.2417553e+00
   3.1400000e+02   7.2847330e+00
   3.1300000e+02   7.3280228e+00
   3.1200000e+02   7.3716274e+00
   3.1100000e+02   7.4155496e+00
   3.1000000e+02   7.4597921e+00
   3.0900000e+02   7.5043576e+00
   3.0800000e+02   7.5492489e+00
   3.0700000e+02   7.5944689e+00
   3.0600000e+02   7.6400204e+00
   3.0500000e+02   7.6859063e+00
   3.0400000e+02   7.7321295e+00
   3.0300000e+02   7.7786928e+00
   3.0200000e+02   7.8255994e+00
   3.0100000e+02   7.8728521e+00
   3.0000000e+02   7.9204541e+00
   2.9900000e+02   7.9684082e+00
   2.9800000e+02   8.0167177e+00
   2.9700000e+02   8.0653857e+00
   2.9600000e+02   8.1144153e+00
   2.9500000e+02   8.1638096e+00
   2.9400000e+02   8.2135719e+00
   2.9300000e+02   8.2637055e+00
   2.9200000e+02   8.3142135e+00
   2.9100000e+02   8.3650994e+00
   2.9000000e+02   8.4163665e+00
   2.8900000e+02   8.4680181e+00
   2.8800000e+02   8.5200576e+00
   2.8700000e+02   8.5724886e+00
   2.8600000e+02   8.6253145e+00
   2.8500000e+02   8.6785387e+00
   2.8400000e+02   8.7321650e+00
   2.8300000e+02   8.7861968e+00
   2.8200000e+02   8.8406378e+00
   2.8100000e+02   8.8954916e+00
   2.8000000e+02   8.9507620e+00
   2.7900000e+02   9.0064527e+00
   2.7800000e+02   9.0625675e+00
   2.7700000e+02   9.1191102e+00
   2.7600000e+02   9.1760847e+00
   2.7500000e+02   9.2334949e+00
   2.7400000e+02   9.2913446e+00
   2.7300000e+02   9.3496380e+00
   2.7200000e+02   9.4083790e+00
   2.7100000e+02   9.4675717e+00
   2.7000000e+02   9.5272202e+00
   2.6900000e+02   9.5873286e+00
   2.6800000e+02   9.6479013e+00
   2.6700000e+02   9.7089423e+00
   2.6600000e+02   9.7704560e+00
   2.6500000e+02   9.8324467e+00
   2.6400000e+02   9.8949188e+00
   2.6300000e+02   9.9578767e+00
   2.6200000e+02   1.0021325e+01
   2.6100000e+02   1.0085268e+01
   2.6000000e+02   1.0149710e+01
   2.5900000e+02   1.0214657e+01
   2.5800000e+02   1.0280112e+01
   2.5700000e+02   1.0346080e+01
   2.5600000e+02   1.0412567e+01
   2.5500000e+02   1.0479576e+01
   2.5400000e+02   1.0547114e+01
   2.5300000e+02   1.0615184e+01
   2.5200000e+02   1.0683791e+01
   2.5100000e+02   1.0752942e+01
   2.5000000e+02   1.0822640e+01
   2.4900000e+02   1.0892892e+01
   2.4800000e+02   1.0963701e+01
   2.4700000e+02   1.1035074e+01
   2.4600000e+02   1.1107015e+01
   2.4500000e+02   1.1179531e+01
   2.4400000e+02   1.1252626e+01
   2.4300000e+02   1.1326306e+01
   2.4200000e+02   1.1400577e+01
   2.4100000e+02   1.1475444e+01
   2.4000000e+02   1.1550912e+01
   2.3900000e+02   1.1626988e+01
   2.3800000e+02   1.1703677e+01
   2.3700000e+02   1.1780986e+01
   2.3600000e+02   1.1858919e+01
   2.3500000e+02   1.1937484e+01
   2.3400000e+02   1.2016686e+01
   2.3300000e+02   1.2096530e+01
   2.3200000e+02   1.2177025e+01
   2.3100000e+02   1.2258174e+01
   2.3000000e+02   1.2339986e+01
   2.2900000e+02   1.2422466e+01
   2.2800000e+02   1.2505621e+01
   2.2700000e+02   1.2589457e+01
   2.2600000e+02   1.2673982e+01
   2.2500000e+02   1.2759200e+01
   2.2400000e+02   1.2845121e+01
   2.2300000e+02   1.2931749e+01
   2.2200000e+02   1.3019093e+01
   2.2100000e+02   1.3107158e+01
   2.2000000e+02   1.3195953e+01
   2.1900000e+02   1.3285485e+01
   2.1800000e+02   1.3375759e+01
   2.1700000e+02   1.3466785e+01
   2.1600000e+02   1.3558569e+01
   2.1500000e+02   1.3651118e+01
   2.1400000e+02   1.3744441e+01
   2.1300000e+02   1.3838545e+01
   2.1200000e+02   1.3933438e+01
   2.1100000e+02   1.4029127e+01
   2.1000000e+02   1.4125620e+01
   2.0900000e+02   1.4222926e+01
   2.0800000e+02   1.4321052e+01
   2.0700000e+02   1.4420008e+01
   2.0600000e+02   1.4519800e+01
   2.0500000e+02   1.4620437e+01
   2.0400000e+02   1.4721928e+01
   2.0300000e+02   1.4824282e+01
   2.0200000e+02   1.4927507e+01
   2.0100000e+02   1.5031611e+01
   2.0000000e+02   1.5136605e+01
   1.9900000e+02   1.5242496e+01
   1.9800000e+02   1.5349294e+01
   1.9700000e+02   1.5457008e+01
   1.9600000e+02   1.5565647e+01
   1.9500000e+02   1.5675221e+01
   1.9400000e+02   1.5785739e+01
   1.9300000e+02   1.5897211e+01
   1.9200000e+02   1.6009647e+01
   1.9100000e+02   1.6123056e+01
   1.9000000e+02   1.6237448e+01
   1.8900000e+02   1.6352834e+01
   1.8800000e+02   1.6469224e+01
   1.8700000e+02   1.6586628e+01
   1.8600000e+02   1.6705057e+01
   1.8500000e+02   1.6824520e+01
   1.8400000e+02   1.6945030e+01
   1.8300000e+02   1.7066596e+01
   1.8200000e+02   1.7189229e+01
   1.8100000e+02   1.7312942e+01
   1.8000000e+02   1.7437744e+01
   1.7900000e+02   1.7563648e+01
   1.7800000e+02   1.7690665e+01
   1.7700000e+02   1.7818806e+01
   1.7600000e+02   1.7948083e+01
   1.7500000e+02   1.8078509e+01
   1.7400000e+02   1.8210095e+01
   1.7300000e+02   1.8342853e+01
   1.7200000e+02   1.8476796e+01
   1.7100000e+02   1.8611937e+01
   1.7000000e+02   1.8748287e+01
   1.6900000e+02   1.8885861e+01
   1.6800000e+02   1.9024670e+01
   1.6700000e+02   1.9164728e+01
   1.6600000e+02   1.9306049e+01
   1.6500000e+02   1.9448645e+01
   1.6400000e+02   1.9592531e+01
   1.6300000e+02   1.9737720e+01
   1.6200000e+02   1.9884226e+01
   1.6100000e+02   2.0032064e+01
   1.6000000e+02   2.0181247e+01
   1.5900000e+02   2.0331790e+01
   1.5800000e+02   2.0483708e+01
   1.5700000e+02   2.0637016e+01
   1.5600000e+02   2.0791728e+01
   1.5500000e+02   2.0947861e+01
   1.5400000e+02   2.1105429e+01
   1.5300000e+02   2.1264447e+01
   1.5200000e+02   2.1424933e+01
   1.5100000e+02   2.1586902e+01
   1.5000000e+02   2.1750369e+01
   1.4900000e+02   2.1915352e+01
   1.4800000e+02   2.2081868e+01
   1.4700000e+02   2.2249932e+01
   1.4600000e+02   2.2419562e+01
   1.4500000e+02   2.2590775e+01
   1.4400000e+02   2.2763590e+01
   1.4300000e+02   2.2938023e+01
   1.4200000e+02   2.3114092e+01
   1.4100000e+02   2.3291816e+01
   1.4000000e+02   2.3471213e+01
   1.3900000e+02   2.3652301e+01
   1.3800000e+02   2.3835101e+01
   1.3700000e+02   2.4019630e+01
   1.3600000e+02   2.4205908e+01
   1.3500000e+02   2.4393954e+01
   1.3400000e+02   2.4583790e+01
   1.3300000e+02   2.4775434e+01
   1.3200000e+02   2.4968907e+01
   1.3100000e+02   2.5164230e+01
   1.3000000e+02   2.5361424e+01
   1.2900000e+02   2.5560509e+01
   1.2800000e+02   2.5761508e+01
   1.2700000e+02   2.5964443e+01
   1.2600000e+02   2.6169334e+01
   1.2500000e+02   2.6376205e+01
   1.2400000e+02   2.6585079e+01
   1.2300000e+02   2.6795977e+01
   1.2200000e+02   2.7008925e+01
   1.2100000e+02   2.7223944e+01
   1.2000000e+02   2.7441059e+01
   1.1900000e+02   2.7660294e+01
   1.1800000e+02   2.7881673e+01
   1.1700000e+02   2.8105222e+01
   1.1600000e+02   2.8330966e+01
   1.1500000e+02   2.8558930e+01
   1.1400000e+02   2.8789139e+01
   1.1300000e+02   2.9021621e+01
   1.1200000e+02   2.9256402e+01
   1.1100000e+02   2.9493508e+01
   1.1000000e+02   2.9732966e+01
   1.0900000e+02   2.9974806e+01
   1.0800000e+02   3.0219054e+01
   1.0700000e+02   3.0465739e+01
   1.0600000e+02   3.0714889e+01
   1.0500000e+02   3.0966535e+01
   1.0400000e+02   3.1220705e+01
   1.0300000e+02   3.1477429e+01
   1.0200000e+02   3.1736738e+01
   1.0100000e+02   3.1998663e+01
   1.0000000e+02   3.2263235e+01
   9.9000000e+01   3.2530485e+01
   9.8000000e+01   3.2800446e+01
   9.7000000e+01   3.3073151e+01
   9.6000000e+01   3.3348631e+01
   9.5000000e+01   3.3626921e+01
   9.4000000e+01   3.3908055e+01
   9.3000000e+01   3.4192067e+01
   9.2000000e+01   3.4478992e+01
   9.1000000e+01   3.4768865e+01
   9.0000000e+01   3.5061723e+01
   8.9000000e+01   3.5357600e+01
   8.8000000e+01   3.5656536e+01
   8.7000000e+01   3.5958566e+01
   8.6000000e+01   3.6263729e+01
   8.5000000e+01   3.6572063e+01
   8.4000000e+01   3.6883607e+01
   8.3000000e+01   3.7198402e+01
   8.2000000e+01   3.7516486e+01
   8.1000000e+01   3.7837901e+01
   8.0000000e+01   3.8162688e+01
   7.9000000e+01   3.8490889e+01
   7.8000000e+01   3.8822546e+01
   7.7000000e+01   3.9157703e+01
   7.6000000e+01   3.9496402e+01
   7.5000000e+01   3.9838690e+01
   7.4000000e+01   4.0184610e+01
   7.3000000e+01   4.0534208e+01
   7.2000000e+01   4.0887531e+01
   7.1000000e+01   4.1244625e+01
   7.0000000e+01   4.1605538e+01
   6.9000000e+01   4.1970319e+01
   6.8000000e+01   4.2339017e+01
   6.7000000e+01   4.2711681e+01
   6.6000000e+01   4.3088361e+01
   6.5000000e+01   4.3469110e+01
   6.4000000e+01   4.3853980e+01
   6.3000000e+01   4.4243022e+01
   6.2000000e+01   4.4636291e+01
   6.1000000e+01   4.5033841e+01
   6.0000000e+01   4.5435727e+01
   5.9000000e+01   4.5842005e+01
   5.8000000e+01   4.6252732e+01
   5.7000000e+01   4.6667966e+01
   5.6000000e+01   4.7087765e+01
   5.5000000e+01   4.7512189e+01
   5.4000000e+01   4.7941297e+01
   5.3000000e+01   4.8375153e+01
   5.2000000e+01   4.8813816e+01
   5.1000000e+01   4.9257351e+01
   5.0000000e+01   4.9705822e+01
   4.9000000e+01   5.0159293e+01
   4.8000000e+01   5.0617831e+01
   4.7000000e+01   5.1081503e+01
   4.6000000e+01   5.1550376e+01
   4.5000000e+01   5.2024521e+01
   4.4000000e+01   5.2504006e+01
   4.3000000e+01   5.2988904e+01
   4.2000000e+01   5.3479286e+01
   4.1000000e+01   5.3975227e+01
   4.0000000e+01   5.4476800e+01
   3.9000000e+01   5.4984082e+01
   3.8000000e+01   5.5497149e+01
   3.7000000e+01   5.6016080e+01
   3.6000000e+01   5.6540954e+01
   3.5000000e+01   5.7071851e+01
   3.4000000e+01   5.7608854e+01
   3.3000000e+01   5.8152045e+01
   3.2000000e+01   5.8701509e+01
   3.1000000e+01   5.9257332e+01
   3.0000000e+01   5.9819601e+01
   2.9000000e+01   6.0388405e+01
   2.8000000e+01   6.0963833e+01
   2.7000000e+01   6.1545977e+01
   2.6000000e+01   6.2134929e+01
   2.5000000e+01   6.2730785e+01
   2.4000000e+01   6.3333639e+01
   2.3000000e+01   6.3943589e+01
   2.2000000e+01   6.4560735e+01
   2.1000000e+01   6.5185176e+01
   2.0000000e+01   6.5817014e+01
   1.9000000e+01   6.6456355e+01
   1.8000000e+01   6.7103302e+01
   1.7000000e+01   6.7757963e+01
   1.6000000e+01   6.8420448e+01
   1.5000000e+01   6.9090866e+01
   1.4000000e+01   6.9769331e+01
   1.3000000e+01   7.0455957e+01
   1.2000000e+01   7.1150860e+01
   1.1000000e+01   7.1854158e+01
   1.0000000e+01   7.2565971e+01
   9.0000000e+00   7.3286422e+01
   8.0000000e+00   7.4015634e+01
   7.0000000e+00   7.4753734e+01
   6.0000000e+00   7.5500851e+01
   5.0000000e+00   7.6257114e+01
   4.0000000e+00   7.7022656e+01
   3.0000000e+00   7.7797612e+01
   2.0000000e+00   7.8582120e+01
   1.0000000e+00   7.9376318e+01
   0.0000000e+00   8.0180348e+01
