   2.0000000e+02   3.0255893e+01
   1.9900000e+02   3.0261116e+01
   1.9800000e+02   3.0266338e+01
   1.9700000e+02   3.0271560e+01
   1.9600000e+02   3.0276783e+01
   1.9500000e+02   3.0282005e+01
   1.9400000e+02   3.0287227e+01
   1.9300000e+02   3.0292449e+01
   1.9200000e+02   3.0297672e+01
   1.9100000e+02   3.0302895e+01
   1.9000000e+02   3.0308117e+01
   1.8900000e+02   3.0313339e+01
   1.8800000e+02   3.0318561e+01
   1.8700000e+02   3.0323783e+01
   1.8600000e+02   3.0329006e+01
   1.8500000e+02   3.0334228e+01
   1.8400000e+02   3.0339450e+01
   1.8300000e+02   3.0344672e+01
   1.8200000e+02   3.0349895e+01
   1.8100000e+02   3.0355117e+01
   1.8000000e+02   3.0360340e+01
   1.7900000e+02   3.0365562e+01
   1.7800000e+02   3.0370784e+01
   1.7700000e+02   3.0376007e+01
   1.7600000e+02   3.0381228e+01
   1.7500000e+02   3.0386451e+01
   1.7400000e+02   3.0391674e+01
   1.7300000e+02   3.0396895e+01
   1.7200000e+02   3.0402118e+01
   1.7100000e+02   3.0407341e+01
   1.7000000e+02   3.0412563e+01
   1.6900000e+02   3.0417786e+01
   1.6800000e+02   3.0423007e+01
   1.6700000e+02   3.0428230e+01
   1.6600000e+02   3.0433452e+01
   1.6500000e+02   3.0438674e+01
   1.6400000e+02   3.0443896e+01
   1.6300000e+02   3.0449119e+01
   1.6200000e+02   3.0454341e+01
   1.6100000e+02   3.0459564e+01
   1.6000000e+02   3.0464786e+01
   1.5900000e+02   3.0470008e+01
   1.5800000e+02   3.0475231e+01
   1.5700000e+02   3.0480453e+01
   1.5600000e+02   3.0485675e+01
   1.5500000e+02   3.0490897e+01
   1.5400000e+02   3.0496119e+01
   1.5300000e+02   3.0501342e+01
   1.5200000e+02   3.0506564e+01
   1.5100000e+02   3.0511787e+01
   1.5000000e+02   3.0517009e+01
   1.4900000e+02   3.0522232e+01
   1.4800000e+02   3.0527454e+01
   1.4700000e+02   3.0532676e+01
   1.4600000e+02   3.0537898e+01
   1.4500000e+02   3.0543121e+01
   1.4400000e+02   3.0548343e+01
   1.4300000e+02   3.0553565e+01
   1.4200000e+02   3.0558788e+01
   1.4100000e+02   3.0564010e+01
   1.4000000e+02   3.0569232e+01
   1.3900000e+02   3.0574454e+01
   1.3800000e+02   3.0579677e+01
   1.3700000e+02   3.0584899e+01
   1.3600000e+02   3.0590121e+01
   1.3500000e+02   3.0595344e+01
   1.3400000e+02   3.0600566e+01
   1.3300000e+02   3.0605788e+01
   1.3200000e+02   3.0611011e+01
   1.3100000e+02   3.0616233e+01
   1.3000000e+02   3.0621455e+01
   1.2900000e+02   3.0626678e+01
   1.2800000e+02   3.0631900e+01
   1.2700000e+02   3.0637123e+01
   1.2600000e+02   3.0642345e+01
   1.2500000e+02   3.0647567e+01
   1.2400000e+02   3.0652789e+01
   1.2300000e+02   3.0658011e+01
   1.2200000e+02   3.0663233e+01
   1.2100000e+02   3.0668457e+01
   1.2000000e+02   3.0673678e+01
   1.1900000e+02   3.0678901e+01
   1.1800000e+02   3.0684123e+01
   1.1700000e+02   3.0689345e+01
   1.1600000e+02   3.0694568e+01
   1.1500000e+02   3.0699790e+01
   1.1400000e+02   3.0705012e+01
   1.1300000e+02   3.0710235e+01
   1.1200000e+02   3.0715456e+01
   1.1100000e+02   3.0720679e+01
   1.1000000e+02   3.0725902e+01
   1.0900000e+02   3.0731124e+01
   1.0800000e+02   3.0736346e+01
   1.0700000e+02   3.0741569e+01
   1.0600000e+02   3.0746791e+01
   1.0500000e+02   3.0752013e+01
   1.0400000e+02   3.0757235e+01
   1.0300000e+02   3.0762458e+01
   1.0200000e+02   3.0767680e+01
   1.0100000e+02   3.0772902e+01
   1.0000000e+02   3.0778125e+01
   9.9000000e+01   3.0783347e+01
   9.8000000e+01   3.0788569e+01
   9.7000000e+01   3.0793792e+01
   9.6000000e+01   3.0799014e+01
   9.5000000e+01   3.0804236e+01
   9.4000000e+01   3.0809458e+01
   9.3000000e+01   3.0814681e+01
   9.2000000e+01   3.0819903e+01
   9.1000000e+01   3.0825126e+01
   9.0000000e+01   3.0830348e+01
   8.9000000e+01   3.0835570e+01
   8.8000000e+01   3.0840792e+01
   8.7000000e+01   3.0846014e+01
   8.6000000e+01   3.0851237e+01
   8.5000000e+01   3.0856460e+01
   8.4000000e+01   3.0861682e+01
   8.3000000e+01   3.0866904e+01
   8.2000000e+01   3.0872126e+01
   8.1000000e+01   3.0877349e+01
   8.0000000e+01   3.0882571e+01
   7.9000000e+01   3.0887794e+01
   7.8000000e+01   3.0893015e+01
   7.7000000e+01   3.0898238e+01
   7.6000000e+01   3.0903461e+01
   7.5000000e+01   3.0908682e+01
   7.4000000e+01   3.0913905e+01
   7.3000000e+01   3.0919127e+01
   7.2000000e+01   3.0924349e+01
   7.1000000e+01   3.0929572e+01
   7.0000000e+01   3.0934794e+01
   6.9000000e+01   3.0940016e+01
   6.8000000e+01   3.0945239e+01
   6.7000000e+01   3.0950461e+01
   6.6000000e+01   3.0955683e+01
   6.5000000e+01   3.1043694e+01
   6.4000000e+01   3.1196607e+01
   6.3000000e+01   3.1316102e+01
   6.2000000e+01   3.1605459e+01
   6.1000000e+01   3.2267324e+01
   6.0000000e+01   3.2646344e+01
   5.9000000e+01   3.3079753e+01
   5.8000000e+01   3.3563882e+01
   5.7000000e+01   3.4023368e+01
   5.6000000e+01   3.4509155e+01
   5.5000000e+01   3.5112726e+01
   5.4000000e+01   3.5511281e+01
   5.3000000e+01   3.5927305e+01
   5.2000000e+01   3.6321396e+01
   5.1000000e+01   3.6871862e+01
   5.0000000e+01   3.7589195e+01
   4.9000000e+01   3.8180653e+01
   4.8000000e+01   3.9040255e+01
   4.7000000e+01   4.0040160e+01
   4.6000000e+01   4.0995607e+01
   4.5000000e+01   4.1956431e+01
   4.4000000e+01   4.2670190e+01
   4.3000000e+01   4.3271572e+01
   4.2000000e+01   4.3915847e+01
   4.1000000e+01   4.4592600e+01
   4.0000000e+01   4.5352418e+01
   3.9000000e+01   4.6074162e+01
   3.8000000e+01   4.6917233e+01
   3.7000000e+01   4.7641151e+01
   3.6000000e+01   4.8303171e+01
   3.5000000e+01   4.9049413e+01
   3.4000000e+01   4.9699697e+01
   3.3000000e+01   5.0495169e+01
   3.2000000e+01   5.1152048e+01
   3.1000000e+01   5.1762242e+01
   3.0000000e+01   5.2475292e+01
   2.9000000e+01   5.3151988e+01
   2.8000000e+01   5.3754589e+01
   2.7000000e+01   5.4472903e+01
   2.6000000e+01   5.5247531e+01
   2.5000000e+01   5.6098478e+01
   2.4000000e+01   5.6911692e+01
   2.3000000e+01   5.8010950e+01
   2.2000000e+01   5.9148234e+01
   2.1000000e+01   6.0261320e+01
   2.0000000e+01   6.1364378e+01
   1.9000000e+01   6.2511242e+01
   1.8000000e+01   6.3476484e+01
   1.7000000e+01   6.4410193e+01
   1.6000000e+01   6.5647510e+01
   1.5000000e+01   6.6704096e+01
   1.4000000e+01   6.7762675e+01
   1.3000000e+01   6.8641394e+01
   1.2000000e+01   6.9828363e+01
   1.1000000e+01   7.2972950e+01
   1.0000000e+01   7.4460073e+01
   9.0000000e+00   7.5427017e+01
   8.0000000e+00   7.6123701e+01
   7.0000000e+00   7.6846960e+01
   6.0000000e+00   7.7824438e+01
   5.0000000e+00   7.8928875e+01
   4.0000000e+00   8.0153400e+01
   3.0000000e+00   8.1523033e+01
   2.0000000e+00   8.3498386e+01
   1.0000000e+00   8.6750826e+01
  -0.0000000e+00   9.4750000e+01
