0	-2e-09
0.005	5.0593e-09
0.01	1.10948e-07
0.015	5.69749e-07
0.02	1.80478e-06
0.025	4.40836e-06
0.03	9.14148e-06
0.035	1.69334e-05
0.04	2.88809e-05
0.045	4.62481e-05
0.05	7.04652e-05
0.055	0.000103128
0.06	0.000145996
0.065	0.000200994
0.07	0.000270206
0.075	0.000355878
0.08	0.000460416
0.085	0.000586381
0.09	0.000736491
0.095	0.000913617
0.1	0.00112078
0.105	0.00136115
0.11	0.00163804
0.115	0.00195491
0.12	0.00231535
0.125	0.0027231
0.13	0.00318203
0.135	0.00369612
0.14	0.0042695
0.145	0.00490639
0.15	0.00561114
0.155	0.00638823
0.16	0.0072422
0.165	0.00817771
0.17	0.00919952
0.175	0.0103125
0.18	0.0115214
0.185	0.0128315
0.19	0.0142476
0.195	0.0157748
0.2	0.0174184
0.205	0.0191835
0.21	0.0210754
0.215	0.0230992
0.22	0.0252602
0.225	0.0275637
0.23	0.0300148
0.235	0.0326189
0.24	0.0353811
0.245	0.0383066
0.25	0.0414004
0.255	0.0446675
0.26	0.048113
0.265	0.0517417
0.27	0.0555583
0.275	0.0595674
0.28	0.0637737
0.285	0.0681815
0.29	0.0727949
0.295	0.0776181
0.3	0.082655
0.305	0.0879093
0.31	0.0933843
0.315	0.0990835
0.32	0.10501
0.325	0.111166
0.33	0.117555
0.335	0.124179
0.34	0.131039
0.345	0.138138
0.35	0.145477
0.355	0.153057
0.36	0.160879
0.365	0.168943
0.37	0.177249
0.375	0.185797
0.38	0.194587
0.385	0.203617
0.39	0.212887
0.395	0.222393
0.4	0.232135
0.405	0.242109
0.41	0.252313
0.415	0.262743
0.42	0.273396
0.425	0.284267
0.43	0.295351
0.435	0.306644
0.44	0.31814
0.445	0.329833
0.45	0.341717
0.455	0.353785
0.46	0.366031
0.465	0.378445
0.47	0.391021
0.475	0.403749
0.48	0.416622
0.485	0.42963
0.49	0.442763
0.495	0.456012
0.5	0.469366
0.505	0.482814
0.51	0.496347
0.515	0.509951
0.52	0.523616
0.525	0.537329
0.53	0.55108
0.535	0.564854
0.54	0.578639
0.545	0.592423
0.55	0.606191
0.555	0.619932
0.56	0.63363
0.565	0.647273
0.57	0.660847
0.575	0.674337
0.58	0.68773
0.585	0.701012
0.59	0.714168
0.595	0.727184
0.6	0.740046
0.605	0.752739
0.61	0.765251
0.615	0.777566
0.62	0.789671
0.625	0.801552
0.63	0.813194
0.635	0.824586
0.64	0.835713
0.645	0.846562
0.65	0.857121
0.655	0.867376
0.66	0.877316
0.665	0.886928
0.67	0.896201
0.675	0.905124
0.68	0.913685
0.685	0.921874
0.69	0.929681
0.695	0.937096
0.7	0.94411
0.705	0.950714
0.71	0.956899
0.715	0.962659
0.72	0.967985
0.725	0.972872
0.73	0.977312
0.735	0.9813
0.74	0.98483
0.745	0.9879
0.75	0.990504
0.755	0.992639
0.76	0.994302
0.765	0.995492
0.77	0.996206
0.775	0.996444
0.78	0.996206
0.785	0.995492
0.79	0.994302
0.795	0.992639
0.8	0.990504
0.805	0.9879
0.81	0.984831
0.815	0.9813
0.82	0.977312
0.825	0.972872
0.83	0.967986
0.835	0.962659
0.84	0.9569
0.845	0.950714
0.85	0.94411
0.855	0.937096
0.86	0.929681
0.865	0.921875
0.87	0.913685
0.875	0.905124
0.88	0.896202
0.885	0.886929
0.89	0.877316
0.895	0.867377
0.9	0.857121
0.905	0.846563
0.91	0.835714
0.915	0.824587
0.92	0.813195
0.925	0.801552
0.93	0.789672
0.935	0.777567
0.94	0.765252
0.945	0.75274
0.95	0.740047
0.955	0.727185
0.96	0.714169
0.965	0.701013
0.97	0.687731
0.975	0.674338
0.98	0.660848
0.985	0.647274
0.99	0.633631
0.995	0.619933
1	0.606192
1.005	0.592423
1.01	0.57864
1.015	0.564854
1.02	0.55108
1.025	0.53733
1.03	0.523617
1.035	0.509952
1.04	0.496347
1.045	0.482815
1.05	0.469367
1.055	0.456013
1.06	0.442764
1.065	0.429631
1.07	0.416623
1.075	0.40375
1.08	0.391021
1.085	0.378446
1.09	0.366031
1.095	0.353786
1.1	0.341718
1.105	0.329834
1.11	0.318141
1.115	0.306645
1.12	0.295352
1.125	0.284267
1.13	0.273397
1.135	0.262744
1.14	0.252314
1.145	0.24211
1.15	0.232136
1.155	0.222394
1.16	0.212887
1.165	0.203618
1.17	0.194588
1.175	0.185798
1.18	0.177249
1.185	0.168943
1.19	0.160879
1.195	0.153057
1.2	0.145477
1.205	0.138139
1.21	0.13104
1.215	0.124179
1.22	0.117555
1.225	0.111167
1.23	0.10501
1.235	0.0990839
1.24	0.0933847
1.245	0.0879096
1.25	0.0826554
1.255	0.0776185
1.26	0.0727952
1.265	0.0681817
1.27	0.063774
1.275	0.0595677
1.28	0.0555585
1.285	0.0517419
1.29	0.0481132
1.295	0.0446678
1.3	0.0414006
1.305	0.0383068
1.31	0.0353813
1.315	0.0326191
1.32	0.030015
1.325	0.0275638
1.33	0.0252603
1.335	0.0230993
1.34	0.0210755
1.345	0.0191836
1.35	0.0174185
1.355	0.0157749
1.36	0.0142476
1.365	0.0128316
1.37	0.0115215
1.375	0.0103125
1.38	0.00919959
1.385	0.00817777
1.39	0.00724225
1.395	0.00638828
1.4	0.00561119
1.405	0.00490643
1.41	0.00426953
1.415	0.00369616
1.42	0.00318206
1.425	0.00272313
1.43	0.00231538
1.435	0.00195493
1.44	0.00163806
1.445	0.00136116
1.45	0.00112079
1.455	0.000913629
1.46	0.000736502
1.465	0.00058639
1.47	0.000460423
1.475	0.000355884
1.48	0.000270211
1.485	0.000200998
1.49	0.000145999
1.495	0.00010313
1.5	7.0467e-05
1.505	4.62494e-05
1.51	2.88818e-05
1.515	1.6934e-05
1.52	9.14187e-06
1.525	4.40859e-06
1.53	1.8049e-06
1.535	5.69798e-07
1.54	1.10962e-07
1.545	5.06112e-09
1.55	-2e-09
1.555	0
1.56	0
1.565	0
1.57	0
1.575	0
1.58	0
1.585	0
1.59	0
1.595	0
1.6	0
1.605	0
1.61	0
1.615	0
1.62	0
1.625	0
1.63	0
1.635	0
1.64	0
1.645	0
1.65	0
1.655	0
1.66	0
1.665	0
1.67	0
1.675	0
1.68	0
1.685	0
1.69	0
1.695	0
1.7	0
1.705	0
1.71	0
1.715	0
1.72	0
1.725	0
1.73	0
1.735	0
1.74	0
1.745	0
1.75	0
1.755	0
1.76	0
1.765	0
1.77	0
1.775	0
1.78	0
1.785	0
1.79	0
1.795	0
1.8	0
1.805	0
1.81	0
1.815	0
1.82	0
1.825	0
1.83	0
1.835	0
1.84	0
1.845	0
1.85	0
1.855	0
1.86	0
1.865	0
1.87	0
1.875	0
1.88	0
1.885	0
1.89	0
1.895	0
1.9	0
1.905	0
1.91	0
1.915	0
1.92	0
1.925	0
1.93	0
1.935	0
1.94	0
1.945	0
1.95	0
1.955	0
1.96	0
1.965	0
1.97	0
1.975	0
1.98	0
1.985	0
1.99	0
1.995	0
2	0
2.005	0
2.01	0
2.015	0
2.02	0
2.025	0
2.03	0
2.035	0
2.04	0
2.045	0
2.05	0
2.055	0
2.06	0
2.065	0
2.07	0
2.075	0
2.08	0
2.085	0
2.09	0
2.095	0
2.1	0
2.105	0
2.11	0
2.115	0
2.12	0
2.125	0
2.13	0
2.135	0
2.14	0
2.145	0
2.15	0
2.155	0
2.16	0
2.165	0
2.17	0
2.175	0
2.18	0
2.185	0
2.19	0
2.195	0
2.2	0
2.205	0
2.21	0
2.215	0
2.22	0
2.225	0
2.23	0
2.235	0
2.24	0
2.245	0
2.25	0
2.255	0
2.26	0
2.265	0
2.27	0
2.275	0
2.28	0
2.285	0
2.29	0
2.295	0
2.3	0
2.305	0
2.31	0
2.315	0
2.32	0
2.325	0
2.33	0
2.335	0
2.34	0
2.345	0
2.35	0
2.355	0
2.36	0
2.365	0
2.37	0
2.375	0
2.38	0
2.385	0
2.39	0
2.395	0
2.4	0
2.405	0
2.41	0
2.415	0
2.42	0
2.425	0
2.43	0
2.435	0
2.44	0
2.445	0
2.45	0
2.455	0
2.46	0
2.465	0
2.47	0
2.475	0
2.48	0
2.485	0
2.49	0
2.495	0
2.5	0
2.505	0
2.51	0
2.515	0
2.52	0
2.525	0
2.53	0
2.535	0
2.54	0
2.545	0
2.55	0
2.555	0
2.56	0
2.565	0
2.57	0
2.575	0
2.58	0
2.585	0
2.59	0
2.595	0
2.6	0
2.605	0
2.61	0
2.615	0
2.62	0
2.625	0
2.63	0
2.635	0
2.64	0
2.645	0
2.65	0
2.655	0
2.66	0
2.665	0
2.67	0
2.675	0
2.68	0
2.685	0
2.69	0
2.695	0
2.7	0
2.705	0
2.71	0
2.715	0
2.72	0
2.725	0
2.73	0
2.735	0
2.74	0
2.745	0
2.75	0
2.755	0
2.76	0
2.765	0
2.77	0
2.775	0
2.78	0
2.785	0
2.79	0
2.795	0
2.8	0
2.805	0
2.81	0
2.815	0
2.82	0
2.825	0
2.83	0
2.835	0
2.84	0
2.845	0
2.85	0
2.855	0
2.86	0
2.865	0
2.87	0
2.875	0
2.88	0
2.885	0
2.89	0
2.895	0
2.9	0
2.905	0
2.91	0
2.915	0
2.92	0
2.925	0
2.93	0
2.935	0
2.94	0
2.945	0
2.95	0
2.955	0
2.96	0
2.965	0
2.97	0
2.975	0
2.98	0
2.985	0
2.99	0
2.995	0
3	0
3.005	0
3.01	0
3.015	0
3.02	0
3.025	0
3.03	0
3.035	0
3.04	0
3.045	0
3.05	0
3.055	0
3.06	0
3.065	0
3.07	0
3.075	0
3.08	0
3.085	0
3.09	0
3.095	0
3.1	0
3.105	0
3.11	0
3.115	0
3.12	0
3.125	0
3.13	0
3.135	0
3.14	0
3.145	0
3.15	0
3.155	0
3.16	0
3.165	0
3.17	0
3.175	0
3.18	0
3.185	0
3.19	0
3.195	0
3.2	0
3.205	0
3.21	0
3.215	0
3.22	0
3.225	0
3.23	0
3.235	0
3.24	0
3.245	0
3.25	0
3.255	0
3.26	0
3.265	0
3.27	0
3.275	0
3.28	0
3.285	0
3.29	0
3.295	0
3.3	0
3.305	0
3.31	0
3.315	0
3.32	0
3.325	0
3.33	0
3.335	0
3.34	0
3.345	0
3.35	0
3.355	0
3.36	0
3.365	0
3.37	0
3.375	0
3.38	0
3.385	0
3.39	0
3.395	0
3.4	0
3.405	0
3.41	0
3.415	0
3.42	0
3.425	0
3.43	0
3.435	0
3.44	0
3.445	0
3.45	0
3.455	0
3.46	0
3.465	0
3.47	0
3.475	0
3.48	0
3.485	0
3.49	0
3.495	0
3.5	0
3.505	0
3.51	0
3.515	0
3.52	0
3.525	0
3.53	0
3.535	0
3.54	0
3.545	0
3.55	0
3.555	0
3.56	0
3.565	0
3.57	0
3.575	0
3.58	0
3.585	0
3.59	0
3.595	0
3.6	0
3.605	0
3.61	0
3.615	0
3.62	0
3.625	0
3.63	0
3.635	0
3.64	0
3.645	0
3.65	0
3.655	0
3.66	0
3.665	0
3.67	0
3.675	0
3.68	0
3.685	0
3.69	0
3.695	0
3.7	0
3.705	0
3.71	0
3.715	0
3.72	0
3.725	0
3.73	0
3.735	0
3.74	0
3.745	0
3.75	0
3.755	0
3.76	0
3.765	0
3.77	0
3.775	0
3.78	0
3.785	0
3.79	0
3.795	0
3.8	0
3.805	0
3.81	0
3.815	0
3.82	0
3.825	0
3.83	0
3.835	0
3.84	0
3.845	0
3.85	0
3.855	0
3.86	0
3.865	0
3.87	0
3.875	0
3.88	0
3.885	0
3.89	0
3.895	0
3.9	0
3.905	0
3.91	0
3.915	0
3.92	0
3.925	0
3.93	0
3.935	0
3.94	0
3.945	0
3.95	0
3.955	0
3.96	0
3.965	0
3.97	0
3.975	0
3.98	0
3.985	0
3.99	0
3.995	0
4	0
4.005	0
4.01	0
4.015	0
4.02	0
4.025	0
4.03	0
4.035	0
4.04	0
4.045	0
4.05	0
4.055	0
4.06	0
4.065	0
4.07	0
4.075	0
4.08	0
4.085	0
4.09	0
4.095	0
4.1	0
4.105	0
4.11	0
4.115	0
4.12	0
4.125	0
4.13	0
4.135	0
4.14	0
4.145	0
4.15	0
4.155	0
4.16	0
4.165	0
4.17	0
4.175	0
4.18	0
4.185	0
4.19	0
4.195	0
4.2	0
4.205	0
4.21	0
4.215	0
4.22	0
4.225	0
4.23	0
4.235	0
4.24	0
4.245	0
4.25	0
4.255	0
4.26	0
4.265	0
4.27	0
4.275	0
4.28	0
4.285	0
4.29	0
4.295	0
4.3	0
4.305	0
4.31	0
4.315	0
4.32	0
4.325	0
4.33	0
4.335	0
4.34	0
4.345	0
4.35	0
4.355	0
4.36	0
4.365	0
4.37	0
4.375	0
4.38	0
4.385	0
4.39	0
4.395	0
4.4	0
4.405	0
4.41	0
4.415	0
4.42	0
4.425	0
4.43	0
4.435	0
4.44	0
4.445	0
4.45	0
4.455	0
4.46	0
4.465	0
4.47	0
4.475	0
4.48	0
4.485	0
4.49	0
4.495	0
4.5	0
4.505	0
4.51	0
4.515	0
4.52	0
4.525	0
4.53	0
4.535	0
4.54	0
4.545	0
4.55	0
4.555	0
4.56	0
4.565	0
4.57	0
4.575	0
4.58	0
4.585	0
4.59	0
4.595	0
4.6	0
4.605	0
4.61	0
4.615	0
4.62	0
4.625	0
4.63	0
4.635	0
4.64	0
4.645	0
4.65	0
4.655	0
4.66	0
4.665	0
4.67	0
4.675	0
4.68	0
4.685	0
4.69	0
4.695	0
4.7	0
4.705	0
4.71	0
4.715	0
4.72	0
4.725	0
4.73	0
4.735	0
4.74	0
4.745	0
4.75	0
4.755	0
4.76	0
4.765	0
4.77	0
4.775	0
4.78	0
4.785	0
4.79	0
4.795	0
4.8	0
4.805	0
4.81	0
4.815	0
4.82	0
4.825	0
4.83	0
4.835	0
4.84	0
4.845	0
4.85	0
4.855	0
4.86	0
4.865	0
4.87	0
4.875	0
4.88	0
4.885	0
4.89	0
4.895	0
4.9	0
4.905	0
4.91	0
4.915	0
4.92	0
4.925	0
4.93	0
4.935	0
4.94	0
4.945	0
4.95	0
4.955	0
4.96	0
4.965	0
4.97	0
4.975	0
4.98	0
4.985	0
4.99	0
4.995	0
5	0
5.005	0
5.01	0
5.015	0
5.02	0
5.025	0
5.03	0
5.035	0
5.04	0
5.045	0
5.05	0
5.055	0
5.06	0
5.065	0
5.07	0
5.075	0
5.08	0
5.085	0
5.09	0
5.095	0
5.1	0
5.105	0
5.11	0
5.115	0
5.12	0
5.125	0
5.13	0
5.135	0
5.14	0
5.145	0
5.15	0
5.155	0
5.16	0
5.165	0
5.17	0
5.175	0
5.18	0
5.185	0
5.19	0
5.195	0
5.2	0
5.205	0
5.21	0
5.215	0
5.22	0
5.225	0
5.23	0
5.235	0
5.24	0
5.245	0
5.25	0
5.255	0
5.26	0
5.265	0
5.27	0
5.275	0
5.28	0
5.285	0
5.29	0
5.295	0
5.3	0
5.305	0
5.31	0
5.315	0
5.32	0
5.325	0
5.33	0
5.335	0
5.34	0
5.345	0
5.35	0
5.355	0
5.36	0
5.365	0
5.37	0
5.375	0
5.38	0
5.385	0
5.39	0
5.395	0
5.4	0
5.405	0
5.41	0
5.415	0
5.42	0
5.425	0
5.43	0
5.435	0
5.44	0
5.445	0
5.45	0
5.455	0
5.46	0
5.465	0
5.47	0
5.475	0
5.48	0
5.485	0
5.49	0
5.495	0
5.5	0
5.505	0
5.51	0
5.515	0
5.52	0
5.525	0
5.53	0
5.535	0
5.54	0
5.545	0
5.55	0
5.555	0
5.56	0
5.565	0
5.57	0
5.575	0
5.58	0
5.585	0
5.59	0
5.595	0
5.6	0
5.605	0
5.61	0
5.615	0
5.62	0
5.625	0
5.63	0
5.635	0
5.64	0
5.645	0
5.65	0
5.655	0
5.66	0
5.665	0
5.67	0
5.675	0
5.68	0
5.685	0
5.69	0
5.695	0
5.7	0
5.705	0
5.71	0
5.715	0
5.72	0
5.725	0
5.73	0
5.735	0
5.74	0
5.745	0
5.75	0
5.755	0
5.76	0
5.765	0
5.77	0
5.775	0
5.78	0
5.785	0
5.79	0
5.795	0
5.8	0
5.805	0
5.81	0
5.815	0
5.82	0
5.825	0
5.83	0
5.835	0
5.84	0
5.845	0
5.85	0
5.855	0
5.86	0
5.865	0
5.87	0
5.875	0
5.88	0
5.885	0
5.89	0
5.895	0
5.9	0
5.905	0
5.91	0
5.915	0
5.92	0
5.925	0
5.93	0
5.935	0
5.94	0
5.945	0
5.95	0
5.955	0
5.96	0
5.965	0
5.97	0
5.975	0
5.98	0
5.985	0
5.99	0
5.995	0
6	0
6.005	0
6.01	0
6.015	0
6.02	0
6.025	0
6.03	0
6.035	0
6.04	0
6.045	0
6.05	0
6.055	0
6.06	0
6.065	0
6.07	0
6.075	0
6.08	0
6.085	0
6.09	0
6.095	0
6.1	0
6.105	0
6.11	0
6.115	0
6.12	0
6.125	0
6.13	0
6.135	0
6.14	0
6.145	0
6.15	0
6.155	0
6.16	0
6.165	0
6.17	0
6.175	0
6.18	0
6.185	0
6.19	0
6.195	0
6.2	0
6.205	0
6.21	0
6.215	0
6.22	0
6.225	0
6.23	0
6.235	0
6.24	0
6.245	0
6.25	0
6.255	0
6.26	0
6.265	0
6.27	0
6.275	0
6.28	0
6.285	0
6.29	0
6.295	0
6.3	0
6.305	0
6.31	0
6.315	0
6.32	0
6.325	0
6.33	0
6.335	0
6.34	0
6.345	0
6.35	0
6.355	0
6.36	0
6.365	0
6.37	0
6.375	0
6.38	0
6.385	0
6.39	0
6.395	0
6.4	0
6.405	0
6.41	0
6.415	0
6.42	0
6.425	0
6.43	0
6.435	0
6.44	0
6.445	0
6.45	0
6.455	0
6.46	0
6.465	0
6.47	0
6.475	0
6.48	0
6.485	0
6.49	0
6.495	0
6.5	0
6.505	0
6.51	0
6.515	0
6.52	0
6.525	0
6.53	0
6.535	0
6.54	0
6.545	0
6.55	0
6.555	0
6.56	0
6.565	0
6.57	0
6.575	0
6.58	0
6.585	0
6.59	0
6.595	0
6.6	0
6.605	0
6.61	0
6.615	0
6.62	0
6.625	0
6.63	0
6.635	0
6.64	0
6.645	0
6.65	0
6.655	0
6.66	0
6.665	0
6.67	0
6.675	0
6.68	0
6.685	0
6.69	0
6.695	0
6.7	0
6.705	0
6.71	0
6.715	0
6.72	0
6.725	0
6.73	0
6.735	0
6.74	0
6.745	0
6.75	0
6.755	0
6.76	0
6.765	0
6.77	0
6.775	0
6.78	0
6.785	0
6.79	0
6.795	0
6.8	0
6.805	0
6.81	0
6.815	0
6.82	0
6.825	0
6.83	0
6.835	0
6.84	0
6.845	0
6.85	0
6.855	0
6.86	0
6.865	0
6.87	0
6.875	0
6.88	0
6.885	0
6.89	0
6.895	0
6.9	0
6.905	0
6.91	0
6.915	0
6.92	0
6.925	0
6.93	0
6.935	0
6.94	0
6.945	0
6.95	0
6.955	0
6.96	0
6.965	0
6.97	0
6.975	0
6.98	0
6.985	0
6.99	0
6.995	0
7	0
7.005	0
7.01	0
7.015	0
7.02	0
7.025	0
7.03	0
7.035	0
7.04	0
7.045	0
7.05	0
7.055	0
7.06	0
7.065	0
7.07	0
7.075	0
7.08	0
7.085	0
7.09	0
7.095	0
7.1	0
7.105	0
7.11	0
7.115	0
7.12	0
7.125	0
7.13	0
7.135	0
7.14	0
7.145	0
7.15	0
7.155	0
7.16	0
7.165	0
7.17	0
7.175	0
7.18	0
7.185	0
7.19	0
7.195	0
7.2	0
7.205	0
7.21	0
7.215	0
7.22	0
7.225	0
7.23	0
7.235	0
7.24	0
7.245	0
7.25	0
7.255	0
7.26	0
7.265	0
7.27	0
7.275	0
7.28	0
7.285	0
7.29	0
7.295	0
7.3	0
7.305	0
7.31	0
7.315	0
7.32	0
7.325	0
7.33	0
7.335	0
7.34	0
7.345	0
7.35	0
7.355	0
7.36	0
7.365	0
7.37	0
7.375	0
7.38	0
7.385	0
7.39	0
7.395	0
7.4	0
7.405	0
7.41	0
7.415	0
7.42	0
7.425	0
7.43	0
7.435	0
7.44	0
7.445	0
7.45	0
7.455	0
7.46	0
7.465	0
7.47	0
7.475	0
7.48	0
7.485	0
7.49	0
7.495	0
7.5	0
7.505	0
7.51	0
7.515	0
7.52	0
7.525	0
7.53	0
7.535	0
7.54	0
7.545	0
7.55	0
7.555	0
7.56	0
7.565	0
7.57	0
7.575	0
7.58	0
7.585	0
7.59	0
7.595	0
7.6	0
7.605	0
7.61	0
7.615	0
7.62	0
7.625	0
7.63	0
7.635	0
7.64	0
7.645	0
7.65	0
7.655	0
7.66	0
7.665	0
7.67	0
7.675	0
7.68	0
7.685	0
7.69	0
7.695	0
7.7	0
7.705	0
7.71	0
7.715	0
7.72	0
7.725	0
7.73	0
7.735	0
7.74	0
7.745	0
7.75	0
7.755	0
7.76	0
7.765	0
7.77	0
7.775	0
7.78	0
7.785	0
7.79	0
7.795	0
7.8	0
7.805	0
7.81	0
7.815	0
7.82	0
7.825	0
7.83	0
7.835	0
7.84	0
7.845	0
7.85	0
7.855	0
7.86	0
7.865	0
7.87	0
7.875	0
7.88	0
7.885	0
7.89	0
7.895	0
7.9	0
7.905	0
7.91	0
7.915	0
7.92	0
7.925	0
7.93	0
7.935	0
7.94	0
7.945	0
7.95	0
7.955	0
7.96	0
7.965	0
7.97	0
7.975	0
7.98	0
7.985	0
7.99	0
7.995	0
8	0
8.005	0
8.01	0
8.015	0
8.02	0
8.025	0
8.03	0
8.035	0
8.04	0
8.045	0
8.05	0
8.055	0
8.06	0
8.065	0
8.07	0
8.075	0
8.08	0
8.085	0
8.09	0
8.095	0
8.1	0
8.105	0
8.11	0
8.115	0
8.12	0
8.125	0
8.13	0
8.135	0
8.14	0
8.145	0
8.15	0
8.155	0
8.16	0
8.165	0
8.17	0
8.175	0
8.18	0
8.185	0
8.19	0
8.195	0
8.2	0
8.205	0
8.21	0
8.215	0
8.22	0
8.225	0
8.23	0
8.235	0
8.24	0
8.245	0
8.25	0
8.255	0
8.26	0
8.265	0
8.27	0
8.275	0
8.28	0
8.285	0
8.29	0
8.295	0
8.3	0
8.305	0
8.31	0
8.315	0
8.32	0
8.325	0
8.33	0
8.335	0
8.34	0
8.345	0
8.35	0
8.355	0
8.36	0
8.365	0
8.37	0
8.375	0
8.38	0
8.385	0
8.39	0
8.395	0
8.4	0
8.405	0
8.41	0
8.415	0
8.42	0
8.425	0
8.43	0
8.435	0
8.44	0
8.445	0
8.45	0
8.455	0
8.46	0
8.465	0
8.47	0
8.475	0
8.48	0
8.485	0
8.49	0
8.495	0
8.5	0
8.505	0
8.51	0
8.515	0
8.52	0
8.525	0
8.53	0
8.535	0
8.54	0
8.545	0
8.55	0
8.555	0
8.56	0
8.565	0
8.57	0
8.575	0
8.58	0
8.585	0
8.59	0
8.595	0
8.6	0
8.605	0
8.61	0
8.615	0
8.62	0
8.625	0
8.63	0
8.635	0
8.64	0
8.645	0
8.65	0
8.655	0
8.66	0
8.665	0
8.67	0
8.675	0
8.68	0
8.685	0
8.69	0
8.695	0
8.7	0
8.705	0
8.71	0
8.715	0
8.72	0
8.725	0
8.73	0
8.735	0
8.74	0
8.745	0
8.75	0
8.755	0
8.76	0
8.765	0
8.77	0
8.775	0
8.78	0
8.785	0
8.79	0
8.795	0
8.8	0
8.805	0
8.81	0
8.815	0
8.82	0
8.825	0
8.83	0
8.835	0
8.84	0
8.845	0
8.85	0
8.855	0
8.86	0
8.865	0
8.87	0
8.875	0
8.88	0
8.885	0
8.89	0
8.895	0
8.9	0
8.905	0
8.91	0
8.915	0
8.92	0
8.925	0
8.93	0
8.935	0
8.94	0
8.945	0
8.95	0
8.955	0
8.96	0
8.965	0
8.97	0
8.975	0
8.98	0
8.985	0
8.99	0
8.995	0
9	0
9.005	0
9.01	0
9.015	0
9.02	0
9.025	0
9.03	0
9.035	0
9.04	0
9.045	0
9.05	0
9.055	0
9.06	0
9.065	0
9.07	0
9.075	0
9.08	0
9.085	0
9.09	0
9.095	0
9.1	0
9.105	0
9.11	0
9.115	0
9.12	0
9.125	0
9.13	0
9.135	0
9.14	0
9.145	0
9.15	0
9.155	0
9.16	0
9.165	0
9.17	0
9.175	0
9.18	0
9.185	0
9.19	0
9.195	0
9.2	0
9.205	0
9.21	0
9.215	0
9.22	0
9.225	0
9.23	0
9.235	0
9.24	0
9.245	0
9.25	0
9.255	0
9.26	0
9.265	0
9.27	0
9.275	0
9.28	0
9.285	0
9.29	0
9.295	0
9.3	0
9.305	0
9.31	0
9.315	0
9.32	0
9.325	0
9.33	0
9.335	0
9.34	0
9.345	0
9.35	0
9.355	0
9.36	0
9.365	0
9.37	0
9.375	0
9.38	0
9.385	0
9.39	0
9.395	0
9.4	0
9.405	0
9.41	0
9.415	0
9.42	0
9.425	0
9.43	0
9.435	0
9.44	0
9.445	0
9.45	0
9.455	0
9.46	0
9.465	0
9.47	0
9.475	0
9.48	0
9.485	0
9.49	0
9.495	0
9.5	0
9.505	0
9.51	0
9.515	0
9.52	0
9.525	0
9.53	0
9.535	0
9.54	0
9.545	0
9.55	0
9.555	0
9.56	0
9.565	0
9.57	0
9.575	0
9.58	0
9.585	0
9.59	0
9.595	0
9.6	0
9.605	0
9.61	0
9.615	0
9.62	0
9.625	0
9.63	0
9.635	0
9.64	0
9.645	0
9.65	0
9.655	0
9.66	0
9.665	0
9.67	0
9.675	0
9.68	0
9.685	0
9.69	0
9.695	0
9.7	0
9.705	0
9.71	0
9.715	0
9.72	0
9.725	0
9.73	0
9.735	0
9.74	0
9.745	0
9.75	0
9.755	0
9.76	0
9.765	0
9.77	0
9.775	0
9.78	0
9.785	0
9.79	0
9.795	0
9.8	0
9.805	0
9.81	0
9.815	0
9.82	0
9.825	0
9.83	0
9.835	0
9.84	0
9.845	0
9.85	0
9.855	0
9.86	0
9.865	0
9.87	0
9.875	0
9.88	0
9.885	0
9.89	0
9.895	0
9.9	0
9.905	0
9.91	0
9.915	0
9.92	0
9.925	0
9.93	0
9.935	0
9.94	0
9.945	0
9.95	0
9.955	0
9.96	0
9.965	0
9.97	0
9.975	0
9.98	0
9.985	0
9.99	0
9.995	0
10	0
10.005	0
10.01	0
10.015	0
10.02	0
10.025	0
10.03	0
10.035	0
10.04	0
10.045	0
10.05	0
10.055	0
10.06	0
10.065	0
10.07	0
10.075	0
10.08	0
10.085	0
10.09	0
10.095	0
10.1	0
10.105	0
10.11	0
10.115	0
10.12	0
10.125	0
10.13	0
10.135	0
10.14	0
10.145	0
10.15	0
10.155	0
10.16	0
10.165	0
10.17	0
10.175	0
10.18	0
10.185	0
10.19	0
10.195	0
10.2	0
10.205	0
10.21	0
10.215	0
10.22	0
10.225	0
10.23	0
10.235	0
10.24	0
10.245	0
10.25	0
10.255	0
10.26	0
10.265	0
10.27	0
10.275	0
10.28	0
10.285	0
10.29	0
10.295	0
10.3	0
10.305	0
10.31	0
10.315	0
10.32	0
10.325	0
10.33	0
10.335	0
10.34	0
10.345	0
10.35	0
10.355	0
10.36	0
10.365	0
10.37	0
10.375	0
10.38	0
10.385	0
10.39	0
10.395	0
10.4	0
10.405	0
10.41	0
10.415	0
10.42	0
10.425	0
10.43	0
10.435	0
10.44	0
10.445	0
10.45	0
10.455	0
10.46	0
10.465	0
10.47	0
10.475	0
10.48	0
10.485	0
10.49	0
10.495	0
10.5	0
10.505	0
10.51	0
10.515	0
10.52	0
10.525	0
10.53	0
10.535	0
10.54	0
10.545	0
10.55	0
10.555	0
10.56	0
10.565	0
10.57	0
10.575	0
10.58	0
10.585	0
10.59	0
10.595	0
10.6	0
10.605	0
10.61	0
10.615	0
10.62	0
10.625	0
10.63	0
10.635	0
10.64	0
10.645	0
10.65	0
10.655	0
10.66	0
10.665	0
10.67	0
10.675	0
10.68	0
10.685	0
10.69	0
10.695	0
10.7	0
10.705	0
10.71	0
10.715	0
10.72	0
10.725	0
10.73	0
10.735	0
10.74	0
10.745	0
10.75	0
10.755	0
10.76	0
10.765	0
10.77	0
10.775	0
10.78	0
10.785	0
10.79	0
10.795	0
10.8	0
10.805	0
10.81	0
10.815	0
10.82	0
10.825	0
10.83	0
10.835	0
10.84	0
10.845	0
10.85	0
10.855	0
10.86	0
10.865	0
10.87	0
10.875	0
10.88	0
10.885	0
10.89	0
10.895	0
10.9	0
10.905	0
10.91	0
10.915	0
10.92	0
10.925	0
10.93	0
10.935	0
10.94	0
10.945	0
10.95	0
10.955	0
10.96	0
10.965	0
10.97	0
10.975	0
10.98	0
10.985	0
10.99	0
10.995	0
11	0
11.005	0
11.01	0
11.015	0
11.02	0
11.025	0
11.03	0
11.035	0
11.04	0
11.045	0
11.05	0
11.055	0
11.06	0
11.065	0
11.07	0
11.075	0
11.08	0
11.085	0
11.09	0
11.095	0
11.1	0
11.105	0
11.11	0
11.115	0
11.12	0
11.125	0
11.13	0
11.135	0
11.14	0
11.145	0
11.15	0
11.155	0
11.16	0
11.165	0
11.17	0
11.175	0
11.18	0
11.185	0
11.19	0
11.195	0
11.2	0
11.205	0
11.21	0
11.215	0
11.22	0
11.225	0
11.23	0
11.235	0
11.24	0
11.245	0
11.25	0
11.255	0
11.26	0
11.265	0
11.27	0
11.275	0
11.28	0
11.285	0
11.29	0
11.295	0
11.3	0
11.305	0
11.31	0
11.315	0
11.32	0
11.325	0
11.33	0
11.335	0
11.34	0
11.345	0
11.35	0
11.355	0
11.36	0
11.365	0
11.37	0
11.375	0
11.38	0
11.385	0
11.39	0
11.395	0
11.4	0
11.405	0
11.41	0
11.415	0
11.42	0
11.425	0
11.43	0
11.435	0
11.44	0
11.445	0
11.45	0
11.455	0
11.46	0
11.465	0
11.47	0
11.475	0
11.48	0
11.485	0
11.49	0
11.495	0
11.5	0
11.505	0
11.51	0
11.515	0
11.52	0
11.525	0
11.53	0
11.535	0
11.54	0
11.545	0
11.55	0
11.555	0
11.56	0
11.565	0
11.57	0
11.575	0
11.58	0
11.585	0
11.59	0
11.595	0
11.6	0
11.605	0
11.61	0
11.615	0
11.62	0
11.625	0
11.63	0
11.635	0
11.64	0
11.645	0
11.65	0
11.655	0
11.66	0
11.665	0
11.67	0
11.675	0
11.68	0
11.685	0
11.69	0
11.695	0
11.7	0
11.705	0
11.71	0
11.715	0
11.72	0
11.725	0
11.73	0
11.735	0
11.74	0
11.745	0
11.75	0
11.755	0
11.76	0
11.765	0
11.77	0
11.775	0
11.78	0
11.785	0
11.79	0
11.795	0
11.8	0
11.805	0
11.81	0
11.815	0
11.82	0
11.825	0
11.83	0
11.835	0
11.84	0
11.845	0
11.85	0
11.855	0
11.86	0
11.865	0
11.87	0
11.875	0
11.88	0
11.885	0
11.89	0
11.895	0
11.9	0
11.905	0
11.91	0
11.915	0
11.92	0
11.925	0
11.93	0
11.935	0
11.94	0
11.945	0
11.95	0
11.955	0
11.96	0
11.965	0
11.97	0
11.975	0
11.98	0
11.985	0
11.99	0
11.995	0
12	0
12.005	0
12.01	0
12.015	0
12.02	0
12.025	0
12.03	0
12.035	0
12.04	0
12.045	0
12.05	0
12.055	0
12.06	0
12.065	0
12.07	0
12.075	0
12.08	0
12.085	0
12.09	0
12.095	0
12.1	0
12.105	0
12.11	0
12.115	0
12.12	0
12.125	0
12.13	0
12.135	0
12.14	0
12.145	0
12.15	0
12.155	0
12.16	0
12.165	0
12.17	0
12.175	0
12.18	0
12.185	0
12.19	0
12.195	0
12.2	0
12.205	0
12.21	0
12.215	0
12.22	0
12.225	0
12.23	0
12.235	0
12.24	0
12.245	0
12.25	0
12.255	0
12.26	0
12.265	0
12.27	0
12.275	0
12.28	0
12.285	0
12.29	0
12.295	0
12.3	0
12.305	0
12.31	0
12.315	0
12.32	0
12.325	0
12.33	0
12.335	0
12.34	0
12.345	0
12.35	0
12.355	0
12.36	0
12.365	0
12.37	0
12.375	0
12.38	0
12.385	0
12.39	0
12.395	0
12.4	0
12.405	0
12.41	0
12.415	0
12.42	0
12.425	0
12.43	0
12.435	0
12.44	0
12.445	0
12.45	0
12.455	0
12.46	0
12.465	0
12.47	0
12.475	0
12.48	0
12.485	0
12.49	0
12.495	0
12.5	0
12.505	0
12.51	0
12.515	0
12.52	0
12.525	0
12.53	0
12.535	0
12.54	0
12.545	0
12.55	0
12.555	0
12.56	0
12.565	0
12.57	0
12.575	0
12.58	0
12.585	0
12.59	0
12.595	0
12.6	0
12.605	0
12.61	0
12.615	0
12.62	0
12.625	0
12.63	0
12.635	0
12.64	0
12.645	0
12.65	0
12.655	0
12.66	0
12.665	0
12.67	0
12.675	0
12.68	0
12.685	0
12.69	0
12.695	0
12.7	0
12.705	0
12.71	0
12.715	0
12.72	0
12.725	0
12.73	0
12.735	0
12.74	0
12.745	0
12.75	0
12.755	0
12.76	0
12.765	0
12.77	0
12.775	0
12.78	0
12.785	0
12.79	0
12.795	0
12.8	0
12.805	0
12.81	0
12.815	0
12.82	0
12.825	0
12.83	0
12.835	0
12.84	0
12.845	0
12.85	0
12.855	0
12.86	0
12.865	0
12.87	0
12.875	0
12.88	0
12.885	0
12.89	0
12.895	0
12.9	0
12.905	0
12.91	0
12.915	0
12.92	0
12.925	0
12.93	0
12.935	0
12.94	0
12.945	0
12.95	0
12.955	0
12.96	0
12.965	0
12.97	0
12.975	0
12.98	0
12.985	0
12.99	0
12.995	0
13	0
13.005	0
13.01	0
13.015	0
13.02	0
13.025	0
13.03	0
13.035	0
13.04	0
13.045	0
13.05	0
13.055	0
13.06	0
13.065	0
13.07	0
13.075	0
13.08	0
13.085	0
13.09	0
13.095	0
13.1	0
13.105	0
13.11	0
13.115	0
13.12	0
13.125	0
13.13	0
13.135	0
13.14	0
13.145	0
13.15	0
13.155	0
13.16	0
13.165	0
13.17	0
13.175	0
13.18	0
13.185	0
13.19	0
13.195	0
13.2	0
13.205	0
13.21	0
13.215	0
13.22	0
13.225	0
13.23	0
13.235	0
13.24	0
13.245	0
13.25	0
13.255	0
13.26	0
13.265	0
13.27	0
13.275	0
13.28	0
13.285	0
13.29	0
13.295	0
13.3	0
13.305	0
13.31	0
13.315	0
13.32	0
13.325	0
13.33	0
13.335	0
13.34	0
13.345	0
13.35	0
13.355	0
13.36	0
13.365	0
13.37	0
13.375	0
13.38	0
13.385	0
13.39	0
13.395	0
13.4	0
13.405	0
13.41	0
13.415	0
13.42	0
13.425	0
13.43	0
13.435	0
13.44	0
13.445	0
13.45	0
13.455	0
13.46	0
13.465	0
13.47	0
13.475	0
13.48	0
13.485	0
13.49	0
13.495	0
13.5	0
13.505	0
13.51	0
13.515	0
13.52	0
13.525	0
13.53	0
13.535	0
13.54	0
13.545	0
13.55	0
13.555	0
13.56	0
13.565	0
13.57	0
13.575	0
13.58	0
13.585	0
13.59	0
13.595	0
13.6	0
13.605	0
13.61	0
13.615	0
13.62	0
13.625	0
13.63	0
13.635	0
13.64	0
13.645	0
13.65	0
13.655	0
13.66	0
13.665	0
13.67	0
13.675	0
13.68	0
13.685	0
13.69	0
13.695	0
13.7	0
13.705	0
13.71	0
13.715	0
13.72	0
13.725	0
13.73	0
13.735	0
13.74	0
13.745	0
13.75	0
13.755	0
13.76	0
13.765	0
13.77	0
13.775	0
13.78	0
13.785	0
13.79	0
13.795	0
13.8	0
13.805	0
13.81	0
13.815	0
13.82	0
13.825	0
13.83	0
13.835	0
13.84	0
13.845	0
13.85	0
13.855	0
13.86	0
13.865	0
13.87	0
13.875	0
13.88	0
13.885	0
13.89	0
13.895	0
13.9	0
13.905	0
13.91	0
13.915	0
13.92	0
13.925	0
13.93	0
13.935	0
13.94	0
13.945	0
13.95	0
13.955	0
13.96	0
13.965	0
13.97	0
13.975	0
13.98	0
13.985	0
13.99	0
13.995	0
14	0
14.005	0
14.01	0
14.015	0
14.02	0
14.025	0
14.03	0
14.035	0
14.04	0
14.045	0
14.05	0
14.055	0
14.06	0
14.065	0
14.07	0
14.075	0
14.08	0
14.085	0
14.09	0
14.095	0
14.1	0
14.105	0
14.11	0
14.115	0
14.12	0
14.125	0
14.13	0
14.135	0
14.14	0
14.145	0
14.15	0
14.155	0
14.16	0
14.165	0
14.17	0
14.175	0
14.18	0
14.185	0
14.19	0
14.195	0
14.2	0
14.205	0
14.21	0
14.215	0
14.22	0
14.225	0
14.23	0
14.235	0
14.24	0
14.245	0
14.25	0
14.255	0
14.26	0
14.265	0
14.27	0
14.275	0
14.28	0
14.285	0
14.29	0
14.295	0
14.3	0
14.305	0
14.31	0
14.315	0
14.32	0
14.325	0
14.33	0
14.335	0
14.34	0
14.345	0
14.35	0
14.355	0
14.36	0
14.365	0
14.37	0
14.375	0
14.38	0
14.385	0
14.39	0
14.395	0
14.4	0
14.405	0
14.41	0
14.415	0
14.42	0
14.425	0
14.43	0
14.435	0
14.44	0
14.445	0
14.45	0
14.455	0
14.46	0
14.465	0
14.47	0
14.475	0
14.48	0
14.485	0
14.49	0
14.495	0
14.5	0
14.505	0
14.51	0
14.515	0
14.52	0
14.525	0
14.53	0
14.535	0
14.54	0
14.545	0
14.55	0
14.555	0
14.56	0
14.565	0
14.57	0
14.575	0
14.58	0
14.585	0
14.59	0
14.595	0
14.6	0
14.605	0
14.61	0
14.615	0
14.62	0
14.625	0
14.63	0
14.635	0
14.64	0
14.645	0
14.65	0
14.655	0
14.66	0
14.665	0
14.67	0
14.675	0
14.68	0
14.685	0
14.69	0
14.695	0
14.7	0
14.705	0
14.71	0
14.715	0
14.72	0
14.725	0
14.73	0
14.735	0
14.74	0
14.745	0
14.75	0
14.755	0
14.76	0
14.765	0
14.77	0
14.775	0
14.78	0
14.785	0
14.79	0
14.795	0
14.8	0
14.805	0
14.81	0
14.815	0
14.82	0
14.825	0
14.83	0
14.835	0
14.84	0
14.845	0
14.85	0
14.855	0
14.86	0
14.865	0
14.87	0
14.875	0
14.88	0
14.885	0
14.89	0
14.895	0
14.9	0
14.905	0
14.91	0
14.915	0
14.92	0
14.925	0
14.93	0
14.935	0
14.94	0
14.945	0
14.95	0
14.955	0
14.96	0
14.965	0
14.97	0
14.975	0
14.98	0
14.985	0
14.99	0
14.995	0
15	0
15.005	0
15.01	0
15.015	0
15.02	0
15.025	0
15.03	0
15.035	0
15.04	0
15.045	0
15.05	0
15.055	0
15.06	0
15.065	0
15.07	0
15.075	0
15.08	0
15.085	0
15.09	0
15.095	0
15.1	0
15.105	0
15.11	0
15.115	0
15.12	0
15.125	0
15.13	0
15.135	0
15.14	0
15.145	0
15.15	0
15.155	0
15.16	0
15.165	0
15.17	0
15.175	0
15.18	0
15.185	0
15.19	0
15.195	0
15.2	0
15.205	0
15.21	0
15.215	0
15.22	0
15.225	0
15.23	0
15.235	0
15.24	0
15.245	0
15.25	0
15.255	0
15.26	0
15.265	0
15.27	0
15.275	0
15.28	0
15.285	0
15.29	0
15.295	0
15.3	0
15.305	0
15.31	0
15.315	0
15.32	0
15.325	0
15.33	0
15.335	0
15.34	0
15.345	0
15.35	0
15.355	0
15.36	0
15.365	0
15.37	0
15.375	0
15.38	0
15.385	0
15.39	0
15.395	0
15.4	0
15.405	0
15.41	0
15.415	0
15.42	0
15.425	0
15.43	0
15.435	0
15.44	0
15.445	0
15.45	0
15.455	0
15.46	0
15.465	0
15.47	0
15.475	0
15.48	0
15.485	0
15.49	0
15.495	0
15.5	0
15.505	0
15.51	0
15.515	0
15.52	0
15.525	0
15.53	0
15.535	0
15.54	0
15.545	0
15.55	0
15.555	0
15.56	0
15.565	0
15.57	0
15.575	0
15.58	0
15.585	0
15.59	0
15.595	0
15.6	0
15.605	0
15.61	0
15.615	0
15.62	0
15.625	0
15.63	0
15.635	0
15.64	0
15.645	0
15.65	0
15.655	0
15.66	0
15.665	0
15.67	0
15.675	0
15.68	0
15.685	0
15.69	0
15.695	0
15.7	0
15.705	0
15.71	0
15.715	0
15.72	0
15.725	0
15.73	0
15.735	0
15.74	0
15.745	0
15.75	0
15.755	0
15.76	0
15.765	0
15.77	0
15.775	0
15.78	0
15.785	0
15.79	0
15.795	0
15.8	0
15.805	0
15.81	0
15.815	0
15.82	0
15.825	0
15.83	0
15.835	0
15.84	0
15.845	0
15.85	0
15.855	0
15.86	0
15.865	0
15.87	0
15.875	0
15.88	0
15.885	0
15.89	0
15.895	0
15.9	0
15.905	0
15.91	0
15.915	0
15.92	0
15.925	0
15.93	0
15.935	0
15.94	0
15.945	0
15.95	0
15.955	0
15.96	0
15.965	0
15.97	0
15.975	0
15.98	0
15.985	0
15.99	0
15.995	0
16	0
16.005	0
16.01	0
16.015	0
16.02	0
16.025	0
16.03	0
16.035	0
16.04	0
16.045	0
16.05	0
16.055	0
16.06	0
16.065	0
16.07	0
16.075	0
16.08	0
16.085	0
16.09	0
16.095	0
16.1	0
16.105	0
16.11	0
16.115	0
16.12	0
16.125	0
16.13	0
16.135	0
16.14	0
16.145	0
16.15	0
16.155	0
16.16	0
16.165	0
16.17	0
16.175	0
16.18	0
16.185	0
16.19	0
16.195	0
16.2	0
16.205	0
16.21	0
16.215	0
16.22	0
16.225	0
16.23	0
16.235	0
16.24	0
16.245	0
16.25	0
16.255	0
16.26	0
16.265	0
16.27	0
16.275	0
16.28	0
16.285	0
16.29	0
16.295	0
16.3	0
16.305	0
16.31	0
16.315	0
16.32	0
16.325	0
16.33	0
16.335	0
16.34	0
16.345	0
16.35	0
16.355	0
16.36	0
16.365	0
16.37	0
16.375	0
16.38	0
16.385	0
16.39	0
16.395	0
16.4	0
16.405	0
16.41	0
16.415	0
16.42	0
16.425	0
16.43	0
16.435	0
16.44	0
16.445	0
16.45	0
16.455	0
16.46	0
16.465	0
16.47	0
16.475	0
16.48	0
16.485	0
16.49	0
16.495	0
16.5	0
16.505	0
16.51	0
16.515	0
16.52	0
16.525	0
16.53	0
16.535	0
16.54	0
16.545	0
16.55	0
16.555	0
16.56	0
16.565	0
16.57	0
16.575	0
16.58	0
16.585	0
16.59	0
16.595	0
16.6	0
16.605	0
16.61	0
16.615	0
16.62	0
16.625	0
16.63	0
16.635	0
16.64	0
16.645	0
16.65	0
16.655	0
16.66	0
16.665	0
16.67	0
16.675	0
16.68	0
16.685	0
16.69	0
16.695	0
16.7	0
16.705	0
16.71	0
16.715	0
16.72	0
16.725	0
16.73	0
16.735	0
16.74	0
16.745	0
16.75	0
16.755	0
16.76	0
16.765	0
16.77	0
16.775	0
16.78	0
16.785	0
16.79	0
16.795	0
16.8	0
16.805	0
16.81	0
16.815	0
16.82	0
16.825	0
16.83	0
16.835	0
16.84	0
16.845	0
16.85	0
16.855	0
16.86	0
16.865	0
16.87	0
16.875	0
16.88	0
16.885	0
16.89	0
16.895	0
16.9	0
16.905	0
16.91	0
16.915	0
16.92	0
16.925	0
16.93	0
16.935	0
16.94	0
16.945	0
16.95	0
16.955	0
16.96	0
16.965	0
16.97	0
16.975	0
16.98	0
16.985	0
16.99	0
16.995	0
17	0
17.005	0
17.01	0
17.015	0
17.02	0
17.025	0
17.03	0
17.035	0
17.04	0
17.045	0
17.05	0
17.055	0
17.06	0
17.065	0
17.07	0
17.075	0
17.08	0
17.085	0
17.09	0
17.095	0
17.1	0
17.105	0
17.11	0
17.115	0
17.12	0
17.125	0
17.13	0
17.135	0
17.14	0
17.145	0
17.15	0
17.155	0
17.16	0
17.165	0
17.17	0
17.175	0
17.18	0
17.185	0
17.19	0
17.195	0
17.2	0
17.205	0
17.21	0
17.215	0
17.22	0
17.225	0
17.23	0
17.235	0
17.24	0
17.245	0
17.25	0
17.255	0
17.26	0
17.265	0
17.27	0
17.275	0
17.28	0
17.285	0
17.29	0
17.295	0
17.3	0
17.305	0
17.31	0
17.315	0
17.32	0
17.325	0
17.33	0
17.335	0
17.34	0
17.345	0
17.35	0
17.355	0
17.36	0
17.365	0
17.37	0
17.375	0
17.38	0
17.385	0
17.39	0
17.395	0
17.4	0
17.405	0
17.41	0
17.415	0
17.42	0
17.425	0
17.43	0
17.435	0
17.44	0
17.445	0
17.45	0
17.455	0
17.46	0
17.465	0
17.47	0
17.475	0
17.48	0
17.485	0
17.49	0
17.495	0
17.5	0
17.505	0
17.51	0
17.515	0
17.52	0
17.525	0
17.53	0
17.535	0
17.54	0
17.545	0
17.55	0
17.555	0
17.56	0
17.565	0
17.57	0
17.575	0
17.58	0
17.585	0
17.59	0
17.595	0
17.6	0
17.605	0
17.61	0
17.615	0
17.62	0
17.625	0
17.63	0
17.635	0
17.64	0
17.645	0
17.65	0
17.655	0
17.66	0
17.665	0
17.67	0
17.675	0
17.68	0
17.685	0
17.69	0
17.695	0
17.7	0
17.705	0
17.71	0
17.715	0
17.72	0
17.725	0
17.73	0
17.735	0
17.74	0
17.745	0
17.75	0
17.755	0
17.76	0
17.765	0
17.77	0
17.775	0
17.78	0
17.785	0
17.79	0
17.795	0
17.8	0
17.805	0
17.81	0
17.815	0
17.82	0
17.825	0
17.83	0
17.835	0
17.84	0
17.845	0
17.85	0
17.855	0
17.86	0
17.865	0
17.87	0
17.875	0
17.88	0
17.885	0
17.89	0
17.895	0
17.9	0
17.905	0
17.91	0
17.915	0
17.92	0
17.925	0
17.93	0
17.935	0
17.94	0
17.945	0
17.95	0
17.955	0
17.96	0
17.965	0
17.97	0
17.975	0
17.98	0
17.985	0
17.99	0
17.995	0
18	0
18.005	0
18.01	0
18.015	0
18.02	0
18.025	0
18.03	0
18.035	0
18.04	0
18.045	0
18.05	0
18.055	0
18.06	0
18.065	0
18.07	0
18.075	0
18.08	0
18.085	0
18.09	0
18.095	0
18.1	0
18.105	0
18.11	0
18.115	0
18.12	0
18.125	0
18.13	0
18.135	0
18.14	0
18.145	0
18.15	0
18.155	0
18.16	0
18.165	0
18.17	0
18.175	0
18.18	0
18.185	0
18.19	0
18.195	0
18.2	0
18.205	0
18.21	0
18.215	0
18.22	0
18.225	0
18.23	0
18.235	0
18.24	0
18.245	0
18.25	0
18.255	0
18.26	0
18.265	0
18.27	0
18.275	0
18.28	0
18.285	0
18.29	0
18.295	0
18.3	0
18.305	0
18.31	0
18.315	0
18.32	0
18.325	0
18.33	0
18.335	0
18.34	0
18.345	0
18.35	0
18.355	0
18.36	0
18.365	0
18.37	0
18.375	0
18.38	0
18.385	0
18.39	0
18.395	0
18.4	0
18.405	0
18.41	0
18.415	0
18.42	0
18.425	0
18.43	0
18.435	0
18.44	0
18.445	0
18.45	0
18.455	0
18.46	0
18.465	0
18.47	0
18.475	0
18.48	0
18.485	0
18.49	0
18.495	0
18.5	0
18.505	0
18.51	0
18.515	0
18.52	0
18.525	0
18.53	0
18.535	0
18.54	0
18.545	0
18.55	0
18.555	0
18.56	0
18.565	0
18.57	0
18.575	0
18.58	0
18.585	0
18.59	0
18.595	0
18.6	0
18.605	0
18.61	0
18.615	0
18.62	0
18.625	0
18.63	0
18.635	0
18.64	0
18.645	0
18.65	0
18.655	0
18.66	0
18.665	0
18.67	0
18.675	0
18.68	0
18.685	0
18.69	0
18.695	0
18.7	0
18.705	0
18.71	0
18.715	0
18.72	0
18.725	0
18.73	0
18.735	0
18.74	0
18.745	0
18.75	0
18.755	0
18.76	0
18.765	0
18.77	0
18.775	0
18.78	0
18.785	0
18.79	0
18.795	0
18.8	0
18.805	0
18.81	0
18.815	0
18.82	0
18.825	0
18.83	0
18.835	0
18.84	0
18.845	0
18.85	0
18.855	0
18.86	0
18.865	0
18.87	0
18.875	0
18.88	0
18.885	0
18.89	0
18.895	0
18.9	0
18.905	0
18.91	0
18.915	0
18.92	0
18.925	0
18.93	0
18.935	0
18.94	0
18.945	0
18.95	0
18.955	0
18.96	0
18.965	0
18.97	0
18.975	0
18.98	0
18.985	0
18.99	0
18.995	0
19	0
19.005	0
19.01	0
19.015	0
19.02	0
19.025	0
19.03	0
19.035	0
19.04	0
19.045	0
19.05	0
19.055	0
19.06	0
19.065	0
19.07	0
19.075	0
19.08	0
19.085	0
19.09	0
19.095	0
19.1	0
19.105	0
19.11	0
19.115	0
19.12	0
19.125	0
19.13	0
19.135	0
19.14	0
19.145	0
19.15	0
19.155	0
19.16	0
19.165	0
19.17	0
19.175	0
19.18	0
19.185	0
19.19	0
19.195	0
19.2	0
19.205	0
19.21	0
19.215	0
19.22	0
19.225	0
19.23	0
19.235	0
19.24	0
19.245	0
19.25	0
19.255	0
19.26	0
19.265	0
19.27	0
19.275	0
19.28	0
19.285	0
19.29	0
19.295	0
19.3	0
19.305	0
19.31	0
19.315	0
19.32	0
19.325	0
19.33	0
19.335	0
19.34	0
19.345	0
19.35	0
19.355	0
19.36	0
19.365	0
19.37	0
19.375	0
19.38	0
19.385	0
19.39	0
19.395	0
19.4	0
19.405	0
19.41	0
19.415	0
19.42	0
19.425	0
19.43	0
19.435	0
19.44	0
19.445	0
19.45	0
19.455	0
19.46	0
19.465	0
19.47	0
19.475	0
19.48	0
19.485	0
19.49	0
19.495	0
19.5	0
19.505	0
19.51	0
19.515	0
19.52	0
19.525	0
19.53	0
19.535	0
19.54	0
19.545	0
19.55	0
19.555	0
19.56	0
19.565	0
19.57	0
19.575	0
19.58	0
19.585	0
19.59	0
19.595	0
19.6	0
19.605	0
19.61	0
19.615	0
19.62	0
19.625	0
19.63	0
19.635	0
19.64	0
19.645	0
19.65	0
19.655	0
19.66	0
19.665	0
19.67	0
19.675	0
19.68	0
19.685	0
19.69	0
19.695	0
19.7	0
19.705	0
19.71	0
19.715	0
19.72	0
19.725	0
19.73	0
19.735	0
19.74	0
19.745	0
19.75	0
19.755	0
19.76	0
19.765	0
19.77	0
19.775	0
19.78	0
19.785	0
19.79	0
19.795	0
19.8	0
19.805	0
19.81	0
19.815	0
19.82	0
19.825	0
19.83	0
19.835	0
19.84	0
19.845	0
19.85	0
19.855	0
19.86	0
19.865	0
19.87	0
19.875	0
19.88	0
19.885	0
19.89	0
19.895	0
19.9	0
19.905	0
19.91	0
19.915	0
19.92	0
19.925	0
19.93	0
19.935	0
19.94	0
19.945	0
19.95	0
19.955	0
19.96	0
19.965	0
19.97	0
19.975	0
19.98	0
19.985	0
19.99	0
19.995	0
20	0
