0	0
0.005	0
0.01	0
0.015	0
0.02	0
0.025	0
0.03	0
0.035	0
0.04	0
0.045	0
0.05	0
0.055	0
0.06	0
0.065	0
0.07	0
0.075	0
0.08	0
0.085	0
0.09	0
0.095	0
0.1	0
0.105	0
0.11	0
0.115	0
0.12	0
0.125	0
0.13	0
0.135	0
0.14	0
0.145	0
0.15	0
0.155	0
0.16	0
0.165	0
0.17	0
0.175	0
0.18	0
0.185	0
0.19	0
0.195	0
0.2	0
0.205	0
0.21	0
0.215	0
0.22	0
0.225	0
0.23	0
0.235	0
0.24	0
0.245	0
0.25	0
0.255	0
0.26	0
0.265	0
0.27	0
0.275	0
0.28	0
0.285	0
0.29	0
0.295	0
0.3	0
0.305	0
0.31	0
0.315	0
0.32	0
0.325	0
0.33	0
0.335	0
0.34	0
0.345	0
0.35	0
0.355	-1.51754e-50
0.36	-1.4021e-48
0.365	-6.39592e-47
0.37	-1.91312e-45
0.375	-4.19657e-44
0.38	-7.1336e-43
0.385	-9.62896e-42
0.39	-1.02715e-40
0.395	-8.13144e-40
0.4	-3.37108e-39
0.405	2.77039e-38
0.41	8.58038e-37
0.415	1.26413e-35
0.42	1.43202e-34
0.425	1.38044e-33
0.43	1.18013e-32
0.435	9.14739e-32
0.44	6.51836e-31
0.445	4.31156e-30
0.45	2.66624e-29
0.455	1.55013e-28
0.46	8.51173e-28
0.465	4.43098e-27
0.47	2.1939e-26
0.475	1.03606e-25
0.48	4.67812e-25
0.485	2.02406e-24
0.49	8.40783e-24
0.495	3.35906e-23
0.5	1.29275e-22
0.505	4.79963e-22
0.51	1.72136e-21
0.515	5.97089e-21
0.52	2.0054e-20
0.525	6.52844e-20
0.53	2.062e-19
0.535	6.32462e-19
0.54	1.88544e-18
0.545	5.46728e-18
0.55	1.54323e-17
0.555	4.24328e-17
0.56	1.13728e-16
0.565	2.97308e-16
0.57	7.5853e-16
0.575	1.88979e-15
0.58	4.60005e-15
0.585	1.09457e-14
0.59	2.54721e-14
0.595	5.80009e-14
0.6	1.29284e-13
0.605	2.82218e-13
0.61	6.03576e-13
0.615	1.2652e-12
0.62	2.60036e-12
0.625	5.2422e-12
0.63	1.03694e-11
0.635	2.0133e-11
0.64	3.83812e-11
0.645	7.18663e-11
0.65	1.3221e-10
0.655	2.3904e-10
0.66	4.24884e-10
0.665	7.42659e-10
0.67	1.27688e-09
0.675	2.16011e-09
0.68	3.5965e-09
0.685	5.89491e-09
0.69	9.51439e-09
0.695	1.51252e-08
0.7	2.36892e-08
0.705	3.65621e-08
0.71	5.56228e-08
0.715	8.34296e-08
0.72	1.23407e-07
0.725	1.80057e-07
0.73	2.59204e-07
0.735	3.68245e-07
0.74	5.16414e-07
0.745	7.15042e-07
0.75	9.77784e-07
0.755	1.32081e-06
0.76	1.7629e-06
0.765	2.32551e-06
0.77	3.03266e-06
0.775	3.91072e-06
0.78	4.98808e-06
0.785	6.29468e-06
0.79	7.86139e-06
0.795	9.71931e-06
0.8	1.1899e-05
0.805	1.44297e-05
0.81	1.73385e-05
0.815	2.06498e-05
0.82	2.43845e-05
0.825	2.85598e-05
0.83	3.3189e-05
0.835	3.82817e-05
0.84	4.38438e-05
0.845	4.98786e-05
0.85	5.6387e-05
0.855	6.33692e-05
0.86	7.08253e-05
0.865	7.87565e-05
0.87	8.71665e-05
0.875	9.60622e-05
0.88	0.000105454
0.885	0.000115358
0.89	0.000125793
0.895	0.000136785
0.9	0.00014836
0.905	0.000160552
0.91	0.000173393
0.915	0.00018692
0.92	0.000201168
0.925	0.000216171
0.93	0.000231964
0.935	0.000248578
0.94	0.000266042
0.945	0.000284383
0.95	0.000303626
0.955	0.000323794
0.96	0.000344908
0.965	0.000366988
0.97	0.000390052
0.975	0.000414121
0.98	0.000439211
0.985	0.000465341
0.99	0.000492528
0.995	0.000520789
1	0.000550141
1.005	0.000580598
1.01	0.000612176
1.015	0.000644886
1.02	0.00067874
1.025	0.000713748
1.03	0.000749917
1.035	0.000787253
1.04	0.000825763
1.045	0.000865448
1.05	0.000906313
1.055	0.000948357
1.06	0.000991581
1.065	0.00103598
1.07	0.00108156
1.075	0.0011283
1.08	0.00117621
1.085	0.00122525
1.09	0.00127543
1.095	0.00132672
1.1	0.00137909
1.105	0.00143251
1.11	0.00148697
1.115	0.00154242
1.12	0.00159883
1.125	0.00165618
1.13	0.00171442
1.135	0.00177352
1.14	0.00183344
1.145	0.00189415
1.15	0.0019556
1.155	0.00201775
1.16	0.00208054
1.165	0.00214394
1.17	0.00220789
1.175	0.00227234
1.18	0.00233722
1.185	0.0024025
1.19	0.00246809
1.195	0.00253395
1.2	0.0026
1.205	0.00266617
1.21	0.00273239
1.215	0.00279859
1.22	0.00286469
1.225	0.00293062
1.23	0.0029963
1.235	0.00306167
1.24	0.00312666
1.245	0.0031912
1.25	0.00325523
1.255	0.00331868
1.26	0.00338147
1.265	0.00344352
1.27	0.00350476
1.275	0.00356509
1.28	0.00362444
1.285	0.00368272
1.29	0.00373984
1.295	0.00379574
1.3	0.00385034
1.305	0.00390354
1.31	0.00395528
1.315	0.00400547
1.32	0.00405403
1.325	0.00410086
1.33	0.00414588
1.335	0.00418898
1.34	0.00423007
1.345	0.00426907
1.35	0.00430587
1.355	0.00434039
1.36	0.00437255
1.365	0.00440226
1.37	0.00442946
1.375	0.00445405
1.38	0.00447597
1.385	0.00449513
1.39	0.00451147
1.395	0.00452489
1.4	0.00453534
1.405	0.00454273
1.41	0.004547
1.415	0.00454808
1.42	0.00454592
1.425	0.00454046
1.43	0.00453163
1.435	0.00451939
1.44	0.00450367
1.445	0.00448443
1.45	0.0044616
1.455	0.00443515
1.46	0.00440502
1.465	0.00437118
1.47	0.00433359
1.475	0.00429222
1.48	0.00424707
1.485	0.0041981
1.49	0.00414531
1.495	0.00408869
1.5	0.00402823
1.505	0.00396395
1.51	0.00389584
1.515	0.00382391
1.52	0.00374818
1.525	0.00366866
1.53	0.00358538
1.535	0.00349837
1.54	0.00340766
1.545	0.00331329
1.55	0.0032153
1.555	0.00311373
1.56	0.00300864
1.565	0.00290009
1.57	0.00278814
1.575	0.00267285
1.58	0.00255431
1.585	0.0024326
1.59	0.0023078
1.595	0.00217999
1.6	0.00204928
1.605	0.00191575
1.61	0.00177951
1.615	0.00164066
1.62	0.00149929
1.625	0.00135553
1.63	0.00120946
1.635	0.00106122
1.64	0.0009109
1.645	0.000758633
1.65	0.000604535
1.655	0.000448732
1.66	0.000291353
1.665	0.000132531
1.67	-2.75986e-05
1.675	-0.000188895
1.68	-0.000351215
1.685	-0.000514418
1.69	-0.000678359
1.695	-0.000842893
1.7	-0.00100787
1.705	-0.00117316
1.71	-0.0013386
1.715	-0.00150405
1.72	-0.00166935
1.725	-0.00183436
1.73	-0.00199893
1.735	-0.0021629
1.74	-0.00232612
1.745	-0.00248844
1.75	-0.00264971
1.755	-0.00280978
1.76	-0.0029685
1.765	-0.00312573
1.77	-0.00328131
1.775	-0.00343509
1.78	-0.00358692
1.785	-0.00373667
1.79	-0.00388418
1.795	-0.00402931
1.8	-0.00417192
1.805	-0.00431188
1.81	-0.00444905
1.815	-0.0045833
1.82	-0.00471451
1.825	-0.00484256
1.83	-0.00496731
1.835	-0.00508865
1.84	-0.00520647
1.845	-0.00532066
1.85	-0.00543111
1.855	-0.00553772
1.86	-0.00564041
1.865	-0.00573907
1.87	-0.00583362
1.875	-0.00592398
1.88	-0.00601006
1.885	-0.00609179
1.89	-0.00616909
1.895	-0.0062419
1.9	-0.00631015
1.905	-0.00637379
1.91	-0.00643278
1.915	-0.00648707
1.92	-0.00653663
1.925	-0.00658145
1.93	-0.00662151
1.935	-0.00665678
1.94	-0.00668727
1.945	-0.00671296
1.95	-0.00673386
1.955	-0.00674998
1.96	-0.00676133
1.965	-0.00676793
1.97	-0.00676981
1.975	-0.006767
1.98	-0.00675954
1.985	-0.00674747
1.99	-0.00673084
1.995	-0.00670969
2	-0.0066841
2.005	-0.00665411
2.01	-0.00661979
2.015	-0.00658124
2.02	-0.00653852
2.025	-0.00649173
2.03	-0.00644096
2.035	-0.00638632
2.04	-0.00632791
2.045	-0.00626583
2.05	-0.00620021
2.055	-0.00613114
2.06	-0.00605874
2.065	-0.00598313
2.07	-0.00590444
2.075	-0.00582278
2.08	-0.00573828
2.085	-0.00565109
2.09	-0.00556132
2.095	-0.00546912
2.1	-0.00537462
2.105	-0.00527796
2.11	-0.00517927
2.115	-0.00507869
2.12	-0.00497636
2.125	-0.00487243
2.13	-0.00476704
2.135	-0.00466031
2.14	-0.0045524
2.145	-0.00444345
2.15	-0.00433359
2.155	-0.00422297
2.16	-0.00411173
2.165	-0.00400001
2.17	-0.00388795
2.175	-0.00377569
2.18	-0.00366336
2.185	-0.0035511
2.19	-0.00343904
2.195	-0.00332731
2.2	-0.00321602
2.205	-0.00310531
2.21	-0.00299528
2.215	-0.00288607
2.22	-0.00277777
2.225	-0.0026705
2.23	-0.00256435
2.235	-0.00245944
2.24	-0.00235585
2.245	-0.00225367
2.25	-0.002153
2.255	-0.00205392
2.26	-0.00195651
2.265	-0.00186086
2.27	-0.00176704
2.275	-0.00167512
2.28	-0.00158518
2.285	-0.00149728
2.29	-0.00141148
2.295	-0.00132782
2.3	-0.00124636
2.305	-0.00116713
2.31	-0.00109019
2.315	-0.00101556
2.32	-0.000943294
2.325	-0.000873424
2.33	-0.000805988
2.335	-0.00074102
2.34	-0.000678552
2.345	-0.000618609
2.35	-0.000561211
2.355	-0.000506367
2.36	-0.000454079
2.365	-0.000404338
2.37	-0.000357129
2.375	-0.000312427
2.38	-0.000270201
2.385	-0.000230412
2.39	-0.000193013
2.395	-0.000157953
2.4	-0.000125171
2.405	-9.46025e-05
2.41	-6.61778e-05
2.415	-3.98246e-05
2.42	-1.54699e-05
2.425	6.95883e-06
2.43	2.75326e-05
2.435	4.632e-05
2.44	6.33873e-05
2.445	7.87986e-05
2.45	9.26165e-05
2.455	0.000104902
2.46	0.000115718
2.465	0.000125124
2.47	0.000133186
2.475	0.000139969
2.48	0.000145541
2.485	0.000149974
2.49	0.00015334
2.495	0.000155713
2.5	0.000157166
2.505	0.000157773
2.51	0.00015761
2.515	0.000156749
2.52	0.000155264
2.525	0.000153231
2.53	0.000150726
2.535	0.000147825
2.54	0.000144604
2.545	0.00014114
2.55	0.000137509
2.555	0.000133783
2.56	0.000130035
2.565	0.000126334
2.57	0.000122749
2.575	0.000119344
2.58	0.000116184
2.585	0.00011333
2.59	0.00011084
2.595	0.00010877
2.6	0.000107172
2.605	0.000106093
2.61	0.000105581
2.615	0.000105679
2.62	0.000106431
2.625	0.00010788
2.63	0.000110067
2.635	0.000113035
2.64	0.000116825
2.645	0.000121473
2.65	0.000127014
2.655	0.00013348
2.66	0.000140896
2.665	0.000149286
2.67	0.00015867
2.675	0.000169063
2.68	0.000180482
2.685	0.000192937
2.69	0.000206437
2.695	0.00022099
2.7	0.000236598
2.705	0.000253261
2.71	0.000270974
2.715	0.000289728
2.72	0.000309509
2.725	0.000330302
2.73	0.000352087
2.735	0.000374844
2.74	0.000398554
2.745	0.000423196
2.75	0.000448752
2.755	0.000475202
2.76	0.000502525
2.765	0.000530699
2.77	0.000559695
2.775	0.000589481
2.78	0.000620016
2.785	0.000651255
2.79	0.000683147
2.795	0.000715639
2.8	0.000748676
2.805	0.000782205
2.81	0.000816173
2.815	0.000850532
2.82	0.000885235
2.825	0.000920236
2.83	0.000955488
2.835	0.000990943
2.84	0.00102655
2.845	0.00106225
2.85	0.00109799
2.855	0.00113371
2.86	0.00116935
2.865	0.00120485
2.87	0.00124017
2.875	0.00127525
2.88	0.00131004
2.885	0.00134451
2.89	0.00137862
2.895	0.00141233
2.9	0.0014456
2.905	0.0014784
2.91	0.00151068
2.915	0.00154241
2.92	0.00157353
2.925	0.001604
2.93	0.00163379
2.935	0.00166285
2.94	0.00169116
2.945	0.00171869
2.95	0.00174543
2.955	0.00177134
2.96	0.0017964
2.965	0.0018206
2.97	0.0018439
2.975	0.00186629
2.98	0.00188774
2.985	0.00190822
2.99	0.00192772
2.995	0.00194623
3	0.00196374
3.005	0.00198026
3.01	0.00199578
3.015	0.0020103
3.02	0.00202384
3.025	0.00203638
3.03	0.00204792
3.035	0.00205846
3.04	0.00206799
3.045	0.00207651
3.05	0.00208401
3.055	0.00209049
3.06	0.00209596
3.065	0.00210044
3.07	0.00210392
3.075	0.00210642
3.08	0.00210795
3.085	0.00210853
3.09	0.00210817
3.095	0.00210688
3.1	0.00210467
3.105	0.00210156
3.11	0.00209757
3.115	0.00209271
3.12	0.00208699
3.125	0.00208042
3.13	0.00207304
3.135	0.00206484
3.14	0.00205586
3.145	0.0020461
3.15	0.00203559
3.155	0.00202436
3.16	0.00201242
3.165	0.0019998
3.17	0.00198652
3.175	0.00197263
3.18	0.00195814
3.185	0.00194309
3.19	0.00192752
3.195	0.00191144
3.2	0.00189491
3.205	0.00187794
3.21	0.00186057
3.215	0.00184284
3.22	0.00182477
3.225	0.0018064
3.23	0.00178776
3.235	0.00176888
3.24	0.0017498
3.245	0.00173055
3.25	0.00171116
3.255	0.00169167
3.26	0.00167211
3.265	0.0016525
3.27	0.00163289
3.275	0.00161331
3.28	0.00159377
3.285	0.00157433
3.29	0.00155499
3.295	0.0015358
3.3	0.00151677
3.305	0.00149794
3.31	0.00147932
3.315	0.00146094
3.32	0.00144283
3.325	0.00142501
3.33	0.00140749
3.335	0.00139031
3.34	0.00137347
3.345	0.001357
3.35	0.00134092
3.355	0.00132523
3.36	0.00130996
3.365	0.00129512
3.37	0.00128072
3.375	0.00126677
3.38	0.00125328
3.385	0.00124026
3.39	0.00122772
3.395	0.00121566
3.4	0.0012041
3.405	0.00119304
3.41	0.00118247
3.415	0.00117241
3.42	0.00116284
3.425	0.00115377
3.43	0.00114519
3.435	0.00113708
3.44	0.00112944
3.445	0.00112226
3.45	0.00111551
3.455	0.00110921
3.46	0.00110334
3.465	0.00109789
3.47	0.00109287
3.475	0.00108827
3.48	0.00108408
3.485	0.00108028
3.49	0.00107688
3.495	0.00107385
3.5	0.00107118
3.505	0.00106886
3.51	0.00106685
3.515	0.00106516
3.52	0.00106377
3.525	0.00106265
3.53	0.0010618
3.535	0.0010612
3.54	0.00106082
3.545	0.00106065
3.55	0.00106067
3.555	0.00106085
3.56	0.00106117
3.565	0.00106162
3.57	0.00106218
3.575	0.00106283
3.58	0.00106357
3.585	0.00106437
3.59	0.00106522
3.595	0.00106611
3.6	0.00106701
3.605	0.00106791
3.61	0.00106879
3.615	0.00106962
3.62	0.00107039
3.625	0.00107107
3.63	0.00107164
3.635	0.00107208
3.64	0.00107236
3.645	0.00107247
3.65	0.00107238
3.655	0.00107207
3.66	0.00107151
3.665	0.00107069
3.67	0.00106957
3.675	0.00106815
3.68	0.00106639
3.685	0.00106428
3.69	0.00106178
3.695	0.00105889
3.7	0.00105558
3.705	0.00105183
3.71	0.00104762
3.715	0.00104294
3.72	0.00103777
3.725	0.0010321
3.73	0.0010259
3.735	0.00101917
3.74	0.00101188
3.745	0.00100402
3.75	0.000995575
3.755	0.000986523
3.76	0.000976852
3.765	0.00096655
3.77	0.000955601
3.775	0.000943994
3.78	0.000931716
3.785	0.000918754
3.79	0.000905098
3.795	0.000890737
3.8	0.000875667
3.805	0.000859882
3.81	0.000843381
3.815	0.000826163
3.82	0.000808228
3.825	0.000789575
3.83	0.000770204
3.835	0.000750113
3.84	0.000729299
3.845	0.000707758
3.85	0.000685487
3.855	0.00066248
3.86	0.000638734
3.865	0.000614248
3.87	0.000589022
3.875	0.000563061
3.88	0.000536374
3.885	0.000508972
3.89	0.000480869
3.895	0.00045208
3.9	0.000422616
3.905	0.000392488
3.91	0.000361705
3.915	0.000330271
3.92	0.000298194
3.925	0.00026548
3.93	0.000232141
3.935	0.000198189
3.94	0.000163643
3.945	0.00012852
3.95	9.28431e-05
3.955	5.66305e-05
3.96	1.99023e-05
3.965	-1.73229e-05
3.97	-5.50267e-05
3.975	-9.31904e-05
3.98	-0.000131794
3.985	-0.000170818
3.99	-0.000210238
3.995	-0.000250032
4	-0.000290174
4.005	-0.00033064
4.01	-0.000371404
4.015	-0.000412441
4.02	-0.000453728
4.025	-0.000495242
4.03	-0.000536961
4.035	-0.00057886
4.04	-0.000620916
4.045	-0.000663102
4.05	-0.000705388
4.055	-0.000747741
4.06	-0.000790127
4.065	-0.00083251
4.07	-0.000874857
4.075	-0.000917134
4.08	-0.000959311
4.085	-0.00100136
4.09	-0.00104325
4.095	-0.00108496
4.1	-0.00112646
4.105	-0.00116773
4.11	-0.00120873
4.115	-0.00124945
4.12	-0.00128985
4.125	-0.00132989
4.13	-0.00136957
4.135	-0.00140884
4.14	-0.00144767
4.145	-0.00148605
4.15	-0.00152392
4.155	-0.00156127
4.16	-0.00159806
4.165	-0.00163426
4.17	-0.00166986
4.175	-0.00170481
4.18	-0.00173911
4.185	-0.00177274
4.19	-0.00180566
4.195	-0.00183786
4.2	-0.00186932
4.205	-0.00189999
4.21	-0.00192987
4.215	-0.0019589
4.22	-0.00198708
4.225	-0.00201437
4.23	-0.00204076
4.235	-0.00206622
4.24	-0.00209075
4.245	-0.00211433
4.25	-0.00213694
4.255	-0.00215857
4.26	-0.00217921
4.265	-0.00219882
4.27	-0.00221739
4.275	-0.00223491
4.28	-0.00225135
4.285	-0.0022667
4.29	-0.00228094
4.295	-0.00229406
4.3	-0.00230605
4.305	-0.0023169
4.31	-0.00232661
4.315	-0.00233516
4.32	-0.00234257
4.325	-0.00234882
4.33	-0.0023539
4.335	-0.00235782
4.34	-0.00236057
4.345	-0.00236214
4.35	-0.00236253
4.355	-0.00236173
4.36	-0.00235976
4.365	-0.00235661
4.37	-0.00235228
4.375	-0.00234679
4.38	-0.00234015
4.385	-0.00233235
4.39	-0.00232341
4.395	-0.00231334
4.4	-0.00230215
4.405	-0.00228983
4.41	-0.0022764
4.415	-0.00226186
4.42	-0.00224622
4.425	-0.00222949
4.43	-0.00221169
4.435	-0.00219284
4.44	-0.00217295
4.445	-0.00215204
4.45	-0.00213014
4.455	-0.00210727
4.46	-0.00208343
4.465	-0.00205866
4.47	-0.00203297
4.475	-0.00200638
4.48	-0.0019789
4.485	-0.00195058
4.49	-0.00192142
4.495	-0.00189146
4.5	-0.00186073
4.505	-0.00182927
4.51	-0.00179709
4.515	-0.00176424
4.52	-0.00173073
4.525	-0.00169659
4.53	-0.00166185
4.535	-0.00162652
4.54	-0.00159064
4.545	-0.00155423
4.55	-0.00151732
4.555	-0.00147994
4.56	-0.00144214
4.565	-0.00140394
4.57	-0.00136538
4.575	-0.0013265
4.58	-0.00128732
4.585	-0.00124788
4.59	-0.0012082
4.595	-0.00116831
4.6	-0.00112823
4.605	-0.001088
4.61	-0.00104764
4.615	-0.00100718
4.62	-0.000966657
4.625	-0.000926103
4.63	-0.000885553
4.635	-0.00084504
4.64	-0.000804599
4.645	-0.000764261
4.65	-0.000724056
4.655	-0.000684011
4.66	-0.000644152
4.665	-0.000604503
4.67	-0.000565088
4.675	-0.000525933
4.68	-0.000487064
4.685	-0.000448508
4.69	-0.000410293
4.695	-0.000372448
4.7	-0.000335001
4.705	-0.00029798
4.71	-0.00026141
4.715	-0.000225317
4.72	-0.000189725
4.725	-0.000154656
4.73	-0.000120129
4.735	-8.61642e-05
4.74	-5.278e-05
4.745	-1.99945e-05
4.75	1.21739e-05
4.755	4.37065e-05
4.76	7.45842e-05
4.765	0.000104788
4.77	0.000134299
4.775	0.000163098
4.78	0.000191167
4.785	0.000218491
4.79	0.000245055
4.795	0.000270845
4.8	0.000295849
4.805	0.000320056
4.81	0.000343456
4.815	0.000366037
4.82	0.00038779
4.825	0.000408707
4.83	0.000428782
4.835	0.000448011
4.84	0.000466392
4.845	0.000483924
4.85	0.000500607
4.855	0.000516443
4.86	0.000531431
4.865	0.00054557
4.87	0.00055886
4.875	0.0005713
4.88	0.00058289
4.885	0.000593631
4.89	0.000603528
4.895	0.000612584
4.9	0.000620808
4.905	0.000628207
4.91	0.00063479
4.915	0.000640569
4.92	0.000645551
4.925	0.000649747
4.93	0.000653167
4.935	0.000655821
4.94	0.00065772
4.945	0.000658878
4.95	0.000659308
4.955	0.000659028
4.96	0.000658056
4.965	0.000656413
4.97	0.000654117
4.975	0.000651189
4.98	0.00064765
4.985	0.000643517
4.99	0.000638811
4.995	0.00063355
5	0.000627754
5.005	0.000621443
5.01	0.000614637
5.015	0.000607359
5.02	0.00059963
5.025	0.000591473
5.03	0.00058291
5.035	0.000573965
5.04	0.000564659
5.045	0.000555018
5.05	0.000545064
5.055	0.000534822
5.06	0.000524316
5.065	0.000513572
5.07	0.000502616
5.075	0.000491471
5.08	0.000480165
5.085	0.000468721
5.09	0.000457163
5.095	0.000445513
5.1	0.000433792
5.105	0.000422021
5.11	0.00041022
5.115	0.000398412
5.12	0.00038662
5.125	0.000374868
5.13	0.000363181
5.135	0.000351585
5.14	0.000340101
5.145	0.000328752
5.15	0.000317557
5.155	0.000306533
5.16	0.000295699
5.165	0.000285073
5.17	0.000274673
5.175	0.000264519
5.18	0.000254632
5.185	0.000245032
5.19	0.000235738
5.195	0.000226768
5.2	0.000218138
5.205	0.000209864
5.21	0.00020196
5.215	0.000194439
5.22	0.000187315
5.225	0.000180601
5.23	0.00017431
5.235	0.000168453
5.24	0.000163045
5.245	0.000158097
5.25	0.000153619
5.255	0.000149621
5.26	0.000146111
5.265	0.000143095
5.27	0.000140578
5.275	0.000138567
5.28	0.000137065
5.285	0.000136077
5.29	0.000135611
5.295	0.000135672
5.3	0.000136265
5.305	0.000137395
5.31	0.000139065
5.315	0.000141276
5.32	0.000144029
5.325	0.000147323
5.33	0.000151155
5.335	0.000155522
5.34	0.00016042
5.345	0.000165845
5.35	0.000171792
5.355	0.000178256
5.36	0.000185231
5.365	0.000192711
5.37	0.000200692
5.375	0.000209165
5.38	0.000218123
5.385	0.000227556
5.39	0.000237454
5.395	0.000247806
5.4	0.000258603
5.405	0.000269834
5.41	0.000281488
5.415	0.000293555
5.42	0.000306024
5.425	0.00031888
5.43	0.000332109
5.435	0.000345692
5.44	0.000359609
5.445	0.000373842
5.45	0.000388371
5.455	0.000403181
5.46	0.000418258
5.465	0.000433591
5.47	0.000449168
5.475	0.000464978
5.48	0.000481008
5.485	0.000497239
5.49	0.000513653
5.495	0.000530224
5.5	0.00054693
5.505	0.000563744
5.51	0.000580644
5.515	0.000597608
5.52	0.000614617
5.525	0.000631653
5.53	0.000648698
5.535	0.000665738
5.54	0.000682752
5.545	0.000699724
5.55	0.000716632
5.555	0.000733456
5.56	0.000750175
5.565	0.000766769
5.57	0.000783218
5.575	0.000799505
5.58	0.000815613
5.585	0.000831527
5.59	0.000847228
5.595	0.000862701
5.6	0.000877926
5.605	0.000892884
5.61	0.000907555
5.615	0.000921921
5.62	0.000935961
5.625	0.00094966
5.63	0.000963
5.635	0.000975968
5.64	0.00098855
5.645	0.00100073
5.65	0.0010125
5.655	0.00102384
5.66	0.00103474
5.665	0.00104518
5.67	0.00105516
5.675	0.00106465
5.68	0.00107364
5.685	0.00108213
5.69	0.0010901
5.695	0.00109753
5.7	0.00110442
5.705	0.00111076
5.71	0.00111654
5.715	0.00112174
5.72	0.00112636
5.725	0.0011304
5.73	0.00113384
5.735	0.00113668
5.74	0.00113892
5.745	0.00114056
5.75	0.00114159
5.755	0.00114199
5.76	0.00114178
5.765	0.00114094
5.77	0.00113947
5.775	0.00113737
5.78	0.00113463
5.785	0.00113126
5.79	0.00112725
5.795	0.00112261
5.8	0.00111734
5.805	0.00111146
5.81	0.00110495
5.815	0.00109783
5.82	0.00109009
5.825	0.00108175
5.83	0.00107281
5.835	0.00106327
5.84	0.00105314
5.845	0.00104242
5.85	0.00103111
5.855	0.00101922
5.86	0.00100677
5.865	0.000993762
5.87	0.000980206
5.875	0.000966115
5.88	0.000951502
5.885	0.000936378
5.89	0.000920754
5.895	0.00090464
5.9	0.000888048
5.905	0.000870989
5.91	0.000853474
5.915	0.000835518
5.92	0.000817136
5.925	0.000798343
5.93	0.000779155
5.935	0.000759586
5.94	0.00073965
5.945	0.000719359
5.95	0.000698723
5.955	0.000677754
5.96	0.000656464
5.965	0.000634865
5.97	0.000612975
5.975	0.000590812
5.98	0.000568397
5.985	0.000545752
5.99	0.000522899
5.995	0.000499858
6	0.000476647
6.005	0.000453281
6.01	0.000429774
6.015	0.00040614
6.02	0.000382393
6.025	0.000358549
6.03	0.000334622
6.035	0.000310632
6.04	0.000286597
6.045	0.000262535
6.05	0.000238465
6.055	0.000214403
6.06	0.000190365
6.065	0.000166366
6.07	0.000142419
6.075	0.000118539
6.08	9.47388e-05
6.085	7.10335e-05
6.09	4.74379e-05
6.095	2.39676e-05
6.1	6.38258e-07
6.105	-2.25343e-05
6.11	-4.55348e-05
6.115	-6.83482e-05
6.12	-9.09603e-05
6.125	-0.000113357
6.13	-0.000135527
6.135	-0.000157457
6.14	-0.000179135
6.145	-0.000200553
6.15	-0.0002217
6.155	-0.000242567
6.16	-0.000263145
6.165	-0.000283426
6.17	-0.000303399
6.175	-0.000323055
6.18	-0.000342382
6.185	-0.000361368
6.19	-0.000380003
6.195	-0.000398275
6.2	-0.000416176
6.205	-0.0004337
6.21	-0.000450842
6.215	-0.0004676
6.22	-0.000483971
6.225	-0.000499953
6.23	-0.000515542
6.235	-0.000530733
6.24	-0.000545521
6.245	-0.000559899
6.25	-0.00057386
6.255	-0.000587398
6.26	-0.000600506
6.265	-0.000613181
6.27	-0.000625422
6.275	-0.000637228
6.28	-0.0006486
6.285	-0.00065954
6.29	-0.000670051
6.295	-0.000680132
6.3	-0.000689784
6.305	-0.000699006
6.31	-0.000707798
6.315	-0.000716158
6.32	-0.000724087
6.325	-0.000731585
6.33	-0.000738656
6.335	-0.000745301
6.34	-0.000751523
6.345	-0.000757327
6.35	-0.000762713
6.355	-0.000767685
6.36	-0.000772243
6.365	-0.000776389
6.37	-0.000780126
6.375	-0.000783456
6.38	-0.000786386
6.385	-0.00078892
6.39	-0.000791064
6.395	-0.000792827
6.4	-0.000794215
6.405	-0.000795235
6.41	-0.000795892
6.415	-0.000796191
6.42	-0.000796138
6.425	-0.000795736
6.43	-0.000794991
6.435	-0.000793909
6.44	-0.000792497
6.445	-0.000790763
6.45	-0.000788716
6.455	-0.000786364
6.46	-0.000783716
6.465	-0.000780779
6.47	-0.000777559
6.475	-0.000774063
6.48	-0.000770295
6.485	-0.000766263
6.49	-0.000761973
6.495	-0.000757434
6.5	-0.000752655
6.505	-0.000747646
6.51	-0.000742416
6.515	-0.000736974
6.52	-0.000731329
6.525	-0.000725486
6.53	-0.000719452
6.535	-0.000713233
6.54	-0.000706835
6.545	-0.000700265
6.55	-0.000693531
6.555	-0.000686643
6.56	-0.00067961
6.565	-0.000672442
6.57	-0.00066515
6.575	-0.000657742
6.58	-0.000650225
6.585	-0.000642606
6.59	-0.00063489
6.595	-0.000627082
6.6	-0.000619187
6.605	-0.000611211
6.61	-0.000603161
6.615	-0.000595044
6.62	-0.000586871
6.625	-0.000578651
6.63	-0.000570393
6.635	-0.000562107
6.64	-0.000553799
6.645	-0.000545475
6.65	-0.00053714
6.655	-0.000528798
6.66	-0.000520453
6.665	-0.000512111
6.67	-0.000503778
6.675	-0.000495464
6.68	-0.000487176
6.685	-0.000478925
6.69	-0.000470717
6.695	-0.00046256
6.7	-0.000454458
6.705	-0.000446415
6.71	-0.000438435
6.715	-0.000430521
6.72	-0.000422677
6.725	-0.000414906
6.73	-0.000407215
6.735	-0.000399608
6.74	-0.00039209
6.745	-0.000384668
6.75	-0.000377345
6.755	-0.000370127
6.76	-0.000363017
6.765	-0.00035602
6.77	-0.000349138
6.775	-0.000342375
6.78	-0.000335734
6.785	-0.000329217
6.79	-0.000322828
6.795	-0.000316569
6.8	-0.000310445
6.805	-0.000304457
6.81	-0.000298607
6.815	-0.000292898
6.82	-0.00028733
6.825	-0.000281903
6.83	-0.000276617
6.835	-0.000271473
6.84	-0.000266471
6.845	-0.000261614
6.85	-0.000256903
6.855	-0.00025234
6.86	-0.000247925
6.865	-0.000243659
6.87	-0.000239541
6.875	-0.000235568
6.88	-0.000231739
6.885	-0.00022805
6.89	-0.0002245
6.895	-0.000221089
6.9	-0.000217815
6.905	-0.000214679
6.91	-0.00021168
6.915	-0.00020882
6.92	-0.000206094
6.925	-0.0002035
6.93	-0.000201035
6.935	-0.000198692
6.94	-0.000196468
6.945	-0.000194359
6.95	-0.00019236
6.955	-0.00019047
6.96	-0.000188685
6.965	-0.000187004
6.97	-0.000185424
6.975	-0.000183939
6.98	-0.000182546
6.985	-0.000181238
6.99	-0.000180007
6.995	-0.000178849
7	-0.000177757
7.005	-0.000176728
7.01	-0.000175758
7.015	-0.000174846
7.02	-0.000173991
7.025	-0.000173189
7.03	-0.000172437
7.035	-0.000171732
7.04	-0.000171065
7.045	-0.000170432
7.05	-0.000169824
7.055	-0.000169234
7.06	-0.000168656
7.065	-0.000168083
7.07	-0.000167511
7.075	-0.000166935
7.08	-0.000166353
7.085	-0.000165762
7.09	-0.000165157
7.095	-0.000164535
7.1	-0.000163893
7.105	-0.000163224
7.11	-0.000162526
7.115	-0.000161792
7.12	-0.000161017
7.125	-0.000160197
7.13	-0.000159327
7.135	-0.000158403
7.14	-0.000157421
7.145	-0.000156376
7.15	-0.000155264
7.155	-0.000154081
7.16	-0.000152823
7.165	-0.000151484
7.17	-0.00015006
7.175	-0.000148548
7.18	-0.000146944
7.185	-0.000145244
7.19	-0.000143446
7.195	-0.000141548
7.2	-0.000139547
7.205	-0.000137443
7.21	-0.000135232
7.215	-0.000132913
7.22	-0.000130483
7.225	-0.000127938
7.23	-0.000125277
7.235	-0.000122495
7.24	-0.000119592
7.245	-0.000116566
7.25	-0.000113415
7.255	-0.00011014
7.26	-0.00010674
7.265	-0.000103214
7.27	-9.95633e-05
7.275	-9.57861e-05
7.28	-9.18825e-05
7.285	-8.7852e-05
7.29	-8.36946e-05
7.295	-7.94105e-05
7.3	-7.5e-05
7.305	-7.0464e-05
7.31	-6.58034e-05
7.315	-6.10194e-05
7.32	-5.61133e-05
7.325	-5.10864e-05
7.33	-4.59396e-05
7.335	-4.06739e-05
7.34	-3.52908e-05
7.345	-2.97918e-05
7.35	-2.41795e-05
7.355	-1.84572e-05
7.36	-1.26288e-05
7.365	-6.69864e-06
7.37	-6.70706e-07
7.375	5.45149e-06
7.38	1.16652e-05
7.385	1.79686e-05
7.39	2.43601e-05
7.395	3.08385e-05
7.4	3.74019e-05
7.405	4.40479e-05
7.41	5.07732e-05
7.415	5.75734e-05
7.42	6.44436e-05
7.425	7.13786e-05
7.43	7.83731e-05
7.435	8.54224e-05
7.44	9.25224e-05
7.445	9.9669e-05
7.45	0.000106858
7.455	0.000114087
7.46	0.000121349
7.465	0.00012864
7.47	0.000135955
7.475	0.000143288
7.48	0.000150634
7.485	0.000157988
7.49	0.000165346
7.495	0.000172704
7.5	0.000180061
7.505	0.000187413
7.51	0.000194757
7.515	0.000202089
7.52	0.000209405
7.525	0.000216698
7.53	0.00022396
7.535	0.000231186
7.54	0.000238366
7.545	0.000245496
7.55	0.00025257
7.555	0.000259585
7.56	0.000266539
7.565	0.000273431
7.57	0.000280257
7.575	0.000287017
7.58	0.000293706
7.585	0.00030032
7.59	0.000306852
7.595	0.000313297
7.6	0.000319648
7.605	0.000325897
7.61	0.000332042
7.615	0.000338077
7.62	0.000344
7.625	0.00034981
7.63	0.000355505
7.635	0.000361084
7.64	0.000366544
7.645	0.000371883
7.65	0.000377097
7.655	0.000382182
7.66	0.000387133
7.665	0.000391948
7.67	0.000396622
7.675	0.000401153
7.68	0.000405539
7.685	0.000409779
7.69	0.000413871
7.695	0.000417815
7.7	0.000421609
7.705	0.000425251
7.71	0.00042874
7.715	0.000432072
7.72	0.000435248
7.725	0.000438264
7.73	0.000441119
7.735	0.000443812
7.74	0.000446341
7.745	0.000448706
7.75	0.000450908
7.755	0.000452946
7.76	0.000454821
7.765	0.000456534
7.77	0.000458087
7.775	0.000459479
7.78	0.000460711
7.785	0.000461784
7.79	0.000462697
7.795	0.000463449
7.8	0.000464039
7.805	0.000464468
7.81	0.000464736
7.815	0.000464842
7.82	0.000464787
7.825	0.000464575
7.83	0.000464205
7.835	0.000463682
7.84	0.000463007
7.845	0.000462183
7.85	0.00046121
7.855	0.000460089
7.86	0.000458821
7.865	0.000457407
7.87	0.000455846
7.875	0.00045414
7.88	0.000452292
7.885	0.000450301
7.89	0.000448172
7.895	0.000445907
7.9	0.000443508
7.905	0.000440978
7.91	0.000438319
7.915	0.000435533
7.92	0.000432622
7.925	0.000429587
7.93	0.00042643
7.935	0.000423152
7.94	0.000419756
7.945	0.000416245
7.95	0.000412622
7.955	0.00040889
7.96	0.000405052
7.965	0.000401112
7.97	0.000397071
7.975	0.000392933
7.98	0.000388699
7.985	0.000384371
7.99	0.000379951
7.995	0.000375441
8	0.000370845
8.005	0.000366165
8.01	0.000361402
8.015	0.00035656
8.02	0.000351641
8.025	0.000346646
8.03	0.000341579
8.035	0.000336441
8.04	0.000331237
8.045	0.000325969
8.05	0.00032064
8.055	0.000315254
8.06	0.000309812
8.065	0.000304318
8.07	0.000298773
8.075	0.000293179
8.08	0.000287537
8.085	0.000281849
8.09	0.000276119
8.095	0.00027035
8.1	0.000264545
8.105	0.000258708
8.11	0.000252842
8.115	0.000246948
8.12	0.00024103
8.125	0.000235089
8.13	0.000229125
8.135	0.000223141
8.14	0.000217138
8.145	0.000211116
8.15	0.000205078
8.155	0.000199026
8.16	0.000192963
8.165	0.00018689
8.17	0.000180812
8.175	0.000174731
8.18	0.000168649
8.185	0.000162571
8.19	0.000156498
8.195	0.000150433
8.2	0.000144378
8.205	0.000138335
8.21	0.000132306
8.215	0.000126292
8.22	0.000120294
8.225	0.000114315
8.23	0.000108355
8.235	0.000102417
8.24	9.65008e-05
8.245	9.06088e-05
8.25	8.47423e-05
8.255	7.89025e-05
8.26	7.30908e-05
8.265	6.73088e-05
8.27	6.15578e-05
8.275	5.58392e-05
8.28	5.01546e-05
8.285	4.45056e-05
8.29	3.88939e-05
8.295	3.33216e-05
8.3	2.77913e-05
8.305	2.23053e-05
8.31	1.68662e-05
8.315	1.14761e-05
8.32	6.13654e-06
8.325	8.48435e-07
8.33	-4.38804e-06
8.335	-9.57309e-06
8.34	-1.47071e-05
8.345	-1.979e-05
8.35	-2.48214e-05
8.355	-2.98e-05
8.36	-3.47242e-05
8.365	-3.95918e-05
8.37	-4.44005e-05
8.375	-4.91486e-05
8.38	-5.38344e-05
8.385	-5.84568e-05
8.39	-6.30149e-05
8.395	-6.75082e-05
8.4	-7.1936e-05
8.405	-7.62979e-05
8.41	-8.05933e-05
8.415	-8.48221e-05
8.42	-8.89838e-05
8.425	-9.30784e-05
8.43	-9.71055e-05
8.435	-0.000101065
8.44	-0.000104956
8.445	-0.000108777
8.45	-0.000112529
8.455	-0.00011621
8.46	-0.000119819
8.465	-0.000123356
8.47	-0.000126822
8.475	-0.000130215
8.48	-0.000133535
8.485	-0.000136784
8.49	-0.000139961
8.495	-0.000143066
8.5	-0.000146099
8.505	-0.000149061
8.51	-0.000151952
8.515	-0.000154774
8.52	-0.000157526
8.525	-0.000160211
8.53	-0.000162828
8.535	-0.000165379
8.54	-0.000167863
8.545	-0.000170279
8.55	-0.000172626
8.555	-0.000174904
8.56	-0.000177113
8.565	-0.000179253
8.57	-0.000181324
8.575	-0.000183328
8.58	-0.000185266
8.585	-0.00018714
8.59	-0.000188953
8.595	-0.000190704
8.6	-0.000192395
8.605	-0.000194026
8.61	-0.000195598
8.615	-0.000197112
8.62	-0.000198568
8.625	-0.000199966
8.63	-0.000201308
8.635	-0.000202594
8.64	-0.000203825
8.645	-0.000205002
8.65	-0.000206126
8.655	-0.000207197
8.66	-0.000208216
8.665	-0.000209185
8.67	-0.000210103
8.675	-0.000210972
8.68	-0.000211794
8.685	-0.00021257
8.69	-0.0002133
8.695	-0.000213985
8.7	-0.000214627
8.705	-0.000215226
8.71	-0.000215782
8.715	-0.000216296
8.72	-0.000216768
8.725	-0.0002172
8.73	-0.000217591
8.735	-0.000217945
8.74	-0.000218261
8.745	-0.000218541
8.75	-0.000218786
8.755	-0.000218996
8.76	-0.000219173
8.765	-0.000219317
8.77	-0.000219429
8.775	-0.00021951
8.78	-0.00021956
8.785	-0.000219582
8.79	-0.000219575
8.795	-0.00021954
8.8	-0.000219479
8.805	-0.00021939
8.81	-0.000219275
8.815	-0.000219133
8.82	-0.000218964
8.825	-0.000218767
8.83	-0.000218543
8.835	-0.000218294
8.84	-0.00021802
8.845	-0.000217724
8.85	-0.000217407
8.855	-0.00021707
8.86	-0.000216715
8.865	-0.000216343
8.87	-0.000215953
8.875	-0.000215546
8.88	-0.00021512
8.885	-0.000214676
8.89	-0.000214213
8.895	-0.00021373
8.9	-0.000213227
8.905	-0.000212705
8.91	-0.000212162
8.915	-0.000211599
8.92	-0.000211016
8.925	-0.000210413
8.93	-0.000209791
8.935	-0.00020915
8.94	-0.000208492
8.945	-0.000207817
8.95	-0.000207126
8.955	-0.000206419
8.96	-0.000205696
8.965	-0.000204955
8.97	-0.000204197
8.975	-0.00020342
8.98	-0.000202625
8.985	-0.000201811
8.99	-0.000200979
8.995	-0.000200131
9	-0.000199266
9.005	-0.000198385
9.01	-0.000197488
9.015	-0.000196575
9.02	-0.000195644
9.025	-0.000194695
9.03	-0.000193726
9.035	-0.000192737
9.04	-0.000191728
9.045	-0.000190699
9.05	-0.000189652
9.055	-0.000188587
9.06	-0.000187505
9.065	-0.000186408
9.07	-0.000185295
9.075	-0.000184164
9.08	-0.000183016
9.085	-0.000181849
9.09	-0.000180662
9.095	-0.000179454
9.1	-0.000178226
9.105	-0.000176978
9.11	-0.000175712
9.115	-0.000174428
9.12	-0.00017313
9.125	-0.000171817
9.13	-0.000170489
9.135	-0.000169146
9.14	-0.000167787
9.145	-0.00016641
9.15	-0.000165013
9.155	-0.000163595
9.16	-0.000162158
9.165	-0.0001607
9.17	-0.000159223
9.175	-0.000157729
9.18	-0.000156217
9.185	-0.000154688
9.19	-0.000153143
9.195	-0.000151582
9.2	-0.000150003
9.205	-0.000148407
9.21	-0.000146794
9.215	-0.000145164
9.22	-0.000143516
9.225	-0.000141852
9.23	-0.00014017
9.235	-0.000138471
9.24	-0.000136756
9.245	-0.000135022
9.25	-0.000133272
9.255	-0.000131503
9.26	-0.000129718
9.265	-0.000127915
9.27	-0.000126095
9.275	-0.000124258
9.28	-0.000122405
9.285	-0.000120537
9.29	-0.000118654
9.295	-0.000116757
9.3	-0.000114845
9.305	-0.000112919
9.31	-0.000110978
9.315	-0.000109024
9.32	-0.000107054
9.325	-0.00010507
9.33	-0.000103072
9.335	-0.000101059
9.34	-9.90326e-05
9.345	-9.6993e-05
9.35	-9.49408e-05
9.355	-9.28762e-05
9.36	-9.07994e-05
9.365	-8.87107e-05
9.37	-8.66102e-05
9.375	-8.44983e-05
9.38	-8.23753e-05
9.385	-8.02416e-05
9.39	-7.80978e-05
9.395	-7.5944e-05
9.4	-7.37803e-05
9.405	-7.16066e-05
9.41	-6.94225e-05
9.415	-6.7228e-05
9.42	-6.5023e-05
9.425	-6.28075e-05
9.43	-6.05822e-05
9.435	-5.83476e-05
9.44	-5.61043e-05
9.445	-5.38531e-05
9.45	-5.15945e-05
9.455	-4.93289e-05
9.46	-4.70568e-05
9.465	-4.47782e-05
9.47	-4.24933e-05
9.475	-4.02023e-05
9.48	-3.79051e-05
9.485	-3.5602e-05
9.49	-3.32932e-05
9.495	-3.09791e-05
9.5	-2.866e-05
9.505	-2.63361e-05
9.51	-2.40076e-05
9.515	-2.16746e-05
9.52	-1.93371e-05
9.525	-1.69952e-05
9.53	-1.46491e-05
9.535	-1.22989e-05
9.54	-9.94484e-06
9.545	-7.58708e-06
9.55	-5.2258e-06
9.555	-2.8611e-06
9.56	-4.93133e-07
9.565	1.87791e-06
9.57	4.25168e-06
9.575	6.62769e-06
9.58	9.00529e-06
9.585	1.13838e-05
9.59	1.37627e-05
9.595	1.61414e-05
9.6	1.852e-05
9.605	2.08986e-05
9.61	2.32776e-05
9.615	2.56573e-05
9.62	2.80379e-05
9.625	3.04192e-05
9.63	3.28008e-05
9.635	3.51817e-05
9.64	3.75606e-05
9.645	3.99364e-05
9.65	4.2308e-05
9.655	4.46747e-05
9.66	4.70362e-05
9.665	4.93924e-05
9.67	5.17435e-05
9.675	5.40896e-05
9.68	5.64307e-05
9.685	5.87668e-05
9.69	6.10974e-05
9.695	6.34225e-05
9.7	6.57415e-05
9.705	6.80545e-05
9.71	7.03612e-05
9.715	7.26614e-05
9.72	7.49548e-05
9.725	7.72407e-05
9.73	7.95181e-05
9.735	8.17857e-05
9.74	8.4042e-05
9.745	8.62859e-05
9.75	8.85164e-05
9.755	9.07331e-05
9.76	9.2936e-05
9.765	9.51251e-05
9.77	9.7301e-05
9.775	9.94638e-05
9.78	0.000101614
9.785	0.000103751
9.79	0.000105874
9.795	0.000107984
9.8	0.00011008
9.805	0.000112159
9.81	0.000114222
9.815	0.000116268
9.82	0.000118295
9.825	0.000120303
9.83	0.000122292
9.835	0.00012426
9.84	0.000126207
9.845	0.000128133
9.85	0.000130039
9.855	0.000131921
9.86	0.000133781
9.865	0.000135617
9.87	0.000137427
9.875	0.000139211
9.88	0.000140967
9.885	0.000142697
9.89	0.000144398
9.895	0.000146072
9.9	0.000147719
9.905	0.000149338
9.91	0.000150928
9.915	0.000152489
9.92	0.000154019
9.925	0.000155518
9.93	0.000156983
9.935	0.000158414
9.94	0.00015981
9.945	0.000161171
9.95	0.000162497
9.955	0.000163788
9.96	0.000165043
9.965	0.000166264
9.97	0.000167449
9.975	0.000168597
9.98	0.000169709
9.985	0.000170781
9.99	0.000171814
9.995	0.000172806
10	0.000173756
10.005	0.000174665
10.01	0.000175533
10.015	0.000176359
10.02	0.000177144
10.025	0.000177888
10.03	0.000178589
10.035	0.000179247
10.04	0.000179861
10.045	0.000180431
10.05	0.000180955
10.055	0.000181433
10.06	0.000181865
10.065	0.000182253
10.07	0.000182595
10.075	0.000182893
10.08	0.000183146
10.085	0.000183353
10.09	0.000183514
10.095	0.000183627
10.1	0.000183692
10.105	0.000183708
10.11	0.000183675
10.115	0.000183593
10.12	0.000183463
10.125	0.000183286
10.13	0.000183061
10.135	0.000182791
10.14	0.000182474
10.145	0.000182112
10.15	0.000181703
10.155	0.000181249
10.16	0.000180749
10.165	0.000180203
10.17	0.000179611
10.175	0.000178973
10.18	0.000178289
10.185	0.000177559
10.19	0.000176783
10.195	0.000175963
10.2	0.000175098
10.205	0.000174189
10.21	0.000173236
10.215	0.00017224
10.22	0.0001712
10.225	0.000170116
10.23	0.000168988
10.235	0.000167816
10.24	0.000166601
10.245	0.000165342
10.25	0.000164041
10.255	0.000162698
10.26	0.000161313
10.265	0.000159887
10.27	0.00015842
10.275	0.000156912
10.28	0.000155364
10.285	0.000153778
10.29	0.000152153
10.295	0.00015049
10.3	0.000148791
10.305	0.000147055
10.31	0.000145284
10.315	0.000143476
10.32	0.000141634
10.325	0.000139756
10.33	0.000137844
10.335	0.000135898
10.34	0.00013392
10.345	0.000131911
10.35	0.00012987
10.355	0.0001278
10.36	0.000125701
10.365	0.000123574
10.37	0.000121419
10.375	0.000119235
10.38	0.000117025
10.385	0.000114788
10.39	0.000112525
10.395	0.000110237
10.4	0.000107926
10.405	0.000105593
10.41	0.00010324
10.415	0.000100867
10.42	9.84757e-05
10.425	9.60663e-05
10.43	9.36391e-05
10.435	9.11946e-05
10.44	8.87333e-05
10.445	8.62556e-05
10.45	8.37623e-05
10.455	8.12544e-05
10.46	7.87327e-05
10.465	7.61984e-05
10.47	7.36527e-05
10.475	7.10967e-05
10.48	6.85314e-05
10.485	6.59579e-05
10.49	6.33772e-05
10.495	6.079e-05
10.5	5.81969e-05
10.505	5.55986e-05
10.51	5.29956e-05
10.515	5.03884e-05
10.52	4.77778e-05
10.525	4.51647e-05
10.53	4.25501e-05
10.535	3.99353e-05
10.54	3.73216e-05
10.545	3.47104e-05
10.55	3.21028e-05
10.555	2.95e-05
10.56	2.69031e-05
10.565	2.43127e-05
10.57	2.17295e-05
10.575	1.91537e-05
10.58	1.65859e-05
10.585	1.40264e-05
10.59	1.14759e-05
10.595	8.9354e-06
10.6	6.40595e-06
10.605	3.88885e-06
10.61	1.38541e-06
10.615	-1.10307e-06
10.62	-3.57543e-06
10.625	-6.03068e-06
10.63	-8.46801e-06
10.635	-1.08867e-05
10.64	-1.32863e-05
10.645	-1.56661e-05
10.65	-1.80256e-05
10.655	-2.03638e-05
10.66	-2.26801e-05
10.665	-2.49733e-05
10.67	-2.72424e-05
10.675	-2.94864e-05
10.68	-3.17046e-05
10.685	-3.38962e-05
10.69	-3.60607e-05
10.695	-3.81977e-05
10.7	-4.03066e-05
10.705	-4.2387e-05
10.71	-4.44383e-05
10.715	-4.64598e-05
10.72	-4.84507e-05
10.725	-5.04103e-05
10.73	-5.2338e-05
10.735	-5.42329e-05
10.74	-5.60947e-05
10.745	-5.79226e-05
10.75	-5.97161e-05
10.755	-6.14747e-05
10.76	-6.31976e-05
10.765	-6.48844e-05
10.77	-6.65346e-05
10.775	-6.81479e-05
10.78	-6.97242e-05
10.785	-7.12635e-05
10.79	-7.27659e-05
10.795	-7.42315e-05
10.8	-7.56602e-05
10.805	-7.70518e-05
10.81	-7.84059e-05
10.815	-7.97221e-05
10.82	-8.10002e-05
10.825	-8.22397e-05
10.83	-8.34404e-05
10.835	-8.46024e-05
10.84	-8.57255e-05
10.845	-8.68096e-05
10.85	-8.78545e-05
10.855	-8.88602e-05
10.86	-8.98266e-05
10.865	-9.07539e-05
10.87	-9.16425e-05
10.875	-9.24926e-05
10.88	-9.3305e-05
10.885	-9.40799e-05
10.89	-9.48179e-05
10.895	-9.55192e-05
10.9	-9.61839e-05
10.905	-9.68122e-05
10.91	-9.74042e-05
10.915	-9.79601e-05
10.92	-9.84803e-05
10.925	-9.8965e-05
10.93	-9.94148e-05
10.935	-9.98303e-05
10.94	-0.000100212
10.945	-0.000100562
10.95	-0.000100879
10.955	-0.000101166
10.96	-0.000101422
10.965	-0.000101648
10.97	-0.000101845
10.975	-0.000102014
10.98	-0.000102153
10.985	-0.000102264
10.99	-0.000102348
10.995	-0.000102404
11	-0.000102434
11.005	-0.000102439
11.01	-0.00010242
11.015	-0.000102378
11.02	-0.000102314
11.025	-0.000102229
11.03	-0.000102122
11.035	-0.000101995
11.04	-0.000101849
11.045	-0.000101683
11.05	-0.0001015
11.055	-0.000101299
11.06	-0.000101082
11.065	-0.000100851
11.07	-0.000100605
11.075	-0.000100347
11.08	-0.000100075
11.085	-9.9792e-05
11.09	-9.9497e-05
11.095	-9.9191e-05
11.1	-9.88742e-05
11.105	-9.85474e-05
11.11	-9.8211e-05
11.115	-9.78659e-05
11.12	-9.75127e-05
11.125	-9.71522e-05
11.13	-9.6785e-05
11.135	-9.64119e-05
11.14	-9.60334e-05
11.145	-9.56501e-05
11.15	-9.52626e-05
11.155	-9.48716e-05
11.16	-9.44775e-05
11.165	-9.40809e-05
11.17	-9.36822e-05
11.175	-9.3282e-05
11.18	-9.28804e-05
11.185	-9.24779e-05
11.19	-9.20749e-05
11.195	-9.16718e-05
11.2	-9.1269e-05
11.205	-9.08669e-05
11.21	-9.04659e-05
11.215	-9.00663e-05
11.22	-8.96679e-05
11.225	-8.92708e-05
11.23	-8.88748e-05
11.235	-8.84798e-05
11.24	-8.80861e-05
11.245	-8.7694e-05
11.25	-8.73043e-05
11.255	-8.69178e-05
11.26	-8.65351e-05
11.265	-8.61569e-05
11.27	-8.57833e-05
11.275	-8.54142e-05
11.28	-8.50492e-05
11.285	-8.46875e-05
11.29	-8.43283e-05
11.295	-8.3971e-05
11.3	-8.36152e-05
11.305	-8.3261e-05
11.31	-8.29087e-05
11.315	-8.25589e-05
11.32	-8.22121e-05
11.325	-8.18687e-05
11.33	-8.15289e-05
11.335	-8.11925e-05
11.34	-8.08591e-05
11.345	-8.0528e-05
11.35	-8.01984e-05
11.355	-7.98693e-05
11.36	-7.95401e-05
11.365	-7.92102e-05
11.37	-7.88793e-05
11.375	-7.85471e-05
11.38	-7.82137e-05
11.385	-7.78791e-05
11.39	-7.75431e-05
11.395	-7.72056e-05
11.4	-7.68661e-05
11.405	-7.6524e-05
11.41	-7.61787e-05
11.415	-7.58293e-05
11.42	-7.5475e-05
11.425	-7.51152e-05
11.43	-7.47493e-05
11.435	-7.43771e-05
11.44	-7.39981e-05
11.445	-7.36122e-05
11.45	-7.32192e-05
11.455	-7.28188e-05
11.46	-7.24104e-05
11.465	-7.19936e-05
11.47	-7.15677e-05
11.475	-7.11319e-05
11.48	-7.06855e-05
11.485	-7.0228e-05
11.49	-6.97589e-05
11.495	-6.92779e-05
11.5	-6.8785e-05
11.505	-6.828e-05
11.51	-6.77629e-05
11.515	-6.72334e-05
11.52	-6.66911e-05
11.525	-6.61354e-05
11.53	-6.55655e-05
11.535	-6.49807e-05
11.54	-6.43801e-05
11.545	-6.37634e-05
11.55	-6.31303e-05
11.555	-6.24807e-05
11.56	-6.18149e-05
11.565	-6.11335e-05
11.57	-6.04366e-05
11.575	-5.97245e-05
11.58	-5.89972e-05
11.585	-5.82544e-05
11.59	-5.74957e-05
11.595	-5.67206e-05
11.6	-5.59288e-05
11.605	-5.51199e-05
11.61	-5.42939e-05
11.615	-5.34508e-05
11.62	-5.25904e-05
11.625	-5.17127e-05
11.63	-5.08176e-05
11.635	-4.99047e-05
11.64	-4.8974e-05
11.645	-4.80252e-05
11.65	-4.70585e-05
11.655	-4.60742e-05
11.66	-4.50727e-05
11.665	-4.40546e-05
11.67	-4.30207e-05
11.675	-4.19714e-05
11.68	-4.09071e-05
11.685	-3.98278e-05
11.69	-3.87335e-05
11.695	-3.76238e-05
11.7	-3.64984e-05
11.705	-3.53572e-05
11.71	-3.42001e-05
11.715	-3.30277e-05
11.72	-3.18405e-05
11.725	-3.06395e-05
11.73	-2.94254e-05
11.735	-2.81989e-05
11.74	-2.69607e-05
11.745	-2.5711e-05
11.75	-2.44497e-05
11.755	-2.31768e-05
11.76	-2.18922e-05
11.765	-2.0596e-05
11.77	-1.92884e-05
11.775	-1.797e-05
11.78	-1.66417e-05
11.785	-1.53042e-05
11.79	-1.39586e-05
11.795	-1.26054e-05
11.8	-1.12451e-05
11.805	-9.87786e-06
11.81	-8.50375e-06
11.815	-7.12289e-06
11.82	-5.73554e-06
11.825	-4.34224e-06
11.83	-2.94377e-06
11.835	-1.54113e-06
11.84	-1.35379e-07
11.845	1.27249e-06
11.85	2.68163e-06
11.855	4.09144e-06
11.86	5.50155e-06
11.865	6.91172e-06
11.87	8.32178e-06
11.875	9.73147e-06
11.88	1.11404e-05
11.885	1.25479e-05
11.89	1.39532e-05
11.895	1.53555e-05
11.9	1.6754e-05
11.905	1.81482e-05
11.91	1.95373e-05
11.915	2.09211e-05
11.92	2.22992e-05
11.925	2.36712e-05
11.93	2.50365e-05
11.935	2.63947e-05
11.94	2.77451e-05
11.945	2.9087e-05
11.95	3.04195e-05
11.955	3.17421e-05
11.96	3.30542e-05
11.965	3.43554e-05
11.97	3.56455e-05
11.975	3.69241e-05
11.98	3.8191e-05
11.985	3.94456e-05
11.99	4.06876e-05
11.995	4.19163e-05
12	4.31311e-05
12.005	4.43317e-05
12.01	4.55176e-05
12.015	4.66884e-05
12.02	4.78438e-05
12.025	4.89834e-05
12.03	5.01067e-05
12.035	5.12134e-05
12.04	5.2303e-05
12.045	5.3375e-05
12.05	5.44293e-05
12.055	5.54654e-05
12.06	5.64831e-05
12.065	5.74823e-05
12.07	5.84628e-05
12.075	5.94244e-05
12.08	6.03669e-05
12.085	6.12901e-05
12.09	6.21936e-05
12.095	6.3077e-05
12.1	6.39399e-05
12.105	6.47816e-05
12.11	6.5602e-05
12.115	6.64007e-05
12.12	6.71778e-05
12.125	6.79333e-05
12.13	6.86674e-05
12.135	6.93803e-05
12.14	7.0072e-05
12.145	7.07425e-05
12.15	7.13916e-05
12.155	7.20191e-05
12.16	7.26244e-05
12.165	7.32073e-05
12.17	7.37674e-05
12.175	7.43046e-05
12.18	7.48187e-05
12.185	7.53096e-05
12.19	7.57772e-05
12.195	7.62214e-05
12.2	7.66421e-05
12.205	7.70394e-05
12.21	7.74133e-05
12.215	7.77641e-05
12.22	7.80921e-05
12.225	7.83976e-05
12.23	7.86808e-05
12.235	7.89417e-05
12.24	7.91805e-05
12.245	7.93968e-05
12.25	7.95906e-05
12.255	7.97618e-05
12.26	7.99103e-05
12.265	8.00362e-05
12.27	8.01399e-05
12.275	8.02216e-05
12.28	8.02817e-05
12.285	8.03204e-05
12.29	8.03381e-05
12.295	8.03347e-05
12.3	8.03102e-05
12.305	8.02648e-05
12.31	8.01983e-05
12.315	8.01106e-05
12.32	8.0002e-05
12.325	7.98727e-05
12.33	7.97228e-05
12.335	7.9553e-05
12.34	7.93636e-05
12.345	7.91552e-05
12.35	7.8928e-05
12.355	7.86824e-05
12.36	7.84185e-05
12.365	7.81361e-05
12.37	7.78352e-05
12.375	7.75158e-05
12.38	7.7178e-05
12.385	7.68222e-05
12.39	7.64488e-05
12.395	7.60584e-05
12.4	7.56514e-05
12.405	7.52284e-05
12.41	7.47895e-05
12.415	7.43349e-05
12.42	7.38648e-05
12.425	7.33795e-05
12.43	7.2879e-05
12.435	7.23638e-05
12.44	7.18341e-05
12.445	7.12904e-05
12.45	7.07328e-05
12.455	7.01617e-05
12.46	6.95773e-05
12.465	6.89798e-05
12.47	6.83694e-05
12.475	6.77463e-05
12.48	6.7111e-05
12.485	6.6464e-05
12.49	6.58057e-05
12.495	6.5137e-05
12.5	6.44583e-05
12.505	6.37702e-05
12.51	6.30732e-05
12.515	6.23675e-05
12.52	6.16533e-05
12.525	6.09304e-05
12.53	6.01991e-05
12.535	5.94594e-05
12.54	5.87115e-05
12.545	5.7956e-05
12.55	5.71935e-05
12.555	5.64247e-05
12.56	5.565e-05
12.565	5.48698e-05
12.57	5.40843e-05
12.575	5.32936e-05
12.58	5.24975e-05
12.585	5.16962e-05
12.59	5.08897e-05
12.595	5.00784e-05
12.6	4.9263e-05
12.605	4.84442e-05
12.61	4.76226e-05
12.615	4.67989e-05
12.62	4.59734e-05
12.625	4.51463e-05
12.63	4.43175e-05
12.635	4.34868e-05
12.64	4.26539e-05
12.645	4.18188e-05
12.65	4.09817e-05
12.655	4.0143e-05
12.66	3.93033e-05
12.665	3.84632e-05
12.67	3.76235e-05
12.675	3.67844e-05
12.68	3.59464e-05
12.685	3.51092e-05
12.69	3.4273e-05
12.695	3.34375e-05
12.7	3.26029e-05
12.705	3.17692e-05
12.71	3.09369e-05
12.715	3.01062e-05
12.72	2.92776e-05
12.725	2.84515e-05
12.73	2.76279e-05
12.735	2.68072e-05
12.74	2.59892e-05
12.745	2.51741e-05
12.75	2.43619e-05
12.755	2.35528e-05
12.76	2.2747e-05
12.765	2.19448e-05
12.77	2.11464e-05
12.775	2.03521e-05
12.78	1.9562e-05
12.785	1.87762e-05
12.79	1.79946e-05
12.795	1.72173e-05
12.8	1.64442e-05
12.805	1.56753e-05
12.81	1.49109e-05
12.815	1.41508e-05
12.82	1.33953e-05
12.825	1.26444e-05
12.83	1.18984e-05
12.835	1.11573e-05
12.84	1.04211e-05
12.845	9.69005e-06
12.85	8.96404e-06
12.855	8.24309e-06
12.86	7.52723e-06
12.865	6.81649e-06
12.87	6.11091e-06
12.875	5.41058e-06
12.88	4.71562e-06
12.885	4.02614e-06
12.89	3.34221e-06
12.895	2.66383e-06
12.9	1.99092e-06
12.905	1.32328e-06
12.91	6.6065e-07
12.915	2.79213e-09
12.92	-6.50442e-07
12.925	-1.29907e-06
12.93	-1.94296e-06
12.935	-2.5819e-06
12.94	-3.21566e-06
12.945	-3.84407e-06
12.95	-4.46708e-06
12.955	-5.08474e-06
12.96	-5.69723e-06
12.965	-6.30474e-06
12.97	-6.90748e-06
12.975	-7.50561e-06
12.98	-8.09922e-06
12.985	-8.68835e-06
12.99	-9.27299e-06
12.995	-9.85312e-06
13	-1.04287e-05
13.005	-1.09997e-05
13.01	-1.15661e-05
13.015	-1.21278e-05
13.02	-1.2685e-05
13.025	-1.32375e-05
13.03	-1.37855e-05
13.035	-1.43291e-05
13.04	-1.48684e-05
13.045	-1.54032e-05
13.05	-1.59334e-05
13.055	-1.6459e-05
13.06	-1.69795e-05
13.065	-1.74951e-05
13.07	-1.80055e-05
13.075	-1.85111e-05
13.08	-1.9012e-05
13.085	-1.95086e-05
13.09	-2.00012e-05
13.095	-2.04899e-05
13.1	-2.09749e-05
13.105	-2.14561e-05
13.11	-2.1933e-05
13.115	-2.24055e-05
13.12	-2.28731e-05
13.125	-2.33357e-05
13.13	-2.37931e-05
13.135	-2.42456e-05
13.14	-2.46933e-05
13.145	-2.51365e-05
13.15	-2.55756e-05
13.155	-2.60106e-05
13.16	-2.64415e-05
13.165	-2.68683e-05
13.17	-2.72908e-05
13.175	-2.77088e-05
13.18	-2.81221e-05
13.185	-2.85305e-05
13.19	-2.89341e-05
13.195	-2.93328e-05
13.2	-2.97268e-05
13.205	-3.01161e-05
13.21	-3.05009e-05
13.215	-3.08811e-05
13.22	-3.12567e-05
13.225	-3.16278e-05
13.23	-3.19941e-05
13.235	-3.23557e-05
13.24	-3.27127e-05
13.245	-3.30651e-05
13.25	-3.34131e-05
13.255	-3.37568e-05
13.26	-3.40963e-05
13.265	-3.44313e-05
13.27	-3.47618e-05
13.275	-3.50873e-05
13.28	-3.54074e-05
13.285	-3.57217e-05
13.29	-3.60302e-05
13.295	-3.63328e-05
13.3	-3.66297e-05
13.305	-3.69212e-05
13.31	-3.72077e-05
13.315	-3.74895e-05
13.32	-3.77664e-05
13.325	-3.80385e-05
13.33	-3.83055e-05
13.335	-3.8567e-05
13.34	-3.88228e-05
13.345	-3.90725e-05
13.35	-3.93162e-05
13.355	-3.95539e-05
13.36	-3.97858e-05
13.365	-4.0012e-05
13.37	-4.02327e-05
13.375	-4.04479e-05
13.38	-4.06576e-05
13.385	-4.08617e-05
13.39	-4.106e-05
13.395	-4.12525e-05
13.4	-4.14388e-05
13.405	-4.16188e-05
13.41	-4.17923e-05
13.415	-4.19595e-05
13.42	-4.21201e-05
13.425	-4.22742e-05
13.43	-4.2422e-05
13.435	-4.25635e-05
13.44	-4.26987e-05
13.445	-4.28277e-05
13.45	-4.29504e-05
13.455	-4.30669e-05
13.46	-4.31767e-05
13.465	-4.32799e-05
13.47	-4.3376e-05
13.475	-4.3465e-05
13.48	-4.35467e-05
13.485	-4.36212e-05
13.49	-4.36888e-05
13.495	-4.37495e-05
13.5	-4.38039e-05
13.505	-4.38521e-05
13.51	-4.38942e-05
13.515	-4.393e-05
13.52	-4.39595e-05
13.525	-4.39822e-05
13.53	-4.39978e-05
13.535	-4.40062e-05
13.54	-4.40071e-05
13.545	-4.40008e-05
13.55	-4.39873e-05
13.555	-4.3967e-05
13.56	-4.39403e-05
13.565	-4.39072e-05
13.57	-4.38678e-05
13.575	-4.3822e-05
13.58	-4.37696e-05
13.585	-4.37103e-05
13.59	-4.36437e-05
13.595	-4.35698e-05
13.6	-4.34884e-05
13.605	-4.33997e-05
13.61	-4.33038e-05
13.615	-4.32009e-05
13.62	-4.30914e-05
13.625	-4.29754e-05
13.63	-4.28531e-05
13.635	-4.27245e-05
13.64	-4.25895e-05
13.645	-4.24478e-05
13.65	-4.22994e-05
13.655	-4.21438e-05
13.66	-4.1981e-05
13.665	-4.18111e-05
13.67	-4.16341e-05
13.675	-4.14503e-05
13.68	-4.12599e-05
13.685	-4.10633e-05
13.69	-4.08604e-05
13.695	-4.06512e-05
13.7	-4.04357e-05
13.705	-4.02135e-05
13.71	-3.99846e-05
13.715	-3.97488e-05
13.72	-3.95061e-05
13.725	-3.92566e-05
13.73	-3.90004e-05
13.735	-3.87376e-05
13.74	-3.84683e-05
13.745	-3.81924e-05
13.75	-3.791e-05
13.755	-3.76208e-05
13.76	-3.7325e-05
13.765	-3.70226e-05
13.77	-3.67139e-05
13.775	-3.6399e-05
13.78	-3.60782e-05
13.785	-3.57516e-05
13.79	-3.54191e-05
13.795	-3.50806e-05
13.8	-3.47358e-05
13.805	-3.43846e-05
13.81	-3.40268e-05
13.815	-3.36624e-05
13.82	-3.32916e-05
13.825	-3.29145e-05
13.83	-3.25313e-05
13.835	-3.21422e-05
13.84	-3.17475e-05
13.845	-3.13471e-05
13.85	-3.09411e-05
13.855	-3.05295e-05
13.86	-3.01122e-05
13.865	-2.96891e-05
13.87	-2.92601e-05
13.875	-2.88252e-05
13.88	-2.83845e-05
13.885	-2.79382e-05
13.89	-2.74864e-05
13.895	-2.70295e-05
13.9	-2.65675e-05
13.905	-2.61007e-05
13.91	-2.5629e-05
13.915	-2.51524e-05
13.92	-2.46709e-05
13.925	-2.41841e-05
13.93	-2.36921e-05
13.935	-2.3195e-05
13.94	-2.2693e-05
13.945	-2.21865e-05
13.95	-2.16757e-05
13.955	-2.11611e-05
13.96	-2.06427e-05
13.965	-2.01208e-05
13.97	-1.95951e-05
13.975	-1.90655e-05
13.98	-1.85319e-05
13.985	-1.79941e-05
13.99	-1.74524e-05
13.995	-1.69067e-05
14	-1.63575e-05
14.005	-1.58049e-05
14.01	-1.52492e-05
14.015	-1.46906e-05
14.02	-1.41292e-05
14.025	-1.35651e-05
14.03	-1.29984e-05
14.035	-1.24291e-05
14.04	-1.18573e-05
14.045	-1.12833e-05
14.05	-1.07072e-05
14.055	-1.01293e-05
14.06	-9.54977e-06
14.065	-8.9688e-06
14.07	-8.38649e-06
14.075	-7.80291e-06
14.08	-7.21811e-06
14.085	-6.63221e-06
14.09	-6.04536e-06
14.095	-5.45776e-06
14.1	-4.86964e-06
14.105	-4.28125e-06
14.11	-3.69281e-06
14.115	-3.10452e-06
14.12	-2.5165e-06
14.125	-1.92884e-06
14.13	-1.3416e-06
14.135	-7.54835e-07
14.14	-1.68606e-07
14.145	4.1697e-07
14.15	1.00171e-06
14.155	1.58535e-06
14.16	2.16757e-06
14.165	2.74804e-06
14.17	3.32646e-06
14.175	3.9026e-06
14.18	4.47632e-06
14.185	5.04758e-06
14.19	5.61638e-06
14.195	6.18269e-06
14.2	6.74645e-06
14.205	7.30749e-06
14.21	7.86554e-06
14.215	8.42026e-06
14.22	8.97129e-06
14.225	9.51831e-06
14.23	1.00611e-05
14.235	1.05994e-05
14.24	1.11333e-05
14.245	1.16628e-05
14.25	1.21878e-05
14.255	1.27084e-05
14.26	1.32245e-05
14.265	1.37358e-05
14.27	1.42422e-05
14.275	1.47434e-05
14.28	1.52392e-05
14.285	1.57292e-05
14.29	1.62134e-05
14.295	1.66915e-05
14.3	1.71636e-05
14.305	1.76293e-05
14.31	1.80888e-05
14.315	1.8542e-05
14.32	1.89886e-05
14.325	1.94287e-05
14.33	1.98621e-05
14.335	2.02886e-05
14.34	2.0708e-05
14.345	2.11203e-05
14.35	2.15252e-05
14.355	2.19225e-05
14.36	2.23123e-05
14.365	2.26943e-05
14.37	2.30688e-05
14.375	2.34356e-05
14.38	2.37948e-05
14.385	2.41464e-05
14.39	2.44903e-05
14.395	2.48262e-05
14.4	2.51541e-05
14.405	2.54739e-05
14.41	2.57853e-05
14.415	2.60885e-05
14.42	2.63835e-05
14.425	2.66703e-05
14.43	2.6949e-05
14.435	2.72197e-05
14.44	2.74822e-05
14.445	2.77364e-05
14.45	2.79821e-05
14.455	2.82192e-05
14.46	2.84477e-05
14.465	2.86675e-05
14.47	2.8879e-05
14.475	2.9082e-05
14.48	2.92768e-05
14.485	2.94634e-05
14.49	2.96417e-05
14.495	2.98119e-05
14.5	2.99738e-05
14.505	3.01275e-05
14.51	3.02732e-05
14.515	3.04108e-05
14.52	3.05406e-05
14.525	3.06626e-05
14.53	3.07768e-05
14.535	3.0883e-05
14.54	3.09812e-05
14.545	3.10714e-05
14.55	3.11536e-05
14.555	3.12277e-05
14.56	3.1294e-05
14.565	3.13526e-05
14.57	3.14037e-05
14.575	3.14475e-05
14.58	3.14841e-05
14.585	3.15135e-05
14.59	3.15359e-05
14.595	3.15512e-05
14.6	3.15594e-05
14.605	3.15606e-05
14.61	3.15547e-05
14.615	3.15418e-05
14.62	3.15219e-05
14.625	3.14952e-05
14.63	3.14619e-05
14.635	3.14221e-05
14.64	3.13762e-05
14.645	3.13242e-05
14.65	3.12664e-05
14.655	3.12028e-05
14.66	3.11334e-05
14.665	3.10582e-05
14.67	3.09771e-05
14.675	3.08899e-05
14.68	3.07967e-05
14.685	3.06978e-05
14.69	3.05932e-05
14.695	3.04832e-05
14.7	3.03683e-05
14.705	3.02485e-05
14.71	3.01242e-05
14.715	2.99953e-05
14.72	2.98619e-05
14.725	2.9724e-05
14.73	2.95815e-05
14.735	2.94344e-05
14.74	2.92828e-05
14.745	2.91268e-05
14.75	2.89664e-05
14.755	2.8802e-05
14.76	2.86335e-05
14.765	2.84612e-05
14.77	2.82853e-05
14.775	2.81058e-05
14.78	2.79228e-05
14.785	2.77366e-05
14.79	2.75472e-05
14.795	2.73547e-05
14.8	2.71592e-05
14.805	2.69607e-05
14.81	2.67592e-05
14.815	2.65547e-05
14.82	2.63472e-05
14.825	2.61369e-05
14.83	2.59238e-05
14.835	2.5708e-05
14.84	2.54896e-05
14.845	2.52688e-05
14.85	2.50455e-05
14.855	2.48201e-05
14.86	2.45925e-05
14.865	2.43628e-05
14.87	2.41313e-05
14.875	2.38978e-05
14.88	2.36626e-05
14.885	2.34255e-05
14.89	2.31867e-05
14.895	2.2946e-05
14.9	2.27036e-05
14.905	2.24595e-05
14.91	2.22138e-05
14.915	2.19665e-05
14.92	2.17177e-05
14.925	2.14677e-05
14.93	2.12165e-05
14.935	2.09641e-05
14.94	2.07106e-05
14.945	2.0456e-05
14.95	2.02001e-05
14.955	1.99431e-05
14.96	1.96849e-05
14.965	1.94257e-05
14.97	1.91654e-05
14.975	1.89042e-05
14.98	1.86421e-05
14.985	1.83793e-05
14.99	1.81157e-05
14.995	1.78515e-05
15	1.75866e-05
15.005	1.73209e-05
15.01	1.70544e-05
15.015	1.6787e-05
15.02	1.65187e-05
15.025	1.62496e-05
15.03	1.59797e-05
15.035	1.57094e-05
15.04	1.54388e-05
15.045	1.5168e-05
15.05	1.48972e-05
15.055	1.46263e-05
15.06	1.43552e-05
15.065	1.40838e-05
15.07	1.3812e-05
15.075	1.35397e-05
15.08	1.32668e-05
15.085	1.29935e-05
15.09	1.27198e-05
15.095	1.24458e-05
15.1	1.21715e-05
15.105	1.18971e-05
15.11	1.16225e-05
15.115	1.1348e-05
15.12	1.10734e-05
15.125	1.07987e-05
15.13	1.0524e-05
15.135	1.02493e-05
15.14	9.97457e-06
15.145	9.69971e-06
15.15	9.42472e-06
15.155	9.14956e-06
15.16	8.87421e-06
15.165	8.5987e-06
15.17	8.3231e-06
15.175	8.04755e-06
15.18	7.77216e-06
15.185	7.49706e-06
15.19	7.22231e-06
15.195	6.94789e-06
15.2	6.67371e-06
15.205	6.39964e-06
15.21	6.12554e-06
15.215	5.85133e-06
15.22	5.57699e-06
15.225	5.30256e-06
15.23	5.02817e-06
15.235	4.75395e-06
15.24	4.48002e-06
15.245	4.20641e-06
15.25	3.9331e-06
15.255	3.66002e-06
15.26	3.38706e-06
15.265	3.11415e-06
15.27	2.84128e-06
15.275	2.5685e-06
15.28	2.29589e-06
15.285	2.02353e-06
15.29	1.75149e-06
15.295	1.47978e-06
15.3	1.20835e-06
15.305	9.37165e-07
15.31	6.66193e-07
15.315	3.95456e-07
15.32	1.25023e-07
15.325	-1.45009e-07
15.33	-4.14559e-07
15.335	-6.83591e-07
15.34	-9.52142e-07
15.345	-1.2203e-06
15.35	-1.4882e-06
15.355	-1.75593e-06
15.36	-2.02357e-06
15.365	-2.29115e-06
15.37	-2.55862e-06
15.375	-2.82594e-06
15.38	-3.093e-06
15.385	-3.35971e-06
15.39	-3.62596e-06
15.395	-3.89169e-06
15.4	-4.15684e-06
15.405	-4.4214e-06
15.41	-4.6854e-06
15.415	-4.94887e-06
15.42	-5.21188e-06
15.425	-5.47444e-06
15.43	-5.73657e-06
15.435	-5.99826e-06
15.44	-6.25948e-06
15.445	-6.52019e-06
15.45	-6.78031e-06
15.455	-7.03982e-06
15.46	-7.29867e-06
15.465	-7.55688e-06
15.47	-7.81447e-06
15.475	-8.07147e-06
15.48	-8.32791e-06
15.485	-8.58375e-06
15.49	-8.83892e-06
15.495	-9.09329e-06
15.5	-9.34675e-06
15.505	-9.5992e-06
15.51	-9.85059e-06
15.515	-1.01009e-05
15.52	-1.03502e-05
15.525	-1.05985e-05
15.53	-1.08459e-05
15.535	-1.10923e-05
15.54	-1.13378e-05
15.545	-1.15823e-05
15.55	-1.18255e-05
15.555	-1.20675e-05
15.56	-1.23081e-05
15.565	-1.25473e-05
15.57	-1.27851e-05
15.575	-1.30214e-05
15.58	-1.32564e-05
15.585	-1.349e-05
15.59	-1.37221e-05
15.595	-1.39526e-05
15.6	-1.41813e-05
15.605	-1.44081e-05
15.61	-1.4633e-05
15.615	-1.4856e-05
15.62	-1.5077e-05
15.625	-1.52961e-05
15.63	-1.55132e-05
15.635	-1.57285e-05
15.64	-1.59416e-05
15.645	-1.61527e-05
15.65	-1.63614e-05
15.655	-1.65676e-05
15.66	-1.67712e-05
15.665	-1.6972e-05
15.67	-1.717e-05
15.675	-1.73653e-05
15.68	-1.75578e-05
15.685	-1.77477e-05
15.69	-1.79348e-05
15.695	-1.81193e-05
15.7	-1.83011e-05
15.705	-1.84799e-05
15.71	-1.86557e-05
15.715	-1.88282e-05
15.72	-1.89972e-05
15.725	-1.91626e-05
15.73	-1.93243e-05
15.735	-1.94823e-05
15.74	-1.96367e-05
15.745	-1.97874e-05
15.75	-1.99346e-05
15.755	-2.00782e-05
15.76	-2.02182e-05
15.765	-2.03546e-05
15.77	-2.0487e-05
15.775	-2.06153e-05
15.78	-2.07393e-05
15.785	-2.08588e-05
15.79	-2.09736e-05
15.795	-2.10839e-05
15.8	-2.11897e-05
15.805	-2.1291e-05
15.81	-2.13879e-05
15.815	-2.14806e-05
15.82	-2.1569e-05
15.825	-2.1653e-05
15.83	-2.17324e-05
15.835	-2.18071e-05
15.84	-2.18769e-05
15.845	-2.19416e-05
15.85	-2.2001e-05
15.855	-2.20553e-05
15.86	-2.21044e-05
15.865	-2.21484e-05
15.87	-2.21874e-05
15.875	-2.22214e-05
15.88	-2.22504e-05
15.885	-2.22745e-05
15.89	-2.22935e-05
15.895	-2.23073e-05
15.9	-2.23157e-05
15.905	-2.23187e-05
15.91	-2.23163e-05
15.915	-2.23084e-05
15.92	-2.22951e-05
15.925	-2.22765e-05
15.93	-2.22527e-05
15.935	-2.22236e-05
15.94	-2.21894e-05
15.945	-2.21499e-05
15.95	-2.2105e-05
15.955	-2.20546e-05
15.96	-2.19989e-05
15.965	-2.19377e-05
15.97	-2.18712e-05
15.975	-2.17996e-05
15.98	-2.17229e-05
15.985	-2.16412e-05
15.99	-2.15545e-05
15.995	-2.14627e-05
16	-2.13656e-05
16.005	-2.12631e-05
16.01	-2.11553e-05
16.015	-2.10423e-05
16.02	-2.09241e-05
16.025	-2.08011e-05
16.03	-2.06733e-05
16.035	-2.05408e-05
16.04	-2.04038e-05
16.045	-2.02622e-05
16.05	-2.0116e-05
16.055	-1.99651e-05
16.06	-1.98096e-05
16.065	-1.96495e-05
16.07	-1.94849e-05
16.075	-1.93159e-05
16.08	-1.91425e-05
16.085	-1.8965e-05
16.09	-1.87833e-05
16.095	-1.85975e-05
16.1	-1.84076e-05
16.105	-1.82136e-05
16.11	-1.80157e-05
16.115	-1.78139e-05
16.12	-1.76084e-05
16.125	-1.73992e-05
16.13	-1.71865e-05
16.135	-1.69704e-05
16.14	-1.67509e-05
16.145	-1.65283e-05
16.15	-1.63027e-05
16.155	-1.60741e-05
16.16	-1.58427e-05
16.165	-1.56084e-05
16.17	-1.53714e-05
16.175	-1.51316e-05
16.18	-1.48889e-05
16.185	-1.46435e-05
16.19	-1.43954e-05
16.195	-1.41449e-05
16.2	-1.38921e-05
16.205	-1.36372e-05
16.21	-1.33804e-05
16.215	-1.31219e-05
16.22	-1.28617e-05
16.225	-1.25998e-05
16.23	-1.23363e-05
16.235	-1.20712e-05
16.24	-1.18045e-05
16.245	-1.15362e-05
16.25	-1.12665e-05
16.255	-1.09955e-05
16.26	-1.07234e-05
16.265	-1.04504e-05
16.27	-1.01765e-05
16.275	-9.90202e-06
16.28	-9.62684e-06
16.285	-9.35105e-06
16.29	-9.07465e-06
16.295	-8.79768e-06
16.3	-8.52019e-06
16.305	-8.24228e-06
16.31	-7.96404e-06
16.315	-7.6856e-06
16.32	-7.40712e-06
16.325	-7.12873e-06
16.33	-6.85056e-06
16.335	-6.57272e-06
16.34	-6.29528e-06
16.345	-6.01828e-06
16.35	-5.74175e-06
16.355	-5.46567e-06
16.36	-5.19006e-06
16.365	-4.91495e-06
16.37	-4.64043e-06
16.375	-4.3666e-06
16.38	-4.09359e-06
16.385	-3.8215e-06
16.39	-3.55045e-06
16.395	-3.2805e-06
16.4	-3.01172e-06
16.405	-2.74414e-06
16.41	-2.47781e-06
16.415	-2.21275e-06
16.42	-1.94902e-06
16.425	-1.68667e-06
16.43	-1.42575e-06
16.435	-1.16632e-06
16.44	-9.08434e-07
16.445	-6.52126e-07
16.45	-3.97433e-07
16.455	-1.44389e-07
16.46	1.06957e-07
16.465	3.56538e-07
16.47	6.04264e-07
16.475	8.50042e-07
16.48	1.0938e-06
16.485	1.3355e-06
16.49	1.57515e-06
16.495	1.8128e-06
16.5	2.04848e-06
16.505	2.28225e-06
16.51	2.51409e-06
16.515	2.74397e-06
16.52	2.97181e-06
16.525	3.19749e-06
16.53	3.42086e-06
16.535	3.64181e-06
16.54	3.86021e-06
16.545	4.07604e-06
16.55	4.28932e-06
16.555	4.50016e-06
16.56	4.70868e-06
16.565	4.91503e-06
16.57	5.11926e-06
16.575	5.32136e-06
16.58	5.52124e-06
16.585	5.71872e-06
16.59	5.91359e-06
16.595	6.10569e-06
16.6	6.29492e-06
16.605	6.48126e-06
16.61	6.66482e-06
16.615	6.84575e-06
16.62	7.02423e-06
16.625	7.2004e-06
16.63	7.37437e-06
16.635	7.54614e-06
16.64	7.71565e-06
16.645	7.88275e-06
16.65	8.04729e-06
16.655	8.20911e-06
16.66	8.36809e-06
16.665	8.52417e-06
16.67	8.67736e-06
16.675	8.82775e-06
16.68	8.97548e-06
16.685	9.12069e-06
16.69	9.2635e-06
16.695	9.404e-06
16.7	9.54219e-06
16.705	9.67802e-06
16.71	9.81141e-06
16.715	9.94224e-06
16.72	1.00704e-05
16.725	1.01959e-05
16.73	1.03187e-05
16.735	1.04388e-05
16.74	1.05564e-05
16.745	1.06715e-05
16.75	1.07843e-05
16.755	1.08947e-05
16.76	1.10027e-05
16.765	1.11084e-05
16.77	1.12117e-05
16.775	1.13125e-05
16.78	1.14108e-05
16.785	1.15067e-05
16.79	1.16001e-05
16.795	1.16912e-05
16.8	1.17798e-05
16.805	1.18661e-05
16.81	1.19501e-05
16.815	1.20318e-05
16.82	1.21112e-05
16.825	1.21883e-05
16.83	1.22632e-05
16.835	1.23358e-05
16.84	1.24062e-05
16.845	1.24745e-05
16.85	1.25407e-05
16.855	1.26047e-05
16.86	1.26665e-05
16.865	1.27262e-05
16.87	1.27837e-05
16.875	1.28389e-05
16.88	1.28919e-05
16.885	1.29428e-05
16.89	1.29915e-05
16.895	1.30383e-05
16.9	1.30831e-05
16.905	1.31262e-05
16.91	1.31674e-05
16.915	1.32068e-05
16.92	1.32444e-05
16.925	1.328e-05
16.93	1.33135e-05
16.935	1.3345e-05
16.94	1.33744e-05
16.945	1.34017e-05
16.95	1.34271e-05
16.955	1.34507e-05
16.96	1.34725e-05
16.965	1.34927e-05
16.97	1.35113e-05
16.975	1.35283e-05
16.98	1.35436e-05
16.985	1.35571e-05
16.99	1.35688e-05
16.995	1.35785e-05
17	1.35863e-05
17.005	1.35923e-05
17.01	1.35966e-05
17.015	1.35992e-05
17.02	1.36004e-05
17.025	1.36002e-05
17.03	1.35985e-05
17.035	1.35953e-05
17.04	1.35904e-05
17.045	1.35838e-05
17.05	1.35753e-05
17.055	1.3565e-05
17.06	1.35529e-05
17.065	1.35391e-05
17.07	1.35238e-05
17.075	1.35071e-05
17.08	1.3489e-05
17.085	1.34697e-05
17.09	1.3449e-05
17.095	1.34269e-05
17.1	1.3403e-05
17.105	1.33775e-05
17.11	1.33501e-05
17.115	1.33208e-05
17.12	1.32898e-05
17.125	1.32573e-05
17.13	1.32232e-05
17.135	1.31877e-05
17.14	1.31509e-05
17.145	1.31126e-05
17.15	1.30729e-05
17.155	1.30316e-05
17.16	1.29886e-05
17.165	1.29439e-05
17.17	1.28975e-05
17.175	1.28493e-05
17.18	1.27994e-05
17.185	1.2748e-05
17.19	1.2695e-05
17.195	1.26406e-05
17.2	1.25846e-05
17.205	1.25271e-05
17.21	1.24679e-05
17.215	1.24069e-05
17.22	1.23442e-05
17.225	1.22796e-05
17.23	1.22131e-05
17.235	1.2145e-05
17.24	1.20751e-05
17.245	1.20036e-05
17.25	1.19306e-05
17.255	1.18559e-05
17.26	1.17797e-05
17.265	1.17016e-05
17.27	1.16218e-05
17.275	1.15399e-05
17.28	1.14561e-05
17.285	1.13704e-05
17.29	1.12827e-05
17.295	1.11933e-05
17.3	1.11021e-05
17.305	1.10094e-05
17.31	1.0915e-05
17.315	1.08189e-05
17.32	1.07211e-05
17.325	1.06215e-05
17.33	1.05199e-05
17.335	1.04164e-05
17.34	1.03108e-05
17.345	1.02033e-05
17.35	1.00938e-05
17.355	9.98254e-06
17.36	9.86951e-06
17.365	9.75476e-06
17.37	9.63827e-06
17.375	9.52e-06
17.38	9.39988e-06
17.385	9.27787e-06
17.39	9.15392e-06
17.395	9.02804e-06
17.4	8.90026e-06
17.405	8.77068e-06
17.41	8.63937e-06
17.415	8.50641e-06
17.42	8.37186e-06
17.425	8.23571e-06
17.43	8.09793e-06
17.435	7.95847e-06
17.44	7.81728e-06
17.445	7.67433e-06
17.45	7.52961e-06
17.455	7.38317e-06
17.46	7.23505e-06
17.465	7.08534e-06
17.47	6.9341e-06
17.475	6.78142e-06
17.48	6.62734e-06
17.485	6.47189e-06
17.49	6.31506e-06
17.495	6.15683e-06
17.5	5.99718e-06
17.505	5.83613e-06
17.51	5.67369e-06
17.515	5.50992e-06
17.52	5.34486e-06
17.525	5.17861e-06
17.53	5.01122e-06
17.535	4.84278e-06
17.54	4.67333e-06
17.545	4.50291e-06
17.55	4.33153e-06
17.555	4.15918e-06
17.56	3.98586e-06
17.565	3.8116e-06
17.57	3.63643e-06
17.575	3.46041e-06
17.58	3.28364e-06
17.585	3.10619e-06
17.59	2.92817e-06
17.595	2.74965e-06
17.6	2.57068e-06
17.605	2.39127e-06
17.61	2.21144e-06
17.615	2.03117e-06
17.62	1.85045e-06
17.625	1.66931e-06
17.63	1.4878e-06
17.635	1.30603e-06
17.64	1.1241e-06
17.645	9.42105e-07
17.65	7.60147e-07
17.655	5.78288e-07
17.66	3.96569e-07
17.665	2.15015e-07
17.67	3.36344e-08
17.675	-1.47561e-07
17.68	-3.28551e-07
17.685	-5.0929e-07
17.69	-6.89705e-07
17.695	-8.69705e-07
17.7	-1.04919e-06
17.705	-1.22806e-06
17.71	-1.40625e-06
17.715	-1.58373e-06
17.72	-1.76047e-06
17.725	-1.93651e-06
17.73	-2.11186e-06
17.735	-2.28653e-06
17.74	-2.4605e-06
17.745	-2.63371e-06
17.75	-2.80604e-06
17.755	-2.97736e-06
17.76	-3.14752e-06
17.765	-3.31639e-06
17.77	-3.48389e-06
17.775	-3.65e-06
17.78	-3.81474e-06
17.785	-3.97815e-06
17.79	-4.14028e-06
17.795	-4.30116e-06
17.8	-4.46078e-06
17.805	-4.6191e-06
17.81	-4.77601e-06
17.815	-4.93141e-06
17.82	-5.0852e-06
17.825	-5.2373e-06
17.83	-5.38767e-06
17.835	-5.5363e-06
17.84	-5.68319e-06
17.845	-5.82835e-06
17.85	-5.97179e-06
17.855	-6.11348e-06
17.86	-6.25338e-06
17.865	-6.39143e-06
17.87	-6.52758e-06
17.875	-6.66175e-06
17.88	-6.7939e-06
17.885	-6.92401e-06
17.89	-7.05208e-06
17.895	-7.17816e-06
17.9	-7.30226e-06
17.905	-7.42441e-06
17.91	-7.54457e-06
17.915	-7.66271e-06
17.92	-7.77874e-06
17.925	-7.89257e-06
17.93	-8.00413e-06
17.935	-8.11338e-06
17.94	-8.22031e-06
17.945	-8.32494e-06
17.95	-8.42733e-06
17.955	-8.52752e-06
17.96	-8.62558e-06
17.965	-8.7215e-06
17.97	-8.81528e-06
17.975	-8.90687e-06
17.98	-8.9962e-06
17.985	-9.08322e-06
17.99	-9.16787e-06
17.995	-9.25015e-06
18	-9.33003e-06
18.005	-9.40753e-06
18.01	-9.48269e-06
18.015	-9.55554e-06
18.02	-9.6261e-06
18.025	-9.69437e-06
18.03	-9.76034e-06
18.035	-9.82396e-06
18.04	-9.88521e-06
18.045	-9.94405e-06
18.05	-1.00005e-05
18.055	-1.00546e-05
18.06	-1.01064e-05
18.065	-1.01559e-05
18.07	-1.02032e-05
18.075	-1.02483e-05
18.08	-1.02912e-05
18.085	-1.03319e-05
18.09	-1.03702e-05
18.095	-1.04061e-05
18.1	-1.04396e-05
18.105	-1.04705e-05
18.11	-1.0499e-05
18.115	-1.05252e-05
18.12	-1.05493e-05
18.125	-1.05712e-05
18.13	-1.0591e-05
18.135	-1.06088e-05
18.14	-1.06245e-05
18.145	-1.06379e-05
18.15	-1.0649e-05
18.155	-1.06577e-05
18.16	-1.06641e-05
18.165	-1.06682e-05
18.17	-1.06701e-05
18.175	-1.06698e-05
18.18	-1.06675e-05
18.185	-1.06633e-05
18.19	-1.06572e-05
18.195	-1.06491e-05
18.2	-1.0639e-05
18.205	-1.06268e-05
18.21	-1.06125e-05
18.215	-1.05958e-05
18.22	-1.05769e-05
18.225	-1.05558e-05
18.23	-1.05326e-05
18.235	-1.05074e-05
18.24	-1.04804e-05
18.245	-1.04516e-05
18.25	-1.04213e-05
18.255	-1.03893e-05
18.26	-1.03555e-05
18.265	-1.03198e-05
18.27	-1.02822e-05
18.275	-1.02425e-05
18.28	-1.02008e-05
18.285	-1.01571e-05
18.29	-1.01116e-05
18.295	-1.00643e-05
18.3	-1.00155e-05
18.305	-9.96517e-06
18.31	-9.91334e-06
18.315	-9.85995e-06
18.32	-9.80493e-06
18.325	-9.7482e-06
18.33	-9.68973e-06
18.335	-9.62954e-06
18.34	-9.5677e-06
18.345	-9.50429e-06
18.35	-9.4394e-06
18.355	-9.37311e-06
18.36	-9.30545e-06
18.365	-9.23644e-06
18.37	-9.16606e-06
18.375	-9.09428e-06
18.38	-9.02108e-06
18.385	-8.94647e-06
18.39	-8.87049e-06
18.395	-8.79317e-06
18.4	-8.71457e-06
18.405	-8.63473e-06
18.41	-8.5537e-06
18.415	-8.47149e-06
18.42	-8.38813e-06
18.425	-8.30365e-06
18.43	-8.21807e-06
18.435	-8.1314e-06
18.44	-8.04364e-06
18.445	-7.95479e-06
18.45	-7.86488e-06
18.455	-7.77393e-06
18.46	-7.68202e-06
18.465	-7.58918e-06
18.47	-7.49547e-06
18.475	-7.40092e-06
18.48	-7.30553e-06
18.485	-7.20927e-06
18.49	-7.11212e-06
18.495	-7.01406e-06
18.5	-6.9151e-06
18.505	-6.81527e-06
18.51	-6.71464e-06
18.515	-6.61331e-06
18.52	-6.51138e-06
18.525	-6.40893e-06
18.53	-6.30598e-06
18.535	-6.20252e-06
18.54	-6.09848e-06
18.545	-5.99382e-06
18.55	-5.8885e-06
18.555	-5.78251e-06
18.56	-5.67591e-06
18.565	-5.56876e-06
18.57	-5.46115e-06
18.575	-5.35314e-06
18.58	-5.24479e-06
18.585	-5.13611e-06
18.59	-5.02709e-06
18.595	-4.91773e-06
18.6	-4.808e-06
18.605	-4.69789e-06
18.61	-4.58741e-06
18.615	-4.47659e-06
18.62	-4.36547e-06
18.625	-4.25408e-06
18.63	-4.14246e-06
18.635	-4.03066e-06
18.64	-3.91872e-06
18.645	-3.80665e-06
18.65	-3.69447e-06
18.655	-3.58218e-06
18.66	-3.46978e-06
18.665	-3.35725e-06
18.67	-3.24459e-06
18.675	-3.13182e-06
18.68	-3.01895e-06
18.685	-2.90602e-06
18.69	-2.79306e-06
18.695	-2.6801e-06
18.7	-2.56717e-06
18.705	-2.45427e-06
18.71	-2.34142e-06
18.715	-2.22861e-06
18.72	-2.11584e-06
18.725	-2.00311e-06
18.73	-1.89044e-06
18.735	-1.77787e-06
18.74	-1.66544e-06
18.745	-1.55316e-06
18.75	-1.44107e-06
18.755	-1.32916e-06
18.76	-1.21743e-06
18.765	-1.10587e-06
18.77	-9.94481e-07
18.775	-8.83273e-07
18.78	-7.72261e-07
18.785	-6.61461e-07
18.79	-5.50892e-07
18.795	-4.40572e-07
18.8	-3.30522e-07
18.805	-2.20765e-07
18.81	-1.11323e-07
18.815	-2.21337e-09
18.82	1.06553e-07
18.825	2.14971e-07
18.83	3.23039e-07
18.835	4.30763e-07
18.84	5.38151e-07
18.845	6.4521e-07
18.85	7.51939e-07
18.855	8.58319e-07
18.86	9.64315e-07
18.865	1.06988e-06
18.87	1.17495e-06
18.875	1.2795e-06
18.88	1.38352e-06
18.885	1.487e-06
18.89	1.59e-06
18.895	1.69254e-06
18.9	1.79465e-06
18.905	1.89632e-06
18.91	1.99753e-06
18.915	2.09822e-06
18.92	2.19832e-06
18.925	2.29779e-06
18.93	2.39661e-06
18.935	2.49479e-06
18.94	2.59235e-06
18.945	2.6893e-06
18.95	2.78564e-06
18.955	2.88136e-06
18.96	2.9764e-06
18.965	3.07073e-06
18.97	3.16433e-06
18.975	3.25717e-06
18.98	3.34927e-06
18.985	3.44064e-06
18.99	3.53131e-06
18.995	3.62128e-06
19	3.71054e-06
19.005	3.79905e-06
19.01	3.88678e-06
19.015	3.97366e-06
19.02	4.05965e-06
19.025	4.14472e-06
19.03	4.22887e-06
19.035	4.3121e-06
19.04	4.39441e-06
19.045	4.4758e-06
19.05	4.55627e-06
19.055	4.6358e-06
19.06	4.71439e-06
19.065	4.79204e-06
19.07	4.86875e-06
19.075	4.94451e-06
19.08	5.0193e-06
19.085	5.09308e-06
19.09	5.16581e-06
19.095	5.23744e-06
19.1	5.30792e-06
19.105	5.37722e-06
19.11	5.44536e-06
19.115	5.51236e-06
19.12	5.57826e-06
19.125	5.64308e-06
19.13	5.70684e-06
19.135	5.76952e-06
19.14	5.83106e-06
19.145	5.89142e-06
19.15	5.95054e-06
19.155	6.00837e-06
19.16	6.0649e-06
19.165	6.12013e-06
19.17	6.17406e-06
19.175	6.22673e-06
19.18	6.27813e-06
19.185	6.3283e-06
19.19	6.37724e-06
19.195	6.42492e-06
19.2	6.47133e-06
19.205	6.51643e-06
19.21	6.56021e-06
19.215	6.60263e-06
19.22	6.64368e-06
19.225	6.68334e-06
19.23	6.7216e-06
19.235	6.75845e-06
19.24	6.7939e-06
19.245	6.82796e-06
19.25	6.86067e-06
19.255	6.89203e-06
19.26	6.92205e-06
19.265	6.95072e-06
19.27	6.97802e-06
19.275	7.00393e-06
19.28	7.02844e-06
19.285	7.05153e-06
19.29	7.07319e-06
19.295	7.09341e-06
19.3	7.11219e-06
19.305	7.12951e-06
19.31	7.1454e-06
19.315	7.15987e-06
19.32	7.17294e-06
19.325	7.18461e-06
19.33	7.19488e-06
19.335	7.20375e-06
19.34	7.21122e-06
19.345	7.2173e-06
19.35	7.222e-06
19.355	7.22532e-06
19.36	7.22726e-06
19.365	7.2278e-06
19.37	7.22693e-06
19.375	7.22466e-06
19.38	7.22099e-06
19.385	7.21595e-06
19.39	7.20956e-06
19.395	7.20184e-06
19.4	7.1928e-06
19.405	7.18244e-06
19.41	7.17076e-06
19.415	7.15775e-06
19.42	7.1434e-06
19.425	7.1277e-06
19.43	7.11068e-06
19.435	7.09235e-06
19.44	7.07274e-06
19.445	7.05188e-06
19.45	7.0298e-06
19.455	7.00649e-06
19.46	6.98197e-06
19.465	6.95623e-06
19.47	6.92925e-06
19.475	6.90104e-06
19.48	6.87159e-06
19.485	6.84091e-06
19.49	6.809e-06
19.495	6.77591e-06
19.5	6.74165e-06
19.505	6.70626e-06
19.51	6.66975e-06
19.515	6.63215e-06
19.52	6.59348e-06
19.525	6.55374e-06
19.53	6.51297e-06
19.535	6.47114e-06
19.54	6.42826e-06
19.545	6.3843e-06
19.55	6.33924e-06
19.555	6.29308e-06
19.56	6.24583e-06
19.565	6.19753e-06
19.57	6.14824e-06
19.575	6.09801e-06
19.58	6.04688e-06
19.585	5.99487e-06
19.59	5.94198e-06
19.595	5.88818e-06
19.6	5.83345e-06
19.605	5.77777e-06
19.61	5.72112e-06
19.615	5.66353e-06
19.62	5.60503e-06
19.625	5.54569e-06
19.63	5.48555e-06
19.635	5.42465e-06
19.64	5.363e-06
19.645	5.30058e-06
19.65	5.23739e-06
19.655	5.17341e-06
19.66	5.10864e-06
19.665	5.04309e-06
19.67	4.97677e-06
19.675	4.90971e-06
19.68	4.84192e-06
19.685	4.77342e-06
19.69	4.70423e-06
19.695	4.6344e-06
19.7	4.56394e-06
19.705	4.49288e-06
19.71	4.42124e-06
19.715	4.349e-06
19.72	4.27616e-06
19.725	4.2027e-06
19.73	4.1286e-06
19.735	4.05386e-06
19.74	3.97852e-06
19.745	3.90262e-06
19.75	3.82622e-06
19.755	3.74936e-06
19.76	3.67209e-06
19.765	3.59439e-06
19.77	3.51625e-06
19.775	3.43764e-06
19.78	3.35855e-06
19.785	3.27898e-06
19.79	3.19896e-06
19.795	3.11853e-06
19.8	3.03774e-06
19.805	2.95662e-06
19.81	2.87518e-06
19.815	2.79342e-06
19.82	2.71133e-06
19.825	2.62888e-06
19.83	2.54608e-06
19.835	2.46295e-06
19.84	2.37954e-06
19.845	2.2959e-06
19.85	2.21208e-06
19.855	2.1281e-06
19.86	2.04396e-06
19.865	1.95964e-06
19.87	1.87512e-06
19.875	1.7904e-06
19.88	1.70549e-06
19.885	1.62042e-06
19.89	1.53523e-06
19.895	1.44996e-06
19.9	1.36462e-06
19.905	1.27924e-06
19.91	1.19382e-06
19.915	1.10837e-06
19.92	1.0229e-06
19.925	9.37411e-07
19.93	8.51942e-07
19.935	7.66522e-07
19.94	6.81176e-07
19.945	5.95919e-07
19.95	5.10746e-07
19.955	4.25648e-07
19.96	3.40619e-07
19.965	2.55673e-07
19.97	1.70842e-07
19.975	8.61721e-08
19.98	1.71366e-09
19.985	-8.24931e-08
19.99	-1.66424e-07
19.995	-2.50074e-07
