0	0
0.005	0
0.01	0
0.015	0
0.02	0
0.025	0
0.03	0
0.035	0
0.04	0
0.045	0
0.05	0
0.055	0
0.06	0
0.065	0
0.07	0
0.075	0
0.08	0
0.085	0
0.09	0
0.095	0
0.1	0
0.105	0
0.11	0
0.115	0
0.12	0
0.125	0
0.13	0
0.135	0
0.14	0
0.145	0
0.15	0
0.155	0
0.16	0
0.165	0
0.17	0
0.175	0
0.18	0
0.185	0
0.19	0
0.195	0
0.2	0
0.205	0
0.21	0
0.215	0
0.22	0
0.225	0
0.23	0
0.235	0
0.24	0
0.245	0
0.25	0
0.255	0
0.26	0
0.265	0
0.27	0
0.275	0
0.28	0
0.285	0
0.29	0
0.295	0
0.3	0
0.305	0
0.31	0
0.315	0
0.32	0
0.325	0
0.33	0
0.335	0
0.34	0
0.345	0
0.35	0
0.355	0
0.36	-1.02457e-49
0.365	-9.56013e-48
0.37	-4.40265e-46
0.375	-1.32903e-44
0.38	-2.94142e-43
0.385	-5.04417e-42
0.39	-6.8703e-41
0.395	-7.40343e-40
0.4	-5.94668e-39
0.405	-2.57855e-38
0.41	1.83338e-37
0.415	6.05403e-36
0.42	9.03982e-35
0.425	1.03075e-33
0.43	9.97406e-33
0.435	8.5453e-32
0.44	6.62976e-31
0.445	4.72371e-30
0.45	3.12109e-29
0.455	1.92621e-28
0.46	1.11668e-27
0.465	6.10891e-27
0.47	3.16573e-26
0.475	1.55908e-25
0.48	7.3177e-25
0.485	3.28146e-24
0.49	1.40897e-23
0.495	5.80411e-23
0.5	2.29795e-22
0.505	8.75835e-22
0.51	3.21826e-21
0.515	1.14164e-20
0.52	3.91463e-20
0.525	1.299e-19
0.53	4.17595e-19
0.535	1.30186e-18
0.54	3.93949e-18
0.545	1.15816e-17
0.55	3.31058e-17
0.555	9.20843e-17
0.56	2.49418e-16
0.565	6.58307e-16
0.57	1.69422e-15
0.575	4.25419e-15
0.58	1.04285e-14
0.585	2.49702e-14
0.59	5.84311e-14
0.595	1.33691e-13
0.6	2.99228e-13
0.605	6.55442e-13
0.61	1.40567e-12
0.615	2.95277e-12
0.62	6.07764e-12
0.625	1.22621e-11
0.63	2.42587e-11
0.635	4.70755e-11
0.64	8.96365e-11
0.645	1.67523e-10
0.65	3.07393e-10
0.655	5.53949e-10
0.66	9.80672e-10
0.665	1.70598e-09
0.67	2.91702e-09
0.675	4.90375e-09
0.68	8.10687e-09
0.685	1.31833e-08
0.69	2.10935e-08
0.695	3.32149e-08
0.7	5.14857e-08
0.705	7.85808e-08
0.71	1.18122e-07
0.715	1.74922e-07
0.72	2.5525e-07
0.725	3.67126e-07
0.73	5.2061e-07
0.735	7.28088e-07
0.74	1.00452e-06
0.745	1.36766e-06
0.75	1.83815e-06
0.755	2.43963e-06
0.76	3.19864e-06
0.765	4.1445e-06
0.77	5.30914e-06
0.775	6.72674e-06
0.78	8.43352e-06
0.785	1.04674e-05
0.79	1.28676e-05
0.795	1.56748e-05
0.8	1.89305e-05
0.805	2.26774e-05
0.81	2.69593e-05
0.815	3.18211e-05
0.82	3.73084e-05
0.825	4.34684e-05
0.83	5.03486e-05
0.835	5.79974e-05
0.84	6.6463e-05
0.845	7.57928e-05
0.85	8.6033e-05
0.855	9.72275e-05
0.86	0.000109417
0.865	0.00012264
0.87	0.00013693
0.875	0.000152316
0.88	0.000168824
0.885	0.000186476
0.89	0.000205291
0.895	0.000225286
0.9	0.000246477
0.905	0.000268877
0.91	0.000292501
0.915	0.000317363
0.92	0.000343478
0.925	0.000370861
0.93	0.000399529
0.935	0.000429499
0.94	0.000460788
0.945	0.000493415
0.95	0.000527395
0.955	0.000562746
0.96	0.000599481
0.965	0.000637614
0.97	0.000677154
0.975	0.000718107
0.98	0.000760475
0.985	0.000804259
0.99	0.000849453
0.995	0.000896048
1	0.000944033
1.005	0.000993394
1.01	0.00104411
1.015	0.00109617
1.02	0.00114955
1.025	0.00120423
1.03	0.00126018
1.035	0.00131738
1.04	0.0013758
1.045	0.00143541
1.05	0.00149619
1.055	0.0015581
1.06	0.0016211
1.065	0.00168515
1.07	0.00175022
1.075	0.00181625
1.08	0.0018832
1.085	0.001951
1.09	0.00201961
1.095	0.00208896
1.1	0.00215898
1.105	0.00222962
1.11	0.0023008
1.115	0.00237246
1.12	0.00244454
1.125	0.00251695
1.13	0.00258963
1.135	0.0026625
1.14	0.00273549
1.145	0.0028085
1.15	0.00288147
1.155	0.00295429
1.16	0.00302688
1.165	0.00309916
1.17	0.00317103
1.175	0.00324239
1.18	0.00331315
1.185	0.00338322
1.19	0.00345249
1.195	0.00352085
1.2	0.00358822
1.205	0.00365447
1.21	0.00371953
1.215	0.00378327
1.22	0.00384562
1.225	0.00390645
1.23	0.00396568
1.235	0.0040232
1.24	0.0040789
1.245	0.00413268
1.25	0.00418444
1.255	0.00423406
1.26	0.00428145
1.265	0.0043265
1.27	0.0043691
1.275	0.00440915
1.28	0.00444655
1.285	0.00448119
1.29	0.00451299
1.295	0.00454183
1.3	0.00456764
1.305	0.0045903
1.31	0.00460973
1.315	0.00462584
1.32	0.00463856
1.325	0.00464778
1.33	0.00465345
1.335	0.00465548
1.34	0.00465382
1.345	0.00464839
1.35	0.00463915
1.355	0.00462604
1.36	0.00460903
1.365	0.00458808
1.37	0.00456316
1.375	0.00453425
1.38	0.00450132
1.385	0.00446437
1.39	0.00442338
1.395	0.00437835
1.4	0.0043293
1.405	0.00427624
1.41	0.00421917
1.415	0.00415811
1.42	0.0040931
1.425	0.00402414
1.43	0.00395126
1.435	0.0038745
1.44	0.00379389
1.445	0.00370948
1.45	0.0036213
1.455	0.00352941
1.46	0.00343386
1.465	0.00333472
1.47	0.00323203
1.475	0.00312588
1.48	0.00301633
1.485	0.00290347
1.49	0.00278738
1.495	0.00266814
1.5	0.00254586
1.505	0.00242064
1.51	0.00229259
1.515	0.00216182
1.52	0.00202845
1.525	0.00189261
1.53	0.00175442
1.535	0.00161401
1.54	0.00147151
1.545	0.00132706
1.55	0.00118079
1.555	0.00103284
1.56	0.000883329
1.565	0.000732413
1.57	0.000580229
1.575	0.000426922
1.58	0.000272637
1.585	0.000117522
1.59	-3.82736e-05
1.595	-0.000194602
1.6	-0.000351315
1.605	-0.000508266
1.61	-0.000665308
1.615	-0.000822298
1.62	-0.000979091
1.625	-0.00113554
1.63	-0.0012915
1.635	-0.00144683
1.64	-0.00160136
1.645	-0.00175496
1.65	-0.00190746
1.655	-0.00205872
1.66	-0.00220858
1.665	-0.00235688
1.67	-0.00250349
1.675	-0.00264825
1.68	-0.00279103
1.685	-0.00293168
1.69	-0.00307008
1.695	-0.00320609
1.7	-0.00333959
1.705	-0.00347047
1.71	-0.0035986
1.715	-0.00372387
1.72	-0.00384616
1.725	-0.00396538
1.73	-0.00408141
1.735	-0.00419415
1.74	-0.00430351
1.745	-0.00440938
1.75	-0.00451167
1.755	-0.0046103
1.76	-0.00470518
1.765	-0.00479623
1.77	-0.0048834
1.775	-0.0049666
1.78	-0.00504579
1.785	-0.0051209
1.79	-0.00519188
1.795	-0.00525869
1.8	-0.0053213
1.805	-0.00537966
1.81	-0.00543376
1.815	-0.00548359
1.82	-0.00552913
1.825	-0.00557039
1.83	-0.00560737
1.835	-0.00564006
1.84	-0.00566848
1.845	-0.00569264
1.85	-0.00571254
1.855	-0.00572822
1.86	-0.00573968
1.865	-0.00574696
1.87	-0.0057501
1.875	-0.00574914
1.88	-0.00574411
1.885	-0.00573509
1.89	-0.00572211
1.895	-0.00570525
1.9	-0.00568458
1.905	-0.00566015
1.91	-0.00563204
1.915	-0.00560033
1.92	-0.00556509
1.925	-0.00552641
1.93	-0.00548437
1.935	-0.00543907
1.94	-0.0053906
1.945	-0.00533906
1.95	-0.00528457
1.955	-0.00522723
1.96	-0.00516715
1.965	-0.00510445
1.97	-0.00503925
1.975	-0.00497168
1.98	-0.00490186
1.985	-0.00482992
1.99	-0.00475599
1.995	-0.0046802
2	-0.00460267
2.005	-0.00452353
2.01	-0.00444291
2.015	-0.00436092
2.02	-0.00427769
2.025	-0.00419334
2.03	-0.004108
2.035	-0.0040218
2.04	-0.00393485
2.045	-0.00384729
2.05	-0.00375924
2.055	-0.00367083
2.06	-0.00358218
2.065	-0.00349341
2.07	-0.00340467
2.075	-0.00331606
2.08	-0.00322772
2.085	-0.00313977
2.09	-0.00305232
2.095	-0.0029655
2.1	-0.00287941
2.105	-0.00279416
2.11	-0.00270986
2.115	-0.0026266
2.12	-0.00254447
2.125	-0.00246358
2.13	-0.002384
2.135	-0.00230582
2.14	-0.00222914
2.145	-0.00215402
2.15	-0.00208057
2.155	-0.00200885
2.16	-0.00193894
2.165	-0.00187091
2.17	-0.00180482
2.175	-0.00174073
2.18	-0.00167868
2.185	-0.00161872
2.19	-0.00156089
2.195	-0.00150522
2.2	-0.00145174
2.205	-0.00140048
2.21	-0.00135146
2.215	-0.00130468
2.22	-0.00126017
2.225	-0.00121793
2.23	-0.00117797
2.235	-0.00114028
2.24	-0.00110485
2.245	-0.00107167
2.25	-0.00104073
2.255	-0.00101201
2.26	-0.000985469
2.265	-0.000961085
2.27	-0.000938819
2.275	-0.000918633
2.28	-0.000900488
2.285	-0.000884343
2.29	-0.000870158
2.295	-0.000857888
2.3	-0.00084749
2.305	-0.000838916
2.31	-0.000832119
2.315	-0.000827048
2.32	-0.000823654
2.325	-0.000821884
2.33	-0.00082169
2.335	-0.000823019
2.34	-0.000825819
2.345	-0.000830038
2.35	-0.000835619
2.355	-0.000842506
2.36	-0.000850638
2.365	-0.000859956
2.37	-0.000870396
2.375	-0.000881896
2.38	-0.000894396
2.385	-0.000907833
2.39	-0.000922148
2.395	-0.000937277
2.4	-0.000953156
2.405	-0.000969719
2.41	-0.000986893
2.415	-0.0010046
2.42	-0.00102277
2.425	-0.00104131
2.43	-0.00106013
2.435	-0.00107914
2.44	-0.00109824
2.445	-0.00111735
2.45	-0.00113635
2.455	-0.00115517
2.46	-0.00117371
2.465	-0.00119189
2.47	-0.00120962
2.475	-0.00122682
2.48	-0.00124343
2.485	-0.00125936
2.49	-0.00127456
2.495	-0.00128895
2.5	-0.00130247
2.505	-0.00131506
2.51	-0.00132665
2.515	-0.00133717
2.52	-0.00134657
2.525	-0.00135479
2.53	-0.00136178
2.535	-0.00136749
2.54	-0.00137186
2.545	-0.00137484
2.55	-0.00137638
2.555	-0.00137644
2.56	-0.00137496
2.565	-0.00137189
2.57	-0.00136719
2.575	-0.00136082
2.58	-0.00135275
2.585	-0.00134294
2.59	-0.00133138
2.595	-0.00131803
2.6	-0.0013029
2.605	-0.00128596
2.61	-0.0012672
2.615	-0.00124663
2.62	-0.00122422
2.625	-0.00119999
2.63	-0.00117392
2.635	-0.00114602
2.64	-0.0011163
2.645	-0.00108477
2.65	-0.00105143
2.655	-0.00101629
2.66	-0.000979369
2.665	-0.000940688
2.67	-0.000900269
2.675	-0.000858136
2.68	-0.000814317
2.685	-0.000768845
2.69	-0.000721751
2.695	-0.000673073
2.7	-0.000622848
2.705	-0.000571115
2.71	-0.000517916
2.715	-0.000463295
2.72	-0.000407296
2.725	-0.000349964
2.73	-0.000291347
2.735	-0.000231494
2.74	-0.000170456
2.745	-0.000108288
2.75	-4.50483e-05
2.755	1.92042e-05
2.76	8.4407e-05
2.765	0.000150496
2.77	0.000217406
2.775	0.00028507
2.78	0.000353423
2.785	0.000422398
2.79	0.00049193
2.795	0.000561955
2.8	0.00063241
2.805	0.000703233
2.81	0.00077436
2.815	0.000845731
2.82	0.000917283
2.825	0.000988957
2.83	0.00106069
2.835	0.00113243
2.84	0.00120411
2.845	0.00127568
2.85	0.00134706
2.855	0.00141821
2.86	0.00148906
2.865	0.00155956
2.87	0.00162963
2.875	0.00169924
2.88	0.00176833
2.885	0.00183683
2.89	0.0019047
2.895	0.00197187
2.9	0.0020383
2.905	0.0021039
2.91	0.00216863
2.915	0.0022324
2.92	0.00229517
2.925	0.00235686
2.93	0.00241741
2.935	0.00247676
2.94	0.00253486
2.945	0.00259164
2.95	0.00264704
2.955	0.00270101
2.96	0.00275348
2.965	0.0028044
2.97	0.00285372
2.975	0.00290138
2.98	0.00294734
2.985	0.00299156
2.99	0.003034
2.995	0.00307462
3	0.0031134
3.005	0.00315031
3.01	0.00318531
3.015	0.0032184
3.02	0.00324954
3.025	0.00327871
3.03	0.00330588
3.035	0.00333104
3.04	0.00335416
3.045	0.00337524
3.05	0.00339424
3.055	0.00341117
3.06	0.003426
3.065	0.00343873
3.07	0.00344933
3.075	0.00345781
3.08	0.00346415
3.085	0.00346835
3.09	0.00347041
3.095	0.00347032
3.1	0.0034681
3.105	0.00346375
3.11	0.00345729
3.115	0.00344872
3.12	0.00343805
3.125	0.00342531
3.13	0.00341051
3.135	0.00339367
3.14	0.00337481
3.145	0.00335397
3.15	0.00333118
3.155	0.00330647
3.16	0.00327989
3.165	0.00325148
3.17	0.00322129
3.175	0.00318936
3.18	0.00315574
3.185	0.00312048
3.19	0.00308364
3.195	0.00304525
3.2	0.00300537
3.205	0.00296404
3.21	0.00292131
3.215	0.00287724
3.22	0.00283185
3.225	0.00278522
3.23	0.00273737
3.235	0.00268838
3.24	0.0026383
3.245	0.00258718
3.25	0.00253509
3.255	0.0024821
3.26	0.00242829
3.265	0.00237371
3.27	0.00231845
3.275	0.00226257
3.28	0.00220613
3.285	0.00214921
3.29	0.00209185
3.295	0.00203412
3.3	0.00197606
3.305	0.00191773
3.31	0.0018592
3.315	0.00180051
3.32	0.00174173
3.325	0.00168292
3.33	0.00162415
3.335	0.00156548
3.34	0.00150697
3.345	0.00144868
3.35	0.00139067
3.355	0.00133299
3.36	0.00127572
3.365	0.00121892
3.37	0.00116264
3.375	0.00110696
3.38	0.00105192
3.385	0.000997586
3.39	0.000944004
3.395	0.000891219
3.4	0.000839275
3.405	0.000788212
3.41	0.000738069
3.415	0.000688886
3.42	0.000640699
3.425	0.000593545
3.43	0.000547461
3.435	0.000502481
3.44	0.000458639
3.445	0.000415964
3.45	0.000374485
3.455	0.000334226
3.46	0.000295208
3.465	0.000257448
3.47	0.000220961
3.475	0.000185763
3.48	0.000151867
3.485	0.000119288
3.49	8.8036e-05
3.495	5.81231e-05
3.5	2.95572e-05
3.505	2.34521e-06
3.51	-2.35076e-05
3.515	-4.79961e-05
3.52	-7.11152e-05
3.525	-9.28601e-05
3.53	-0.000113227
3.535	-0.000132213
3.54	-0.000149821
3.545	-0.000166055
3.55	-0.000180926
3.555	-0.000194447
3.56	-0.000206636
3.565	-0.000217512
3.57	-0.000227096
3.575	-0.000235412
3.58	-0.000242484
3.585	-0.000248336
3.59	-0.000252996
3.595	-0.000256491
3.6	-0.000258853
3.605	-0.000260109
3.61	-0.000260289
3.615	-0.000259423
3.62	-0.000257538
3.625	-0.000254663
3.63	-0.000250828
3.635	-0.000246062
3.64	-0.000240398
3.645	-0.000233868
3.65	-0.000226509
3.655	-0.000218357
3.66	-0.000209452
3.665	-0.000199836
3.67	-0.00018955
3.675	-0.000178637
3.68	-0.000167139
3.685	-0.000155097
3.69	-0.00014255
3.695	-0.000129536
3.7	-0.000116094
3.705	-0.000102261
3.71	-8.80731e-05
3.715	-7.35696e-05
3.72	-5.87893e-05
3.725	-4.37722e-05
3.73	-2.85598e-05
3.735	-1.31941e-05
3.74	2.28264e-06
3.745	1.78286e-05
3.75	3.3403e-05
3.755	4.89663e-05
3.76	6.44802e-05
3.765	7.99074e-05
3.77	9.52112e-05
3.775	0.000110355
3.78	0.000125302
3.785	0.000140015
3.79	0.000154456
3.795	0.000168586
3.8	0.000182367
3.805	0.000195761
3.81	0.00020873
3.815	0.000221238
3.82	0.000233252
3.825	0.000244738
3.83	0.000255665
3.835	0.000266006
3.84	0.000275731
3.845	0.000284814
3.85	0.000293227
3.855	0.000300943
3.86	0.000307934
3.865	0.000314175
3.87	0.000319641
3.875	0.000324311
3.88	0.000328164
3.885	0.000331184
3.89	0.000333355
3.895	0.000334662
3.9	0.000335092
3.905	0.00033463
3.91	0.000333263
3.915	0.000330977
3.92	0.000327762
3.925	0.000323607
3.93	0.000318506
3.935	0.000312455
3.94	0.000305452
3.945	0.000297501
3.95	0.000288603
3.955	0.000278763
3.96	0.000267984
3.965	0.00025627
3.97	0.000243621
3.975	0.00023004
3.98	0.000215528
3.985	0.000200087
3.99	0.000183721
3.995	0.000166435
4	0.000148237
4.005	0.000129136
4.01	0.000109144
4.015	8.82758e-05
4.02	6.6548e-05
4.025	4.39799e-05
4.03	2.05922e-05
4.035	-3.59325e-06
4.04	-2.8555e-05
4.045	-5.42723e-05
4.05	-8.07259e-05
4.055	-0.000107898
4.06	-0.000135772
4.065	-0.000164331
4.07	-0.000193555
4.075	-0.000223426
4.08	-0.000253919
4.085	-0.00028501
4.09	-0.000316673
4.095	-0.000348881
4.1	-0.000381607
4.105	-0.000414828
4.11	-0.000448519
4.115	-0.000482659
4.12	-0.000517226
4.125	-0.000552199
4.13	-0.000587553
4.135	-0.000623262
4.14	-0.0006593
4.145	-0.000695637
4.15	-0.000732243
4.155	-0.000769086
4.16	-0.000806136
4.165	-0.000843362
4.17	-0.000880734
4.175	-0.00091822
4.18	-0.000955787
4.185	-0.000993405
4.19	-0.00103104
4.195	-0.00106866
4.2	-0.00110624
4.205	-0.00114374
4.21	-0.00118113
4.215	-0.00121838
4.22	-0.00125547
4.225	-0.00129235
4.23	-0.00132901
4.235	-0.0013654
4.24	-0.0014015
4.245	-0.00143727
4.25	-0.00147269
4.255	-0.00150771
4.26	-0.00154232
4.265	-0.00157647
4.27	-0.00161015
4.275	-0.00164333
4.28	-0.00167597
4.285	-0.00170806
4.29	-0.00173955
4.295	-0.00177042
4.3	-0.00180063
4.305	-0.00183014
4.31	-0.00185894
4.315	-0.001887
4.32	-0.00191427
4.325	-0.00194074
4.33	-0.00196639
4.335	-0.00199118
4.34	-0.00201508
4.345	-0.00203808
4.35	-0.00206015
4.355	-0.00208126
4.36	-0.00210139
4.365	-0.00212052
4.37	-0.00213863
4.375	-0.0021557
4.38	-0.0021717
4.385	-0.00218663
4.39	-0.00220046
4.395	-0.00221317
4.4	-0.00222475
4.405	-0.00223519
4.41	-0.00224446
4.415	-0.00225255
4.42	-0.00225944
4.425	-0.00226514
4.43	-0.00226962
4.435	-0.00227288
4.44	-0.00227491
4.445	-0.0022757
4.45	-0.00227526
4.455	-0.00227358
4.46	-0.00227064
4.465	-0.00226645
4.47	-0.002261
4.475	-0.0022543
4.48	-0.00224633
4.485	-0.00223712
4.49	-0.00222665
4.495	-0.00221494
4.5	-0.002202
4.505	-0.00218783
4.51	-0.00217244
4.515	-0.00215582
4.52	-0.00213799
4.525	-0.00211895
4.53	-0.00209871
4.535	-0.00207728
4.54	-0.00205467
4.545	-0.0020309
4.55	-0.00200599
4.555	-0.00197996
4.56	-0.00195283
4.565	-0.00192461
4.57	-0.00189533
4.575	-0.001865
4.58	-0.00183363
4.585	-0.00180126
4.59	-0.0017679
4.595	-0.00173357
4.6	-0.0016983
4.605	-0.00166211
4.61	-0.00162505
4.615	-0.00158713
4.62	-0.00154839
4.625	-0.00150886
4.63	-0.00146856
4.635	-0.00142754
4.64	-0.00138582
4.645	-0.00134344
4.65	-0.00130042
4.655	-0.0012568
4.66	-0.00121262
4.665	-0.00116789
4.67	-0.00112266
4.675	-0.00107696
4.68	-0.00103082
4.685	-0.000984268
4.69	-0.000937347
4.695	-0.000890091
4.7	-0.000842538
4.705	-0.000794728
4.71	-0.000746699
4.715	-0.000698494
4.72	-0.000650152
4.725	-0.000601716
4.73	-0.000553228
4.735	-0.000504729
4.74	-0.000456262
4.745	-0.000407868
4.75	-0.000359588
4.755	-0.000311466
4.76	-0.00026354
4.765	-0.000215851
4.77	-0.000168437
4.775	-0.000121336
4.78	-7.45853e-05
4.785	-2.82217e-05
4.79	1.7717e-05
4.795	6.31924e-05
4.8	0.000108165
4.805	0.000152596
4.81	0.000196445
4.815	0.000239671
4.82	0.000282236
4.825	0.000324102
4.83	0.000365235
4.835	0.000405602
4.84	0.000445174
4.845	0.000483923
4.85	0.000521825
4.855	0.000558855
4.86	0.000594987
4.865	0.000630198
4.87	0.000664462
4.875	0.000697753
4.88	0.000730045
4.885	0.000761314
4.89	0.000791535
4.895	0.000820686
4.9	0.000848748
4.905	0.000875704
4.91	0.000901539
4.915	0.000926241
4.92	0.000949799
4.925	0.000972201
4.93	0.000993439
4.935	0.0010135
4.94	0.00103238
4.945	0.00105008
4.95	0.00106658
4.955	0.00108189
4.96	0.00109601
4.965	0.00110893
4.97	0.00112067
4.975	0.00113122
4.98	0.0011406
4.985	0.0011488
4.99	0.00115583
4.995	0.0011617
5	0.00116642
5.005	0.00117001
5.01	0.00117247
5.015	0.00117382
5.02	0.00117408
5.025	0.00117327
5.03	0.00117141
5.035	0.00116851
5.04	0.0011646
5.045	0.0011597
5.05	0.00115383
5.055	0.00114702
5.06	0.0011393
5.065	0.00113068
5.07	0.00112121
5.075	0.00111091
5.08	0.0010998
5.085	0.00108793
5.09	0.00107532
5.095	0.001062
5.1	0.001048
5.105	0.00103336
5.11	0.00101811
5.115	0.00100228
5.12	0.000985891
5.125	0.000968988
5.13	0.000951601
5.135	0.000933762
5.14	0.000915507
5.145	0.000896872
5.15	0.000877893
5.155	0.000858606
5.16	0.000839046
5.165	0.000819249
5.17	0.000799249
5.175	0.000779084
5.18	0.000758789
5.185	0.000738399
5.19	0.00071795
5.195	0.000697475
5.2	0.000677008
5.205	0.000656581
5.21	0.000636226
5.215	0.000615975
5.22	0.000595859
5.225	0.000575911
5.23	0.000556159
5.235	0.000536637
5.24	0.000517372
5.245	0.000498395
5.25	0.000479734
5.255	0.000461417
5.26	0.000443471
5.265	0.000425922
5.27	0.000408793
5.275	0.000392108
5.28	0.000375889
5.285	0.000360156
5.29	0.000344931
5.295	0.000330233
5.3	0.00031608
5.305	0.00030249
5.31	0.000289476
5.315	0.000277053
5.32	0.00026523
5.325	0.000254019
5.33	0.000243431
5.335	0.000233479
5.34	0.000224174
5.345	0.000215531
5.35	0.00020756
5.355	0.00020027
5.36	0.00019367
5.365	0.000187761
5.37	0.000182546
5.375	0.000178024
5.38	0.000174193
5.385	0.000171049
5.39	0.00016859
5.395	0.000166813
5.4	0.000165715
5.405	0.000165292
5.41	0.00016554
5.415	0.000166454
5.42	0.000168026
5.425	0.000170248
5.43	0.000173111
5.435	0.000176601
5.44	0.000180707
5.445	0.000185416
5.45	0.000190715
5.455	0.000196591
5.46	0.000203031
5.465	0.000210022
5.47	0.00021755
5.475	0.0002256
5.48	0.000234157
5.485	0.000243203
5.49	0.000252719
5.495	0.000262683
5.5	0.000273073
5.505	0.000283865
5.51	0.000295037
5.515	0.000306566
5.52	0.000318431
5.525	0.000330613
5.53	0.000343092
5.535	0.00035585
5.54	0.000368867
5.545	0.000382123
5.55	0.000395597
5.555	0.00040927
5.56	0.000423119
5.565	0.000437124
5.57	0.000451261
5.575	0.000465508
5.58	0.00047984
5.585	0.000494233
5.59	0.000508663
5.595	0.000523107
5.6	0.000537542
5.605	0.000551948
5.61	0.000566304
5.615	0.000580592
5.62	0.000594792
5.625	0.000608886
5.63	0.000622855
5.635	0.000636679
5.64	0.000650338
5.645	0.000663812
5.65	0.000677079
5.655	0.00069012
5.66	0.000702917
5.665	0.000715454
5.67	0.000727714
5.675	0.000739685
5.68	0.000751353
5.685	0.000762705
5.69	0.000773729
5.695	0.000784408
5.7	0.000794726
5.705	0.000804667
5.71	0.000814213
5.715	0.000823347
5.72	0.000832054
5.725	0.000840322
5.73	0.000848142
5.735	0.000855505
5.74	0.000862407
5.745	0.000868841
5.75	0.000874801
5.755	0.00088028
5.76	0.000885268
5.765	0.000889756
5.77	0.000893732
5.775	0.000897189
5.78	0.000900117
5.785	0.000902509
5.79	0.00090436
5.795	0.000905664
5.8	0.000906419
5.805	0.000906621
5.81	0.00090627
5.815	0.000905364
5.82	0.000903903
5.825	0.000901888
5.83	0.000899318
5.835	0.000896192
5.84	0.000892511
5.845	0.000888276
5.85	0.000883487
5.855	0.000878148
5.86	0.000872262
5.865	0.000865832
5.87	0.000858864
5.875	0.000851363
5.88	0.000843332
5.885	0.000834778
5.89	0.000825705
5.895	0.000816119
5.9	0.000806027
5.905	0.000795434
5.91	0.000784345
5.915	0.000772769
5.92	0.000760712
5.925	0.000748181
5.93	0.000735184
5.935	0.000721731
5.94	0.000707831
5.945	0.000693494
5.95	0.000678733
5.955	0.000663557
5.96	0.000647976
5.965	0.000632
5.97	0.000615639
5.975	0.000598901
5.98	0.000581798
5.985	0.000564342
5.99	0.000546546
5.995	0.000528422
6	0.000509985
6.005	0.000491248
6.01	0.000472224
6.015	0.000452924
6.02	0.000433362
6.025	0.000413548
6.03	0.000393495
6.035	0.000373216
6.04	0.000352721
6.045	0.000332022
6.05	0.000311132
6.055	0.000290062
6.06	0.000268825
6.065	0.000247434
6.07	0.000225903
6.075	0.000204245
6.08	0.000182474
6.085	0.000160605
6.09	0.000138652
6.095	0.000116626
6.1	9.45414e-05
6.105	7.24111e-05
6.11	5.02484e-05
6.115	2.80671e-05
6.12	5.8814e-06
6.125	-1.62946e-05
6.13	-3.84471e-05
6.135	-6.05627e-05
6.14	-8.26284e-05
6.145	-0.000104631
6.15	-0.000126558
6.155	-0.000148394
6.16	-0.000170126
6.165	-0.000191739
6.17	-0.000213219
6.175	-0.000234553
6.18	-0.000255727
6.185	-0.000276728
6.19	-0.000297545
6.195	-0.000318163
6.2	-0.00033857
6.205	-0.000358752
6.21	-0.000378693
6.215	-0.000398382
6.22	-0.000417805
6.225	-0.000436952
6.23	-0.000455812
6.235	-0.000474375
6.24	-0.000492631
6.245	-0.000510572
6.25	-0.000528187
6.255	-0.000545465
6.26	-0.000562393
6.265	-0.00057896
6.27	-0.000595153
6.275	-0.00061096
6.28	-0.00062637
6.285	-0.000641376
6.29	-0.000655969
6.295	-0.000670142
6.3	-0.000683892
6.305	-0.000697212
6.31	-0.000710097
6.315	-0.000722542
6.32	-0.000734539
6.325	-0.000746082
6.33	-0.000757164
6.335	-0.000767778
6.34	-0.000777918
6.345	-0.000787579
6.35	-0.000796757
6.355	-0.000805452
6.36	-0.00081366
6.365	-0.000821382
6.37	-0.000828616
6.375	-0.000835359
6.38	-0.000841609
6.385	-0.000847363
6.39	-0.000852618
6.395	-0.000857373
6.4	-0.000861627
6.405	-0.000865382
6.41	-0.00086864
6.415	-0.000871403
6.42	-0.000873677
6.425	-0.000875464
6.43	-0.000876768
6.435	-0.000877593
6.44	-0.000877941
6.445	-0.000877817
6.45	-0.000877225
6.455	-0.000876171
6.46	-0.000874661
6.465	-0.000872702
6.47	-0.0008703
6.475	-0.000867463
6.48	-0.000864197
6.485	-0.000860507
6.49	-0.000856399
6.495	-0.000851881
6.5	-0.00084696
6.505	-0.000841647
6.51	-0.000835951
6.515	-0.000829882
6.52	-0.000823453
6.525	-0.000816673
6.53	-0.000809553
6.535	-0.000802104
6.54	-0.000794334
6.545	-0.000786256
6.55	-0.000777879
6.555	-0.000769214
6.56	-0.000760274
6.565	-0.000751069
6.57	-0.000741614
6.575	-0.000731921
6.58	-0.000722004
6.585	-0.000711877
6.59	-0.000701554
6.595	-0.000691047
6.6	-0.000680371
6.605	-0.000669539
6.61	-0.000658562
6.615	-0.000647455
6.62	-0.00063623
6.625	-0.000624898
6.63	-0.000613474
6.635	-0.00060197
6.64	-0.000590397
6.645	-0.00057877
6.65	-0.000567101
6.655	-0.000555404
6.66	-0.000543692
6.665	-0.000531978
6.67	-0.000520276
6.675	-0.000508597
6.68	-0.000496953
6.685	-0.000485355
6.69	-0.000473815
6.695	-0.00046234
6.7	-0.000450942
6.705	-0.000439629
6.71	-0.000428411
6.715	-0.000417299
6.72	-0.000406302
6.725	-0.00039543
6.73	-0.000384695
6.735	-0.000374103
6.74	-0.000363664
6.745	-0.000353385
6.75	-0.000343271
6.755	-0.000333328
6.76	-0.000323563
6.765	-0.000313983
6.77	-0.000304593
6.775	-0.000295401
6.78	-0.000286415
6.785	-0.000277642
6.79	-0.000269088
6.795	-0.000260759
6.8	-0.000252658
6.805	-0.000244789
6.81	-0.000237152
6.815	-0.000229746
6.82	-0.000222573
6.825	-0.000215633
6.83	-0.000208925
6.835	-0.000202453
6.84	-0.000196218
6.845	-0.000190224
6.85	-0.000184472
6.855	-0.000178964
6.86	-0.000173699
6.865	-0.000168675
6.87	-0.000163889
6.875	-0.000159338
6.88	-0.000155018
6.885	-0.000150925
6.89	-0.000147057
6.895	-0.000143412
6.9	-0.000139985
6.905	-0.000136774
6.91	-0.000133775
6.915	-0.000130982
6.92	-0.00012839
6.925	-0.000125993
6.93	-0.000123785
6.935	-0.000121759
6.94	-0.000119908
6.945	-0.000118226
6.95	-0.000116706
6.955	-0.000115342
6.96	-0.000114128
6.965	-0.000113056
6.97	-0.000112121
6.975	-0.000111314
6.98	-0.000110627
6.985	-0.00011005
6.99	-0.000109575
6.995	-0.000109193
7	-0.000108893
7.005	-0.000108669
7.01	-0.000108513
7.015	-0.000108417
7.02	-0.000108374
7.025	-0.000108379
7.03	-0.000108423
7.035	-0.000108499
7.04	-0.000108599
7.045	-0.000108715
7.05	-0.000108836
7.055	-0.000108952
7.06	-0.000109055
7.065	-0.000109137
7.07	-0.000109188
7.075	-0.000109202
7.08	-0.000109173
7.085	-0.000109093
7.09	-0.000108958
7.095	-0.000108762
7.1	-0.0001085
7.105	-0.000108168
7.11	-0.000107761
7.115	-0.000107273
7.12	-0.000106698
7.125	-0.000106033
7.13	-0.00010527
7.135	-0.000104405
7.14	-0.000103435
7.145	-0.000102353
7.15	-0.000101158
7.155	-9.98453e-05
7.16	-9.84128e-05
7.165	-9.68582e-05
7.17	-9.51794e-05
7.175	-9.33744e-05
7.18	-9.14406e-05
7.185	-8.93751e-05
7.19	-8.71745e-05
7.195	-8.48355e-05
7.2	-8.23554e-05
7.205	-7.97325e-05
7.21	-7.69665e-05
7.215	-7.40587e-05
7.22	-7.10113e-05
7.225	-6.78273e-05
7.23	-6.45098e-05
7.235	-6.10612e-05
7.24	-5.74828e-05
7.245	-5.37746e-05
7.25	-4.99358e-05
7.255	-4.59646e-05
7.26	-4.18595e-05
7.265	-3.76194e-05
7.27	-3.32446e-05
7.275	-2.87366e-05
7.28	-2.4099e-05
7.285	-1.93364e-05
7.29	-1.44544e-05
7.295	-9.45899e-06
7.3	-4.35533e-06
7.305	8.52398e-07
7.31	6.16136e-06
7.315	1.15698e-05
7.32	1.70766e-05
7.325	2.26806e-05
7.33	2.83798e-05
7.335	3.41714e-05
7.34	4.00513e-05
7.345	4.60145e-05
7.35	5.20554e-05
7.355	5.81681e-05
7.36	6.43469e-05
7.365	7.05867e-05
7.37	7.68829e-05
7.375	8.32315e-05
7.38	8.96287e-05
7.385	9.60704e-05
7.39	0.000102552
7.395	0.000109068
7.4	0.000115614
7.405	0.000122182
7.41	0.000128767
7.415	0.000135365
7.42	0.000141969
7.425	0.000148576
7.43	0.000155181
7.435	0.000161779
7.44	0.000168368
7.445	0.000174942
7.45	0.000181496
7.455	0.000188027
7.46	0.000194529
7.465	0.000200998
7.47	0.000207429
7.475	0.000213816
7.48	0.000220154
7.485	0.000226439
7.49	0.000232664
7.495	0.000238826
7.5	0.00024492
7.505	0.000250943
7.51	0.000256893
7.515	0.00026277
7.52	0.00026857
7.525	0.000274291
7.53	0.000279928
7.535	0.000285476
7.54	0.000290929
7.545	0.000296281
7.55	0.00030153
7.555	0.000306672
7.56	0.000311706
7.565	0.00031663
7.57	0.000321444
7.575	0.000326145
7.58	0.000330731
7.585	0.000335201
7.59	0.000339553
7.595	0.000343783
7.6	0.000347891
7.605	0.000351873
7.61	0.000355729
7.615	0.000359455
7.62	0.000363052
7.625	0.000366517
7.63	0.00036985
7.635	0.00037305
7.64	0.000376117
7.645	0.00037905
7.65	0.000381849
7.655	0.000384513
7.66	0.000387041
7.665	0.000389432
7.67	0.000391684
7.675	0.000393798
7.68	0.000395773
7.685	0.00039761
7.69	0.00039931
7.695	0.000400875
7.7	0.000402304
7.705	0.000403598
7.71	0.000404757
7.715	0.000405781
7.72	0.00040667
7.725	0.000407426
7.73	0.000408049
7.735	0.000408542
7.74	0.000408904
7.745	0.000409136
7.75	0.000409239
7.755	0.000409212
7.76	0.000409054
7.765	0.000408766
7.77	0.000408349
7.775	0.000407805
7.78	0.000407135
7.785	0.000406343
7.79	0.000405428
7.795	0.000404395
7.8	0.000403244
7.805	0.000401976
7.81	0.000400593
7.815	0.000399095
7.82	0.000397483
7.825	0.000395757
7.83	0.000393919
7.835	0.00039197
7.84	0.00038991
7.845	0.000387743
7.85	0.00038547
7.855	0.000383094
7.86	0.000380618
7.865	0.000378045
7.87	0.000375376
7.875	0.000372613
7.88	0.00036976
7.885	0.000366816
7.89	0.000363783
7.895	0.000360662
7.9	0.000357456
7.905	0.000354168
7.91	0.0003508
7.915	0.000347355
7.92	0.000343837
7.925	0.000340246
7.93	0.000336585
7.935	0.000332854
7.94	0.000329056
7.945	0.00032519
7.95	0.000321259
7.955	0.000317265
7.96	0.000313211
7.965	0.000309098
7.97	0.000304929
7.975	0.000300708
7.98	0.000296438
7.985	0.000292121
7.99	0.000287762
7.995	0.000283362
8	0.000278925
8.005	0.000274453
8.01	0.000269947
8.015	0.000265409
8.02	0.00026084
8.025	0.00025624
8.03	0.000251612
8.035	0.000246957
8.04	0.000242276
8.045	0.000237573
8.05	0.000232851
8.055	0.000228111
8.06	0.000223359
8.065	0.000218596
8.07	0.000213825
8.075	0.000209048
8.08	0.000204267
8.085	0.000199484
8.09	0.000194701
8.095	0.000189919
8.1	0.000185141
8.105	0.000180369
8.11	0.000175602
8.115	0.000170843
8.12	0.000166092
8.125	0.000161349
8.13	0.000156616
8.135	0.000151897
8.14	0.000147193
8.145	0.000142509
8.15	0.000137849
8.155	0.000133213
8.16	0.000128606
8.165	0.000124028
8.17	0.000119478
8.175	0.000114958
8.18	0.000110466
8.185	0.000106003
8.19	0.000101571
8.195	9.71692e-05
8.2	9.28014e-05
8.205	8.84693e-05
8.21	8.41749e-05
8.215	7.992e-05
8.22	7.57056e-05
8.225	7.15326e-05
8.23	6.74011e-05
8.235	6.33113e-05
8.24	5.92631e-05
8.245	5.52565e-05
8.25	5.12917e-05
8.255	4.73687e-05
8.26	4.34881e-05
8.265	3.96504e-05
8.27	3.58562e-05
8.275	3.2106e-05
8.28	2.84e-05
8.285	2.4738e-05
8.29	2.11191e-05
8.295	1.75421e-05
8.3	1.40055e-05
8.305	1.05079e-05
8.31	7.04799e-06
8.315	3.62539e-06
8.32	2.40117e-07
8.325	-3.10714e-06
8.33	-6.41531e-06
8.335	-9.68322e-06
8.34	-1.291e-05
8.345	-1.60955e-05
8.35	-1.92404e-05
8.355	-2.23465e-05
8.36	-2.54161e-05
8.365	-2.84521e-05
8.37	-3.14567e-05
8.375	-3.44319e-05
8.38	-3.73784e-05
8.385	-4.02966e-05
8.39	-4.3186e-05
8.395	-4.60462e-05
8.4	-4.88771e-05
8.405	-5.16791e-05
8.41	-5.44529e-05
8.415	-5.72001e-05
8.42	-5.99222e-05
8.425	-6.26211e-05
8.43	-6.52984e-05
8.435	-6.79555e-05
8.44	-7.05937e-05
8.445	-7.32138e-05
8.45	-7.58169e-05
8.455	-7.84038e-05
8.46	-8.09755e-05
8.465	-8.35329e-05
8.47	-8.60769e-05
8.475	-8.86083e-05
8.48	-9.1128e-05
8.485	-9.36364e-05
8.49	-9.61344e-05
8.495	-9.86226e-05
8.5	-0.000101102
8.505	-0.000103573
8.51	-0.000106036
8.515	-0.000108492
8.52	-0.000110942
8.525	-0.000113388
8.53	-0.000115829
8.535	-0.000118266
8.54	-0.000120702
8.545	-0.000123134
8.55	-0.000125565
8.555	-0.000127994
8.56	-0.00013042
8.565	-0.000132844
8.57	-0.000135265
8.575	-0.000137685
8.58	-0.000140102
8.585	-0.000142518
8.59	-0.000144931
8.595	-0.000147343
8.6	-0.000149752
8.605	-0.000152159
8.61	-0.000154562
8.615	-0.000156962
8.62	-0.000159356
8.625	-0.000161746
8.63	-0.00016413
8.635	-0.000166508
8.64	-0.000168881
8.645	-0.000171246
8.65	-0.000173603
8.655	-0.000175951
8.66	-0.000178289
8.665	-0.000180616
8.67	-0.000182931
8.675	-0.000185234
8.68	-0.000187522
8.685	-0.000189795
8.69	-0.000192051
8.695	-0.000194288
8.7	-0.000196504
8.705	-0.000198698
8.71	-0.000200868
8.715	-0.000203013
8.72	-0.000205131
8.725	-0.000207221
8.73	-0.000209281
8.735	-0.000211311
8.74	-0.00021331
8.745	-0.000215276
8.75	-0.000217207
8.755	-0.000219104
8.76	-0.000220962
8.765	-0.00022278
8.77	-0.000224555
8.775	-0.000226285
8.78	-0.000227968
8.785	-0.000229602
8.79	-0.000231186
8.795	-0.000232719
8.8	-0.0002342
8.805	-0.000235628
8.81	-0.000237003
8.815	-0.000238323
8.82	-0.000239586
8.825	-0.000240793
8.83	-0.000241939
8.835	-0.000243025
8.84	-0.000244047
8.845	-0.000245003
8.85	-0.000245892
8.855	-0.000246713
8.86	-0.000247463
8.865	-0.000248144
8.87	-0.000248754
8.875	-0.000249294
8.88	-0.000249765
8.885	-0.000250165
8.89	-0.000250494
8.895	-0.000250749
8.9	-0.000250929
8.905	-0.000251032
8.91	-0.000251057
8.915	-0.000251003
8.92	-0.00025087
8.925	-0.000250659
8.93	-0.00025037
8.935	-0.000250003
8.94	-0.000249558
8.945	-0.000249035
8.95	-0.000248433
8.955	-0.000247752
8.96	-0.00024699
8.965	-0.000246148
8.97	-0.000245227
8.975	-0.000244226
8.98	-0.000243146
8.985	-0.000241988
8.99	-0.000240754
8.995	-0.000239443
9	-0.000238058
9.005	-0.000236599
9.01	-0.000235066
9.015	-0.000233459
9.02	-0.000231779
9.025	-0.000230026
9.03	-0.000228201
9.035	-0.000226303
9.04	-0.000224335
9.045	-0.000222298
9.05	-0.000220193
9.055	-0.000218022
9.06	-0.000215788
9.065	-0.000213493
9.07	-0.000211136
9.075	-0.00020872
9.08	-0.000206245
9.085	-0.000203712
9.09	-0.000201121
9.095	-0.000198475
9.1	-0.000195776
9.105	-0.000193028
9.11	-0.000190232
9.115	-0.000187392
9.12	-0.00018451
9.125	-0.000181586
9.13	-0.000178623
9.135	-0.000175621
9.14	-0.000172581
9.145	-0.000169504
9.15	-0.000166393
9.155	-0.000163248
9.16	-0.000160073
9.165	-0.000156869
9.17	-0.000153639
9.175	-0.000150386
9.18	-0.000147111
9.185	-0.000143817
9.19	-0.000140505
9.195	-0.000137178
9.2	-0.000133836
9.205	-0.000130483
9.21	-0.00012712
9.215	-0.000123748
9.22	-0.000120369
9.225	-0.000116985
9.23	-0.000113597
9.235	-0.000110207
9.24	-0.000106817
9.245	-0.00010343
9.25	-0.000100047
9.255	-9.66702e-05
9.26	-9.33012e-05
9.265	-8.99419e-05
9.27	-8.65938e-05
9.275	-8.32589e-05
9.28	-7.99387e-05
9.285	-7.6635e-05
9.29	-7.33493e-05
9.295	-7.00831e-05
9.3	-6.68379e-05
9.305	-6.36148e-05
9.31	-6.04151e-05
9.315	-5.72399e-05
9.32	-5.40903e-05
9.325	-5.09674e-05
9.33	-4.78719e-05
9.335	-4.48048e-05
9.34	-4.17672e-05
9.345	-3.87601e-05
9.35	-3.5785e-05
9.355	-3.28431e-05
9.36	-2.99358e-05
9.365	-2.70642e-05
9.37	-2.42293e-05
9.375	-2.14317e-05
9.38	-1.86717e-05
9.385	-1.59495e-05
9.39	-1.32649e-05
9.395	-1.06181e-05
9.4	-8.00899e-06
9.405	-5.43826e-06
9.41	-2.90688e-06
9.415	-4.16237e-07
9.42	2.03211e-06
9.425	4.43682e-06
9.43	6.79712e-06
9.435	9.11301e-06
9.44	1.13852e-05
9.445	1.36149e-05
9.45	1.58031e-05
9.455	1.79506e-05
9.46	2.00573e-05
9.465	2.21227e-05
9.47	2.41457e-05
9.475	2.61249e-05
9.48	2.80593e-05
9.485	2.99481e-05
9.49	3.17914e-05
9.495	3.35899e-05
9.5	3.53446e-05
9.505	3.70573e-05
9.51	3.87295e-05
9.515	4.03626e-05
9.52	4.19575e-05
9.525	4.35148e-05
9.53	4.50343e-05
9.535	4.65159e-05
9.54	4.79591e-05
9.545	4.93638e-05
9.55	5.07301e-05
9.555	5.20584e-05
9.56	5.33495e-05
9.565	5.46044e-05
9.57	5.58247e-05
9.575	5.70118e-05
9.58	5.81675e-05
9.585	5.92932e-05
9.59	6.03903e-05
9.595	6.14595e-05
9.6	6.2501e-05
9.605	6.35147e-05
9.61	6.45001e-05
9.615	6.54567e-05
9.62	6.63846e-05
9.625	6.72842e-05
9.63	6.81566e-05
9.635	6.90034e-05
9.64	6.98267e-05
9.645	7.06284e-05
9.65	7.14106e-05
9.655	7.2175e-05
9.66	7.29232e-05
9.665	7.36563e-05
9.67	7.43751e-05
9.675	7.50801e-05
9.68	7.57713e-05
9.685	7.64489e-05
9.69	7.71129e-05
9.695	7.77638e-05
9.7	7.84024e-05
9.705	7.90302e-05
9.71	7.96488e-05
9.715	8.02601e-05
9.72	8.08658e-05
9.725	8.1467e-05
9.73	8.20645e-05
9.735	8.26586e-05
9.74	8.3249e-05
9.745	8.38358e-05
9.75	8.44189e-05
9.755	8.49992e-05
9.76	8.55776e-05
9.765	8.6156e-05
9.77	8.67364e-05
9.775	8.73204e-05
9.78	8.79098e-05
9.785	8.85052e-05
9.79	8.91071e-05
9.795	8.9715e-05
9.8	9.03288e-05
9.805	9.09481e-05
9.81	9.15731e-05
9.815	9.22044e-05
9.82	9.28428e-05
9.825	9.34895e-05
9.83	9.41456e-05
9.835	9.48123e-05
9.84	9.54905e-05
9.845	9.61807e-05
9.85	9.68836e-05
9.855	9.75992e-05
9.86	9.83273e-05
9.865	9.90674e-05
9.87	9.98188e-05
9.875	0.000100581
9.88	0.000101353
9.885	0.000102134
9.89	0.000102924
9.895	0.000103725
9.9	0.000104537
9.905	0.000105361
9.91	0.000106199
9.915	0.000107051
9.92	0.000107917
9.925	0.000108797
9.93	0.000109689
9.935	0.000110592
9.94	0.000111504
9.945	0.000112424
9.95	0.000113352
9.955	0.000114287
9.96	0.00011523
9.965	0.000116179
9.97	0.000117136
9.975	0.000118099
9.98	0.000119069
9.985	0.000120044
9.99	0.000121023
9.995	0.000122006
10	0.000122991
10.005	0.000123978
10.01	0.000124966
10.015	0.000125954
10.02	0.000126941
10.025	0.000127927
10.03	0.00012891
10.035	0.000129889
10.04	0.000130864
10.045	0.000131834
10.05	0.000132797
10.055	0.000133753
10.06	0.0001347
10.065	0.000135637
10.07	0.000136563
10.075	0.000137477
10.08	0.000138377
10.085	0.000139263
10.09	0.000140132
10.095	0.000140983
10.1	0.000141816
10.105	0.000142628
10.11	0.000143418
10.115	0.000144185
10.12	0.000144927
10.125	0.000145644
10.13	0.000146334
10.135	0.000146996
10.14	0.000147629
10.145	0.000148232
10.15	0.000148804
10.155	0.000149342
10.16	0.000149847
10.165	0.000150316
10.17	0.00015075
10.175	0.000151148
10.18	0.000151508
10.185	0.00015183
10.19	0.000152112
10.195	0.000152353
10.2	0.00015255
10.205	0.000152702
10.21	0.000152808
10.215	0.000152868
10.22	0.000152881
10.225	0.000152846
10.23	0.000152764
10.235	0.000152633
10.24	0.000152454
10.245	0.000152224
10.25	0.000151942
10.255	0.000151607
10.26	0.000151218
10.265	0.000150773
10.27	0.000150272
10.275	0.000149714
10.28	0.000149099
10.285	0.000148428
10.29	0.000147699
10.295	0.000146913
10.3	0.000146071
10.305	0.00014517
10.31	0.000144211
10.315	0.000143194
10.32	0.000142117
10.325	0.00014098
10.33	0.000139783
10.335	0.000138527
10.34	0.000137212
10.345	0.000135838
10.35	0.000134406
10.355	0.000132917
10.36	0.000131372
10.365	0.000129772
10.37	0.000128115
10.375	0.000126404
10.38	0.000124636
10.385	0.000122814
10.39	0.000120937
10.395	0.000119006
10.4	0.000117021
10.405	0.000114983
10.41	0.000112894
10.415	0.000110754
10.42	0.000108564
10.425	0.000106327
10.43	0.000104043
10.435	0.000101714
10.44	9.93409e-05
10.445	9.69245e-05
10.45	9.44657e-05
10.455	9.19655e-05
10.46	8.94248e-05
10.465	8.68447e-05
10.47	8.42268e-05
10.475	8.15729e-05
10.48	7.8885e-05
10.485	7.6165e-05
10.49	7.34147e-05
10.495	7.06356e-05
10.5	6.78287e-05
10.505	6.4995e-05
10.51	6.21355e-05
10.515	5.92514e-05
10.52	5.6344e-05
10.525	5.34151e-05
10.53	5.04666e-05
10.535	4.75009e-05
10.54	4.452e-05
10.545	4.15262e-05
10.55	3.85212e-05
10.555	3.55066e-05
10.56	3.2484e-05
10.565	2.94547e-05
10.57	2.64202e-05
10.575	2.33821e-05
10.58	2.03423e-05
10.585	1.73025e-05
10.59	1.42649e-05
10.595	1.12313e-05
10.6	8.20348e-06
10.605	5.18318e-06
10.61	2.17201e-06
10.615	-8.28485e-07
10.62	-3.81673e-06
10.625	-6.7912e-06
10.63	-9.75038e-06
10.635	-1.26928e-05
10.64	-1.56169e-05
10.645	-1.85212e-05
10.65	-2.1404e-05
10.655	-2.42634e-05
10.66	-2.70976e-05
10.665	-2.99048e-05
10.67	-3.26833e-05
10.675	-3.54316e-05
10.68	-3.8148e-05
10.685	-4.08312e-05
10.69	-4.34799e-05
10.695	-4.60927e-05
10.7	-4.86683e-05
10.705	-5.12056e-05
10.71	-5.37035e-05
10.715	-5.6161e-05
10.72	-5.85773e-05
10.725	-6.09516e-05
10.73	-6.32831e-05
10.735	-6.55711e-05
10.74	-6.78146e-05
10.745	-7.00124e-05
10.75	-7.21633e-05
10.755	-7.42658e-05
10.76	-7.6319e-05
10.765	-7.83218e-05
10.77	-8.02739e-05
10.775	-8.21749e-05
10.78	-8.40245e-05
10.785	-8.58228e-05
10.79	-8.75695e-05
10.795	-8.92643e-05
10.8	-9.09069e-05
10.805	-9.24967e-05
10.81	-9.40332e-05
10.815	-9.55159e-05
10.82	-9.69441e-05
10.825	-9.83177e-05
10.83	-9.96365e-05
10.835	-0.000100901
10.84	-0.00010211
10.845	-0.000103265
10.85	-0.000104366
10.855	-0.000105413
10.86	-0.000106406
10.865	-0.000107345
10.87	-0.000108231
10.875	-0.000109063
10.88	-0.000109841
10.885	-0.000110566
10.89	-0.000111239
10.895	-0.00011186
10.9	-0.00011243
10.905	-0.000112949
10.91	-0.000113417
10.915	-0.000113837
10.92	-0.000114207
10.925	-0.000114529
10.93	-0.000114802
10.935	-0.000115029
10.94	-0.000115208
10.945	-0.000115342
10.95	-0.000115431
10.955	-0.000115476
10.96	-0.000115477
10.965	-0.000115436
10.97	-0.000115353
10.975	-0.000115228
10.98	-0.000115062
10.985	-0.000114856
10.99	-0.000114612
10.995	-0.000114329
11	-0.00011401
11.005	-0.000113657
11.01	-0.00011327
11.015	-0.000112851
11.02	-0.0001124
11.025	-0.00011192
11.03	-0.000111409
11.035	-0.000110869
11.04	-0.000110301
11.045	-0.000109706
11.05	-0.000109084
11.055	-0.000108438
11.06	-0.000107769
11.065	-0.000107079
11.07	-0.000106369
11.075	-0.000105639
11.08	-0.000104892
11.085	-0.000104127
11.09	-0.000103345
11.095	-0.000102547
11.1	-0.000101733
11.105	-0.000100906
11.11	-0.000100065
11.115	-9.92118e-05
11.12	-9.83481e-05
11.125	-9.7475e-05
11.13	-9.65936e-05
11.135	-9.57052e-05
11.14	-9.48108e-05
11.145	-9.39114e-05
11.15	-9.30078e-05
11.155	-9.21008e-05
11.16	-9.1191e-05
11.165	-9.0279e-05
11.17	-8.93653e-05
11.175	-8.84509e-05
11.18	-8.75364e-05
11.185	-8.66228e-05
11.19	-8.57112e-05
11.195	-8.48024e-05
11.2	-8.38969e-05
11.205	-8.29953e-05
11.21	-8.2098e-05
11.215	-8.1205e-05
11.22	-8.03168e-05
11.225	-7.94338e-05
11.23	-7.85565e-05
11.235	-7.76855e-05
11.24	-7.68215e-05
11.245	-7.5965e-05
11.25	-7.51167e-05
11.255	-7.42772e-05
11.26	-7.34471e-05
11.265	-7.2627e-05
11.27	-7.18173e-05
11.275	-7.10185e-05
11.28	-7.02307e-05
11.285	-6.9454e-05
11.29	-6.86886e-05
11.295	-6.79341e-05
11.3	-6.71905e-05
11.305	-6.64576e-05
11.31	-6.57354e-05
11.315	-6.50239e-05
11.32	-6.43236e-05
11.325	-6.36347e-05
11.33	-6.29578e-05
11.335	-6.22932e-05
11.34	-6.16409e-05
11.345	-6.1001e-05
11.35	-6.0373e-05
11.355	-5.97565e-05
11.36	-5.91512e-05
11.365	-5.85568e-05
11.37	-5.79731e-05
11.375	-5.74001e-05
11.38	-5.68376e-05
11.385	-5.62855e-05
11.39	-5.57437e-05
11.395	-5.52118e-05
11.4	-5.46897e-05
11.405	-5.41769e-05
11.41	-5.36731e-05
11.415	-5.31774e-05
11.42	-5.26894e-05
11.425	-5.22082e-05
11.43	-5.17335e-05
11.435	-5.12649e-05
11.44	-5.08022e-05
11.445	-5.03454e-05
11.45	-4.98947e-05
11.455	-4.945e-05
11.46	-4.90111e-05
11.465	-4.85775e-05
11.47	-4.81485e-05
11.475	-4.77229e-05
11.48	-4.72996e-05
11.485	-4.68774e-05
11.49	-4.64555e-05
11.495	-4.60333e-05
11.5	-4.56103e-05
11.505	-4.51866e-05
11.51	-4.47621e-05
11.515	-4.43367e-05
11.52	-4.39102e-05
11.525	-4.34823e-05
11.53	-4.30522e-05
11.535	-4.2619e-05
11.54	-4.2182e-05
11.545	-4.174e-05
11.55	-4.12926e-05
11.555	-4.08392e-05
11.56	-4.03797e-05
11.565	-3.99139e-05
11.57	-3.94417e-05
11.575	-3.89625e-05
11.58	-3.84758e-05
11.585	-3.7981e-05
11.59	-3.74775e-05
11.595	-3.69651e-05
11.6	-3.64433e-05
11.605	-3.59119e-05
11.61	-3.53706e-05
11.615	-3.4819e-05
11.62	-3.42566e-05
11.625	-3.3683e-05
11.63	-3.30979e-05
11.635	-3.25007e-05
11.64	-3.18912e-05
11.645	-3.12692e-05
11.65	-3.06344e-05
11.655	-2.99865e-05
11.66	-2.93255e-05
11.665	-2.8651e-05
11.67	-2.79628e-05
11.675	-2.72606e-05
11.68	-2.65441e-05
11.685	-2.58132e-05
11.69	-2.50675e-05
11.695	-2.43072e-05
11.7	-2.35322e-05
11.705	-2.27426e-05
11.71	-2.19384e-05
11.715	-2.11199e-05
11.72	-2.02871e-05
11.725	-1.94404e-05
11.73	-1.85798e-05
11.735	-1.77054e-05
11.74	-1.68172e-05
11.745	-1.59151e-05
11.75	-1.49988e-05
11.755	-1.40683e-05
11.76	-1.31236e-05
11.765	-1.21646e-05
11.77	-1.11912e-05
11.775	-1.02038e-05
11.78	-9.2024e-06
11.785	-8.18746e-06
11.79	-7.15941e-06
11.795	-6.11879e-06
11.8	-5.06616e-06
11.805	-4.00204e-06
11.81	-2.92683e-06
11.815	-1.84084e-06
11.82	-7.44241e-07
11.825	3.6283e-07
11.83	1.48026e-06
11.835	2.60785e-06
11.84	3.74529e-06
11.845	4.89213e-06
11.85	6.04773e-06
11.855	7.21136e-06
11.86	8.38227e-06
11.865	9.55981e-06
11.87	1.07435e-05
11.875	1.19329e-05
11.88	1.3128e-05
11.885	1.43284e-05
11.89	1.55338e-05
11.895	1.67436e-05
11.9	1.7957e-05
11.905	1.91734e-05
11.91	2.03919e-05
11.915	2.16118e-05
11.92	2.28324e-05
11.925	2.40531e-05
11.93	2.52736e-05
11.935	2.64933e-05
11.94	2.77116e-05
11.945	2.89282e-05
11.95	3.01423e-05
11.955	3.13533e-05
11.96	3.25605e-05
11.965	3.37631e-05
11.97	3.49603e-05
11.975	3.61515e-05
11.98	3.73359e-05
11.985	3.8513e-05
11.99	3.96823e-05
11.995	4.08435e-05
12	4.19962e-05
12.005	4.31399e-05
12.01	4.42742e-05
12.015	4.53984e-05
12.02	4.65118e-05
12.025	4.76132e-05
12.03	4.87019e-05
12.035	4.97769e-05
12.04	5.08375e-05
12.045	5.18834e-05
12.05	5.29144e-05
12.055	5.39302e-05
12.06	5.49308e-05
12.065	5.59155e-05
12.07	5.68841e-05
12.075	5.78357e-05
12.08	5.87697e-05
12.085	5.96855e-05
12.09	6.05825e-05
12.095	6.14602e-05
12.1	6.23182e-05
12.105	6.31562e-05
12.11	6.39739e-05
12.115	6.47709e-05
12.12	6.55469e-05
12.125	6.63015e-05
12.13	6.70344e-05
12.135	6.77452e-05
12.14	6.84335e-05
12.145	6.90987e-05
12.15	6.97406e-05
12.155	7.03588e-05
12.16	7.0953e-05
12.165	7.1523e-05
12.17	7.20686e-05
12.175	7.25897e-05
12.18	7.30863e-05
12.185	7.35582e-05
12.19	7.40054e-05
12.195	7.4428e-05
12.2	7.48259e-05
12.205	7.51991e-05
12.21	7.55473e-05
12.215	7.58703e-05
12.22	7.61678e-05
12.225	7.64397e-05
12.23	7.66857e-05
12.235	7.69058e-05
12.24	7.70998e-05
12.245	7.72677e-05
12.25	7.74095e-05
12.255	7.75255e-05
12.26	7.76158e-05
12.265	7.76807e-05
12.27	7.77205e-05
12.275	7.77357e-05
12.28	7.77267e-05
12.285	7.76937e-05
12.29	7.76369e-05
12.295	7.75562e-05
12.3	7.74518e-05
12.305	7.73234e-05
12.31	7.71711e-05
12.315	7.69949e-05
12.32	7.67951e-05
12.325	7.65721e-05
12.33	7.63264e-05
12.335	7.60586e-05
12.34	7.57695e-05
12.345	7.54596e-05
12.35	7.51293e-05
12.355	7.47788e-05
12.36	7.44084e-05
12.365	7.40179e-05
12.37	7.36076e-05
12.375	7.31774e-05
12.38	7.27278e-05
12.385	7.22592e-05
12.39	7.17722e-05
12.395	7.12674e-05
12.4	7.07457e-05
12.405	7.02078e-05
12.41	6.96541e-05
12.415	6.90851e-05
12.42	6.85011e-05
12.425	6.79023e-05
12.43	6.72889e-05
12.435	6.6661e-05
12.44	6.60189e-05
12.445	6.53629e-05
12.45	6.46935e-05
12.455	6.40113e-05
12.46	6.33168e-05
12.465	6.26106e-05
12.47	6.18935e-05
12.475	6.1166e-05
12.48	6.04287e-05
12.485	5.96822e-05
12.49	5.89267e-05
12.495	5.81626e-05
12.5	5.739e-05
12.505	5.66093e-05
12.51	5.58206e-05
12.515	5.50243e-05
12.52	5.42208e-05
12.525	5.34105e-05
12.53	5.25941e-05
12.535	5.17722e-05
12.54	5.09454e-05
12.545	5.01143e-05
12.55	4.92793e-05
12.555	4.8441e-05
12.56	4.75996e-05
12.565	4.67554e-05
12.57	4.59087e-05
12.575	4.50594e-05
12.58	4.4208e-05
12.585	4.33546e-05
12.59	4.24997e-05
12.595	4.16438e-05
12.6	4.07875e-05
12.605	3.99314e-05
12.61	3.90762e-05
12.615	3.82221e-05
12.62	3.73695e-05
12.625	3.65184e-05
12.63	3.5669e-05
12.635	3.48212e-05
12.64	3.39751e-05
12.645	3.31308e-05
12.65	3.22886e-05
12.655	3.14487e-05
12.66	3.06115e-05
12.665	2.97774e-05
12.67	2.89465e-05
12.675	2.8119e-05
12.68	2.72951e-05
12.685	2.64749e-05
12.69	2.56585e-05
12.695	2.48459e-05
12.7	2.40372e-05
12.705	2.32326e-05
12.71	2.24323e-05
12.715	2.16366e-05
12.72	2.08459e-05
12.725	2.00605e-05
12.73	1.92807e-05
12.735	1.85065e-05
12.74	1.77377e-05
12.745	1.69742e-05
12.75	1.62154e-05
12.755	1.54611e-05
12.76	1.4711e-05
12.765	1.3965e-05
12.77	1.32235e-05
12.775	1.24866e-05
12.78	1.17548e-05
12.785	1.10282e-05
12.79	1.0307e-05
12.795	9.59125e-06
12.8	8.88078e-06
12.805	8.17555e-06
12.81	7.4755e-06
12.815	6.78063e-06
12.82	6.09095e-06
12.825	5.40646e-06
12.83	4.72711e-06
12.835	4.05281e-06
12.84	3.38342e-06
12.845	2.71874e-06
12.85	2.05859e-06
12.855	1.40283e-06
12.86	7.5138e-07
12.865	1.04258e-07
12.87	-5.38479e-07
12.875	-1.17676e-06
12.88	-1.81057e-06
12.885	-2.43992e-06
12.89	-3.06491e-06
12.895	-3.68565e-06
12.9	-4.30223e-06
12.905	-4.91471e-06
12.91	-5.52308e-06
12.915	-6.12733e-06
12.92	-6.7274e-06
12.925	-7.3233e-06
12.93	-7.91508e-06
12.935	-8.50283e-06
12.94	-9.0867e-06
12.945	-9.66683e-06
12.95	-1.02434e-05
12.955	-1.08164e-05
12.96	-1.13861e-05
12.965	-1.19524e-05
12.97	-1.25156e-05
12.975	-1.30756e-05
12.98	-1.36324e-05
12.985	-1.41859e-05
12.99	-1.47358e-05
12.995	-1.5282e-05
13	-1.58242e-05
13.005	-1.63626e-05
13.01	-1.6897e-05
13.015	-1.74279e-05
13.02	-1.79554e-05
13.025	-1.848e-05
13.03	-1.9002e-05
13.035	-1.95215e-05
13.04	-2.00383e-05
13.045	-2.05524e-05
13.05	-2.10634e-05
13.055	-2.15708e-05
13.06	-2.20746e-05
13.065	-2.25745e-05
13.07	-2.30705e-05
13.075	-2.35628e-05
13.08	-2.40513e-05
13.085	-2.45363e-05
13.09	-2.50176e-05
13.095	-2.54954e-05
13.1	-2.59694e-05
13.105	-2.64395e-05
13.11	-2.69058e-05
13.115	-2.7368e-05
13.12	-2.78262e-05
13.125	-2.82804e-05
13.13	-2.87305e-05
13.135	-2.91764e-05
13.14	-2.96179e-05
13.145	-3.00549e-05
13.15	-3.04871e-05
13.155	-3.09143e-05
13.16	-3.13364e-05
13.165	-3.17534e-05
13.17	-3.21653e-05
13.175	-3.2572e-05
13.18	-3.29732e-05
13.185	-3.3369e-05
13.19	-3.37591e-05
13.195	-3.41433e-05
13.2	-3.45217e-05
13.205	-3.48941e-05
13.21	-3.52605e-05
13.215	-3.56207e-05
13.22	-3.59745e-05
13.225	-3.63219e-05
13.23	-3.66627e-05
13.235	-3.69968e-05
13.24	-3.7324e-05
13.245	-3.76444e-05
13.25	-3.79579e-05
13.255	-3.82646e-05
13.26	-3.85644e-05
13.265	-3.88573e-05
13.27	-3.91432e-05
13.275	-3.94218e-05
13.28	-3.96928e-05
13.285	-3.9956e-05
13.29	-4.02112e-05
13.295	-4.04581e-05
13.3	-4.06967e-05
13.305	-4.09271e-05
13.31	-4.11495e-05
13.315	-4.13638e-05
13.32	-4.15701e-05
13.325	-4.17683e-05
13.33	-4.19584e-05
13.335	-4.21402e-05
13.34	-4.23133e-05
13.345	-4.24777e-05
13.35	-4.2633e-05
13.355	-4.27793e-05
13.36	-4.29165e-05
13.365	-4.30446e-05
13.37	-4.31639e-05
13.375	-4.32744e-05
13.38	-4.33765e-05
13.385	-4.34703e-05
13.39	-4.35558e-05
13.395	-4.36329e-05
13.4	-4.37015e-05
13.405	-4.37612e-05
13.41	-4.38116e-05
13.415	-4.38526e-05
13.42	-4.38839e-05
13.425	-4.39057e-05
13.43	-4.39181e-05
13.435	-4.39218e-05
13.44	-4.3917e-05
13.445	-4.39042e-05
13.45	-4.38834e-05
13.455	-4.38545e-05
13.46	-4.38173e-05
13.465	-4.37714e-05
13.47	-4.37164e-05
13.475	-4.36523e-05
13.48	-4.35792e-05
13.485	-4.34972e-05
13.49	-4.34068e-05
13.495	-4.33083e-05
13.5	-4.3202e-05
13.505	-4.30881e-05
13.51	-4.29666e-05
13.515	-4.28374e-05
13.52	-4.27002e-05
13.525	-4.25551e-05
13.53	-4.24021e-05
13.535	-4.22415e-05
13.54	-4.20735e-05
13.545	-4.18983e-05
13.55	-4.17163e-05
13.555	-4.15275e-05
13.56	-4.13319e-05
13.565	-4.11297e-05
13.57	-4.09207e-05
13.575	-4.07051e-05
13.58	-4.04828e-05
13.585	-4.02538e-05
13.59	-4.00185e-05
13.595	-3.97769e-05
13.6	-3.95293e-05
13.605	-3.92759e-05
13.61	-3.90169e-05
13.615	-3.87522e-05
13.62	-3.84819e-05
13.625	-3.82059e-05
13.63	-3.79242e-05
13.635	-3.76372e-05
13.64	-3.73448e-05
13.645	-3.70475e-05
13.65	-3.67454e-05
13.655	-3.64387e-05
13.66	-3.61274e-05
13.665	-3.58115e-05
13.67	-3.54913e-05
13.675	-3.51667e-05
13.68	-3.48378e-05
13.685	-3.45046e-05
13.69	-3.41673e-05
13.695	-3.38258e-05
13.7	-3.34803e-05
13.705	-3.3131e-05
13.71	-3.2778e-05
13.715	-3.24215e-05
13.72	-3.20617e-05
13.725	-3.16985e-05
13.73	-3.13321e-05
13.735	-3.09626e-05
13.74	-3.05899e-05
13.745	-3.02142e-05
13.75	-2.98356e-05
13.755	-2.94541e-05
13.76	-2.90698e-05
13.765	-2.86829e-05
13.77	-2.82932e-05
13.775	-2.7901e-05
13.78	-2.75063e-05
13.785	-2.7109e-05
13.79	-2.67094e-05
13.795	-2.63074e-05
13.8	-2.59033e-05
13.805	-2.54972e-05
13.81	-2.50891e-05
13.815	-2.46791e-05
13.82	-2.42672e-05
13.825	-2.38534e-05
13.83	-2.34379e-05
13.835	-2.30207e-05
13.84	-2.26018e-05
13.845	-2.21815e-05
13.85	-2.17597e-05
13.855	-2.13364e-05
13.86	-2.09116e-05
13.865	-2.04852e-05
13.87	-2.00572e-05
13.875	-1.96277e-05
13.88	-1.91968e-05
13.885	-1.87646e-05
13.89	-1.83316e-05
13.895	-1.7898e-05
13.9	-1.74638e-05
13.905	-1.70292e-05
13.91	-1.65941e-05
13.915	-1.61581e-05
13.92	-1.57209e-05
13.925	-1.52825e-05
13.93	-1.48426e-05
13.935	-1.44013e-05
13.94	-1.39588e-05
13.945	-1.35152e-05
13.95	-1.30708e-05
13.955	-1.26259e-05
13.96	-1.21807e-05
13.965	-1.17354e-05
13.97	-1.129e-05
13.975	-1.08445e-05
13.98	-1.03988e-05
13.985	-9.95283e-06
13.99	-9.50648e-06
13.995	-9.05965e-06
14	-8.61227e-06
14.005	-8.16428e-06
14.01	-7.71572e-06
14.015	-7.26666e-06
14.02	-6.81725e-06
14.025	-6.36769e-06
14.03	-5.91814e-06
14.035	-5.46872e-06
14.04	-5.01946e-06
14.045	-4.57034e-06
14.05	-4.12133e-06
14.055	-3.6724e-06
14.06	-3.22357e-06
14.065	-2.77487e-06
14.07	-2.32637e-06
14.075	-1.8781e-06
14.08	-1.43014e-06
14.085	-9.82546e-07
14.09	-5.35385e-07
14.095	-8.87414e-08
14.1	3.57323e-07
14.105	8.02782e-07
14.11	1.24765e-06
14.115	1.69196e-06
14.12	2.13576e-06
14.125	2.57903e-06
14.13	3.0217e-06
14.135	3.46364e-06
14.14	3.90464e-06
14.145	4.3445e-06
14.15	4.78306e-06
14.155	5.22019e-06
14.16	5.65587e-06
14.165	6.09011e-06
14.17	6.52297e-06
14.175	6.95451e-06
14.18	7.38475e-06
14.185	7.81366e-06
14.19	8.24115e-06
14.195	8.66711e-06
14.2	9.09146e-06
14.205	9.51415e-06
14.21	9.93517e-06
14.215	1.03546e-05
14.22	1.07723e-05
14.225	1.11885e-05
14.23	1.1603e-05
14.235	1.20156e-05
14.24	1.24261e-05
14.245	1.28343e-05
14.25	1.32402e-05
14.255	1.36436e-05
14.26	1.40446e-05
14.265	1.44432e-05
14.27	1.48395e-05
14.275	1.52336e-05
14.28	1.56254e-05
14.285	1.60149e-05
14.29	1.64021e-05
14.295	1.6787e-05
14.3	1.71694e-05
14.305	1.75492e-05
14.31	1.79261e-05
14.315	1.83e-05
14.32	1.86706e-05
14.325	1.90379e-05
14.33	1.94016e-05
14.335	1.97619e-05
14.34	2.01189e-05
14.345	2.04725e-05
14.35	2.08229e-05
14.355	2.117e-05
14.36	2.15138e-05
14.365	2.18542e-05
14.37	2.2191e-05
14.375	2.2524e-05
14.38	2.28531e-05
14.385	2.31781e-05
14.39	2.34991e-05
14.395	2.38158e-05
14.4	2.41285e-05
14.405	2.4437e-05
14.41	2.47413e-05
14.415	2.50413e-05
14.42	2.53369e-05
14.425	2.56279e-05
14.43	2.59141e-05
14.435	2.61953e-05
14.44	2.64715e-05
14.445	2.67425e-05
14.45	2.70084e-05
14.455	2.72691e-05
14.46	2.75246e-05
14.465	2.7775e-05
14.47	2.80201e-05
14.475	2.826e-05
14.48	2.84944e-05
14.485	2.87232e-05
14.49	2.89463e-05
14.495	2.91636e-05
14.5	2.93751e-05
14.505	2.95806e-05
14.51	2.97801e-05
14.515	2.99736e-05
14.52	3.01611e-05
14.525	3.03424e-05
14.53	3.05173e-05
14.535	3.06858e-05
14.54	3.08476e-05
14.545	3.10028e-05
14.55	3.11512e-05
14.555	3.12929e-05
14.56	3.14278e-05
14.565	3.15561e-05
14.57	3.16777e-05
14.575	3.17926e-05
14.58	3.19006e-05
14.585	3.20017e-05
14.59	3.20956e-05
14.595	3.2182e-05
14.6	3.22609e-05
14.605	3.23321e-05
14.61	3.23956e-05
14.615	3.24514e-05
14.62	3.24995e-05
14.625	3.25401e-05
14.63	3.25731e-05
14.635	3.25986e-05
14.64	3.26165e-05
14.645	3.26266e-05
14.65	3.26289e-05
14.655	3.26233e-05
14.66	3.26098e-05
14.665	3.25884e-05
14.67	3.2559e-05
14.675	3.25218e-05
14.68	3.24767e-05
14.685	3.24237e-05
14.69	3.23628e-05
14.695	3.22939e-05
14.7	3.22169e-05
14.705	3.21318e-05
14.71	3.20384e-05
14.715	3.19367e-05
14.72	3.18266e-05
14.725	3.17084e-05
14.73	3.15822e-05
14.735	3.14481e-05
14.74	3.13063e-05
14.745	3.11569e-05
14.75	3.09997e-05
14.755	3.08348e-05
14.76	3.0662e-05
14.765	3.04811e-05
14.77	3.02922e-05
14.775	3.00953e-05
14.78	2.98907e-05
14.785	2.96786e-05
14.79	2.94592e-05
14.795	2.92329e-05
14.8	2.89997e-05
14.805	2.87598e-05
14.81	2.85131e-05
14.815	2.82596e-05
14.82	2.79992e-05
14.825	2.77319e-05
14.83	2.74577e-05
14.835	2.71766e-05
14.84	2.68887e-05
14.845	2.65944e-05
14.85	2.62939e-05
14.855	2.59875e-05
14.86	2.56756e-05
14.865	2.53582e-05
14.87	2.50356e-05
14.875	2.47078e-05
14.88	2.43746e-05
14.885	2.40361e-05
14.89	2.36922e-05
14.895	2.33431e-05
14.9	2.29891e-05
14.905	2.26304e-05
14.91	2.22674e-05
14.915	2.19004e-05
14.92	2.15297e-05
14.925	2.11556e-05
14.93	2.0778e-05
14.935	2.03971e-05
14.94	2.0013e-05
14.945	1.96258e-05
14.95	1.92354e-05
14.955	1.88422e-05
14.96	1.84463e-05
14.965	1.8048e-05
14.97	1.76474e-05
14.975	1.72448e-05
14.98	1.68407e-05
14.985	1.64351e-05
14.99	1.60284e-05
14.995	1.56207e-05
15	1.52121e-05
15.005	1.48027e-05
15.01	1.43923e-05
15.015	1.39811e-05
15.02	1.35692e-05
15.025	1.31567e-05
15.03	1.27441e-05
15.035	1.23316e-05
15.04	1.19197e-05
15.045	1.15086e-05
15.05	1.10985e-05
15.055	1.06895e-05
15.06	1.02816e-05
15.065	9.8749e-06
15.07	9.46943e-06
15.075	9.06536e-06
15.08	8.66288e-06
15.085	8.26217e-06
15.09	7.86341e-06
15.095	7.46672e-06
15.1	7.07225e-06
15.105	6.68015e-06
15.11	6.29056e-06
15.115	5.90366e-06
15.12	5.5196e-06
15.125	5.13854e-06
15.13	4.7606e-06
15.135	4.38587e-06
15.14	4.01443e-06
15.145	3.64636e-06
15.15	3.28173e-06
15.155	2.92061e-06
15.16	2.56307e-06
15.165	2.20917e-06
15.17	1.85897e-06
15.175	1.51255e-06
15.18	1.17e-06
15.185	8.31412e-07
15.19	4.96866e-07
15.195	1.66446e-07
15.2	-1.59788e-07
15.205	-4.81792e-07
15.21	-7.99538e-07
15.215	-1.11302e-06
15.22	-1.42223e-06
15.225	-1.72719e-06
15.23	-2.02793e-06
15.235	-2.32446e-06
15.24	-2.61677e-06
15.245	-2.90479e-06
15.25	-3.18843e-06
15.255	-3.46755e-06
15.26	-3.74207e-06
15.265	-4.01194e-06
15.27	-4.27724e-06
15.275	-4.53811e-06
15.28	-4.79473e-06
15.285	-5.04728e-06
15.29	-5.2959e-06
15.295	-5.54064e-06
15.3	-5.78147e-06
15.305	-6.01831e-06
15.31	-6.25105e-06
15.315	-6.4796e-06
15.32	-6.70393e-06
15.325	-6.92404e-06
15.33	-7.14005e-06
15.335	-7.35209e-06
15.34	-7.56032e-06
15.345	-7.76487e-06
15.35	-7.96584e-06
15.355	-8.16327e-06
15.36	-8.35721e-06
15.365	-8.54772e-06
15.37	-8.73485e-06
15.375	-8.91871e-06
15.38	-9.09936e-06
15.385	-9.27689e-06
15.39	-9.45134e-06
15.395	-9.62278e-06
15.4	-9.79129e-06
15.405	-9.957e-06
15.41	-1.01201e-05
15.415	-1.02806e-05
15.42	-1.04386e-05
15.425	-1.05942e-05
15.43	-1.07473e-05
15.435	-1.08979e-05
15.44	-1.1046e-05
15.445	-1.11914e-05
15.45	-1.13344e-05
15.455	-1.14751e-05
15.46	-1.16139e-05
15.465	-1.17509e-05
15.47	-1.18864e-05
15.475	-1.20206e-05
15.48	-1.21535e-05
15.485	-1.22851e-05
15.49	-1.24151e-05
15.495	-1.25436e-05
15.5	-1.26705e-05
15.505	-1.27959e-05
15.51	-1.29199e-05
15.515	-1.30425e-05
15.52	-1.31639e-05
15.525	-1.32841e-05
15.53	-1.34031e-05
15.535	-1.35211e-05
15.54	-1.3638e-05
15.545	-1.3754e-05
15.55	-1.38692e-05
15.555	-1.39835e-05
15.56	-1.40972e-05
15.565	-1.42101e-05
15.57	-1.43222e-05
15.575	-1.44335e-05
15.58	-1.4544e-05
15.585	-1.46538e-05
15.59	-1.47629e-05
15.595	-1.48713e-05
15.6	-1.49792e-05
15.605	-1.50865e-05
15.61	-1.51933e-05
15.615	-1.52995e-05
15.62	-1.5405e-05
15.625	-1.55097e-05
15.63	-1.56137e-05
15.635	-1.5717e-05
15.64	-1.58197e-05
15.645	-1.5922e-05
15.65	-1.60238e-05
15.655	-1.61251e-05
15.66	-1.62259e-05
15.665	-1.63259e-05
15.67	-1.64253e-05
15.675	-1.65238e-05
15.68	-1.66216e-05
15.685	-1.67186e-05
15.69	-1.68149e-05
15.695	-1.69104e-05
15.7	-1.70052e-05
15.705	-1.7099e-05
15.71	-1.71918e-05
15.715	-1.72835e-05
15.72	-1.73739e-05
15.725	-1.74631e-05
15.73	-1.75511e-05
15.735	-1.7638e-05
15.74	-1.77239e-05
15.745	-1.78087e-05
15.75	-1.78924e-05
15.755	-1.79748e-05
15.76	-1.80559e-05
15.765	-1.81355e-05
15.77	-1.82135e-05
15.775	-1.829e-05
15.78	-1.83649e-05
15.785	-1.84381e-05
15.79	-1.85097e-05
15.795	-1.85794e-05
15.8	-1.86473e-05
15.805	-1.87133e-05
15.81	-1.87772e-05
15.815	-1.88392e-05
15.82	-1.88991e-05
15.825	-1.8957e-05
15.83	-1.90127e-05
15.835	-1.90662e-05
15.84	-1.91173e-05
15.845	-1.91658e-05
15.85	-1.92118e-05
15.855	-1.92551e-05
15.86	-1.92957e-05
15.865	-1.93336e-05
15.87	-1.93689e-05
15.875	-1.94014e-05
15.88	-1.9431e-05
15.885	-1.94574e-05
15.89	-1.94807e-05
15.895	-1.95006e-05
15.9	-1.95171e-05
15.905	-1.95304e-05
15.91	-1.95406e-05
15.915	-1.95476e-05
15.92	-1.95516e-05
15.925	-1.95524e-05
15.93	-1.95498e-05
15.935	-1.95435e-05
15.94	-1.95333e-05
15.945	-1.95189e-05
15.95	-1.95003e-05
15.955	-1.94776e-05
15.96	-1.94509e-05
15.965	-1.94205e-05
15.97	-1.93863e-05
15.975	-1.93483e-05
15.98	-1.93063e-05
15.985	-1.92602e-05
15.99	-1.92097e-05
15.995	-1.91547e-05
16	-1.90952e-05
16.005	-1.90313e-05
16.01	-1.8963e-05
16.015	-1.88903e-05
16.02	-1.88134e-05
16.025	-1.8732e-05
16.03	-1.86462e-05
16.035	-1.85558e-05
16.04	-1.84607e-05
16.045	-1.8361e-05
16.05	-1.82566e-05
16.055	-1.81475e-05
16.06	-1.80338e-05
16.065	-1.79156e-05
16.07	-1.77928e-05
16.075	-1.76654e-05
16.08	-1.75334e-05
16.085	-1.73969e-05
16.09	-1.72558e-05
16.095	-1.71101e-05
16.1	-1.69599e-05
16.105	-1.6805e-05
16.11	-1.66454e-05
16.115	-1.6481e-05
16.12	-1.63119e-05
16.125	-1.6138e-05
16.13	-1.59594e-05
16.135	-1.57764e-05
16.14	-1.55889e-05
16.145	-1.53972e-05
16.15	-1.52012e-05
16.155	-1.50011e-05
16.16	-1.47966e-05
16.165	-1.45877e-05
16.17	-1.43745e-05
16.175	-1.41568e-05
16.18	-1.39349e-05
16.185	-1.37087e-05
16.19	-1.34785e-05
16.195	-1.32444e-05
16.2	-1.30065e-05
16.205	-1.27649e-05
16.21	-1.25197e-05
16.215	-1.22707e-05
16.22	-1.2018e-05
16.225	-1.17617e-05
16.23	-1.1502e-05
16.235	-1.12388e-05
16.24	-1.09725e-05
16.245	-1.0703e-05
16.25	-1.04304e-05
16.255	-1.01549e-05
16.26	-9.87624e-06
16.265	-9.59463e-06
16.27	-9.31011e-06
16.275	-9.02286e-06
16.28	-8.73307e-06
16.285	-8.44097e-06
16.29	-8.14676e-06
16.295	-7.85057e-06
16.3	-7.55245e-06
16.305	-7.25242e-06
16.31	-6.95046e-06
16.315	-6.64661e-06
16.32	-6.34094e-06
16.325	-6.03365e-06
16.33	-5.72495e-06
16.335	-5.41511e-06
16.34	-5.10437e-06
16.345	-4.79289e-06
16.35	-4.48079e-06
16.355	-4.16814e-06
16.36	-3.85498e-06
16.365	-3.54135e-06
16.37	-3.2273e-06
16.375	-2.91291e-06
16.38	-2.59826e-06
16.385	-2.28349e-06
16.39	-1.96876e-06
16.395	-1.65427e-06
16.4	-1.34026e-06
16.405	-1.02697e-06
16.41	-7.14635e-07
16.415	-4.03411e-07
16.42	-9.34094e-08
16.425	2.1532e-07
16.43	5.22761e-07
16.435	8.28905e-07
16.44	1.13371e-06
16.445	1.4371e-06
16.45	1.73892e-06
16.455	2.03896e-06
16.46	2.33701e-06
16.465	2.63283e-06
16.47	2.92625e-06
16.475	3.21715e-06
16.48	3.50548e-06
16.485	3.79119e-06
16.49	4.07427e-06
16.495	4.35468e-06
16.5	4.63233e-06
16.505	4.90712e-06
16.51	5.17891e-06
16.515	5.44755e-06
16.52	5.71287e-06
16.525	5.97474e-06
16.53	6.23302e-06
16.535	6.48762e-06
16.54	6.73847e-06
16.545	6.98554e-06
16.55	7.22881e-06
16.555	7.46827e-06
16.56	7.70392e-06
16.565	7.93574e-06
16.57	8.1637e-06
16.575	8.38771e-06
16.58	8.60766e-06
16.585	8.8234e-06
16.59	9.03478e-06
16.595	9.24168e-06
16.6	9.44406e-06
16.605	9.64189e-06
16.61	9.83521e-06
16.615	1.00241e-05
16.62	1.02085e-05
16.625	1.03886e-05
16.63	1.05643e-05
16.635	1.07356e-05
16.64	1.09025e-05
16.645	1.10649e-05
16.65	1.12229e-05
16.655	1.13763e-05
16.66	1.15251e-05
16.665	1.16693e-05
16.67	1.18088e-05
16.675	1.19437e-05
16.68	1.2074e-05
16.685	1.21998e-05
16.69	1.23211e-05
16.695	1.2438e-05
16.7	1.25506e-05
16.705	1.26588e-05
16.71	1.27625e-05
16.715	1.2862e-05
16.72	1.29571e-05
16.725	1.30479e-05
16.73	1.31344e-05
16.735	1.32169e-05
16.74	1.32952e-05
16.745	1.33695e-05
16.75	1.34398e-05
16.755	1.35061e-05
16.76	1.35684e-05
16.765	1.36268e-05
16.77	1.36814e-05
16.775	1.37323e-05
16.78	1.37795e-05
16.785	1.38231e-05
16.79	1.38632e-05
16.795	1.38999e-05
16.8	1.39331e-05
16.805	1.39628e-05
16.81	1.39891e-05
16.815	1.4012e-05
16.82	1.40316e-05
16.825	1.4048e-05
16.83	1.40612e-05
16.835	1.40716e-05
16.84	1.40793e-05
16.845	1.40843e-05
16.85	1.40867e-05
16.855	1.40865e-05
16.86	1.40837e-05
16.865	1.40783e-05
16.87	1.40702e-05
16.875	1.40594e-05
16.88	1.40462e-05
16.885	1.40306e-05
16.89	1.40127e-05
16.895	1.39927e-05
16.9	1.39708e-05
16.905	1.3947e-05
16.91	1.39214e-05
16.915	1.3894e-05
16.92	1.38647e-05
16.925	1.38335e-05
16.93	1.38005e-05
16.935	1.37657e-05
16.94	1.37293e-05
16.945	1.36913e-05
16.95	1.36518e-05
16.955	1.36109e-05
16.96	1.35688e-05
16.965	1.35254e-05
16.97	1.34809e-05
16.975	1.34351e-05
16.98	1.33881e-05
16.985	1.33398e-05
16.99	1.32902e-05
16.995	1.32394e-05
17	1.31874e-05
17.005	1.31344e-05
17.01	1.30804e-05
17.015	1.30256e-05
17.02	1.297e-05
17.025	1.29138e-05
17.03	1.28568e-05
17.035	1.27992e-05
17.04	1.27407e-05
17.045	1.26814e-05
17.05	1.26212e-05
17.055	1.25602e-05
17.06	1.24983e-05
17.065	1.24356e-05
17.07	1.23722e-05
17.075	1.23082e-05
17.08	1.22436e-05
17.085	1.21784e-05
17.09	1.21127e-05
17.095	1.20466e-05
17.1	1.19799e-05
17.105	1.19126e-05
17.11	1.18447e-05
17.115	1.17759e-05
17.12	1.17064e-05
17.125	1.16361e-05
17.13	1.15651e-05
17.135	1.14935e-05
17.14	1.14213e-05
17.145	1.13486e-05
17.15	1.12753e-05
17.155	1.12015e-05
17.16	1.1127e-05
17.165	1.10518e-05
17.17	1.09758e-05
17.175	1.08991e-05
17.18	1.08217e-05
17.185	1.07435e-05
17.19	1.06647e-05
17.195	1.05853e-05
17.2	1.05052e-05
17.205	1.04244e-05
17.21	1.03428e-05
17.215	1.02604e-05
17.22	1.01771e-05
17.225	1.0093e-05
17.23	1.00078e-05
17.235	9.92181e-06
17.24	9.83488e-06
17.245	9.74705e-06
17.25	9.65834e-06
17.255	9.56875e-06
17.26	9.47825e-06
17.265	9.38684e-06
17.27	9.2945e-06
17.275	9.20122e-06
17.28	9.107e-06
17.285	9.01185e-06
17.29	8.91575e-06
17.295	8.81869e-06
17.3	8.72059e-06
17.305	8.62141e-06
17.31	8.52108e-06
17.315	8.41956e-06
17.32	8.31687e-06
17.325	8.21301e-06
17.33	8.10803e-06
17.335	8.00197e-06
17.34	7.89484e-06
17.345	7.78663e-06
17.35	7.67736e-06
17.355	7.56698e-06
17.36	7.45549e-06
17.365	7.34285e-06
17.37	7.22905e-06
17.375	7.11404e-06
17.38	6.99778e-06
17.385	6.88026e-06
17.39	6.76146e-06
17.395	6.64141e-06
17.4	6.52018e-06
17.405	6.39783e-06
17.41	6.27442e-06
17.415	6.14998e-06
17.42	6.02445e-06
17.425	5.89777e-06
17.43	5.76983e-06
17.435	5.64055e-06
17.44	5.5099e-06
17.445	5.37793e-06
17.45	5.2447e-06
17.455	5.11034e-06
17.46	4.97497e-06
17.465	4.83867e-06
17.47	4.70148e-06
17.475	4.56338e-06
17.48	4.42429e-06
17.485	4.28412e-06
17.49	4.14278e-06
17.495	4.00024e-06
17.5	3.85651e-06
17.505	3.71164e-06
17.51	3.56572e-06
17.515	3.41882e-06
17.52	3.27099e-06
17.525	3.12227e-06
17.53	2.97265e-06
17.535	2.82219e-06
17.54	2.67091e-06
17.545	2.51884e-06
17.55	2.36602e-06
17.555	2.21244e-06
17.56	2.0581e-06
17.565	1.90299e-06
17.57	1.74711e-06
17.575	1.59052e-06
17.58	1.43326e-06
17.585	1.27541e-06
17.59	1.11701e-06
17.595	9.58102e-07
17.6	7.98678e-07
17.605	6.38728e-07
17.61	4.78241e-07
17.615	3.1723e-07
17.62	1.55747e-07
17.625	-6.10907e-09
17.63	-1.68208e-07
17.635	-3.30417e-07
17.64	-4.92643e-07
17.645	-6.54866e-07
17.65	-8.17142e-07
17.655	-9.79577e-07
17.66	-1.14227e-06
17.665	-1.30528e-06
17.67	-1.46855e-06
17.675	-1.63196e-06
17.68	-1.79534e-06
17.685	-1.95851e-06
17.69	-2.12134e-06
17.695	-2.28373e-06
17.7	-2.44567e-06
17.705	-2.60718e-06
17.71	-2.76829e-06
17.715	-2.92904e-06
17.72	-3.08946e-06
17.725	-3.24954e-06
17.73	-3.4092e-06
17.735	-3.56835e-06
17.74	-3.72688e-06
17.745	-3.88467e-06
17.75	-4.04166e-06
17.755	-4.19781e-06
17.76	-4.35308e-06
17.765	-4.50746e-06
17.77	-4.66093e-06
17.775	-4.81345e-06
17.78	-4.96496e-06
17.785	-5.11542e-06
17.79	-5.26479e-06
17.795	-5.413e-06
17.8	-5.56001e-06
17.805	-5.70575e-06
17.81	-5.85016e-06
17.815	-5.99319e-06
17.82	-6.13479e-06
17.825	-6.27493e-06
17.83	-6.41356e-06
17.835	-6.55064e-06
17.84	-6.68614e-06
17.845	-6.81999e-06
17.85	-6.95213e-06
17.855	-7.08249e-06
17.86	-7.21104e-06
17.865	-7.33773e-06
17.87	-7.46257e-06
17.875	-7.58555e-06
17.88	-7.70668e-06
17.885	-7.82591e-06
17.89	-7.94317e-06
17.895	-8.05837e-06
17.9	-8.1714e-06
17.905	-8.28217e-06
17.91	-8.39062e-06
17.915	-8.49675e-06
17.92	-8.60057e-06
17.925	-8.70214e-06
17.93	-8.80149e-06
17.935	-8.89865e-06
17.94	-8.99359e-06
17.945	-9.08627e-06
17.95	-9.17658e-06
17.955	-9.26441e-06
17.96	-9.34964e-06
17.965	-9.43217e-06
17.97	-9.51197e-06
17.975	-9.58906e-06
17.98	-9.66348e-06
17.985	-9.73533e-06
17.99	-9.80465e-06
17.995	-9.87147e-06
18	-9.9358e-06
18.005	-9.9976e-06
18.01	-1.00568e-05
18.015	-1.01134e-05
18.02	-1.01673e-05
18.025	-1.02185e-05
18.03	-1.02669e-05
18.035	-1.03124e-05
18.04	-1.03551e-05
18.045	-1.0395e-05
18.05	-1.04321e-05
18.055	-1.04666e-05
18.06	-1.04985e-05
18.065	-1.05278e-05
18.07	-1.05545e-05
18.075	-1.05786e-05
18.08	-1.06001e-05
18.085	-1.06187e-05
18.09	-1.06346e-05
18.095	-1.06477e-05
18.1	-1.06582e-05
18.105	-1.06659e-05
18.11	-1.06712e-05
18.115	-1.06739e-05
18.12	-1.06741e-05
18.125	-1.06719e-05
18.13	-1.06671e-05
18.135	-1.06598e-05
18.14	-1.06499e-05
18.145	-1.06376e-05
18.15	-1.06227e-05
18.155	-1.06052e-05
18.16	-1.05854e-05
18.165	-1.05632e-05
18.17	-1.05387e-05
18.175	-1.0512e-05
18.18	-1.0483e-05
18.185	-1.0452e-05
18.19	-1.04187e-05
18.195	-1.03834e-05
18.2	-1.03459e-05
18.205	-1.03064e-05
18.21	-1.02647e-05
18.215	-1.02209e-05
18.22	-1.0175e-05
18.225	-1.01271e-05
18.23	-1.00773e-05
18.235	-1.00257e-05
18.24	-9.97232e-06
18.245	-9.91725e-06
18.25	-9.86047e-06
18.255	-9.80195e-06
18.26	-9.74168e-06
18.265	-9.67965e-06
18.27	-9.61591e-06
18.275	-9.55052e-06
18.28	-9.48356e-06
18.285	-9.41515e-06
18.29	-9.34538e-06
18.295	-9.27431e-06
18.3	-9.20198e-06
18.305	-9.12837e-06
18.31	-9.05346e-06
18.315	-8.97723e-06
18.32	-8.8997e-06
18.325	-8.82091e-06
18.33	-8.74093e-06
18.335	-8.65982e-06
18.34	-8.57764e-06
18.345	-8.49441e-06
18.35	-8.41017e-06
18.355	-8.32494e-06
18.36	-8.23873e-06
18.365	-8.15157e-06
18.37	-8.06349e-06
18.375	-7.97454e-06
18.38	-7.88477e-06
18.385	-7.79422e-06
18.39	-7.70296e-06
18.395	-7.61101e-06
18.4	-7.5184e-06
18.405	-7.42513e-06
18.41	-7.33119e-06
18.415	-7.23658e-06
18.42	-7.14131e-06
18.425	-7.04541e-06
18.43	-6.94889e-06
18.435	-6.8518e-06
18.44	-6.75416e-06
18.445	-6.65602e-06
18.45	-6.55745e-06
18.455	-6.45849e-06
18.46	-6.35919e-06
18.465	-6.25954e-06
18.47	-6.15955e-06
18.475	-6.05919e-06
18.48	-5.9584e-06
18.485	-5.85717e-06
18.49	-5.7555e-06
18.495	-5.65341e-06
18.5	-5.55095e-06
18.505	-5.44822e-06
18.51	-5.34528e-06
18.515	-5.24219e-06
18.52	-5.13898e-06
18.525	-5.03563e-06
18.53	-4.93208e-06
18.535	-4.82827e-06
18.54	-4.72414e-06
18.545	-4.61966e-06
18.55	-4.51484e-06
18.555	-4.40971e-06
18.56	-4.30436e-06
18.565	-4.19886e-06
18.57	-4.09329e-06
18.575	-3.98769e-06
18.58	-3.88205e-06
18.585	-3.77636e-06
18.59	-3.67056e-06
18.595	-3.56461e-06
18.6	-3.45847e-06
18.605	-3.35211e-06
18.61	-3.24555e-06
18.615	-3.13881e-06
18.62	-3.03191e-06
18.625	-2.92489e-06
18.63	-2.81778e-06
18.635	-2.71061e-06
18.64	-2.60343e-06
18.645	-2.49623e-06
18.65	-2.38902e-06
18.655	-2.28177e-06
18.66	-2.17446e-06
18.665	-2.06706e-06
18.67	-1.95954e-06
18.675	-1.85191e-06
18.68	-1.7442e-06
18.685	-1.63646e-06
18.69	-1.52872e-06
18.695	-1.42102e-06
18.7	-1.31335e-06
18.705	-1.2057e-06
18.71	-1.09805e-06
18.715	-9.9041e-07
18.72	-8.82791e-07
18.725	-7.75236e-07
18.73	-6.67786e-07
18.735	-5.6047e-07
18.74	-4.53299e-07
18.745	-3.46258e-07
18.75	-2.3932e-07
18.755	-1.32456e-07
18.76	-2.56492e-08
18.765	8.10958e-08
18.77	1.87749e-07
18.775	2.94256e-07
18.78	4.00551e-07
18.785	5.06572e-07
18.79	6.12278e-07
18.795	7.17659e-07
18.8	8.22733e-07
18.805	9.27531e-07
18.81	1.03207e-06
18.815	1.13636e-06
18.82	1.24037e-06
18.825	1.34405e-06
18.83	1.44737e-06
18.835	1.5503e-06
18.84	1.65285e-06
18.845	1.75499e-06
18.85	1.85672e-06
18.855	1.95801e-06
18.86	2.05883e-06
18.865	2.15912e-06
18.87	2.25887e-06
18.875	2.35804e-06
18.88	2.45663e-06
18.885	2.55465e-06
18.89	2.65214e-06
18.895	2.74908e-06
18.9	2.84547e-06
18.905	2.94123e-06
18.91	3.0363e-06
18.915	3.13058e-06
18.92	3.22404e-06
18.925	3.31667e-06
18.93	3.40852e-06
18.935	3.49966e-06
18.94	3.59013e-06
18.945	3.67993e-06
18.95	3.76899e-06
18.955	3.85724e-06
18.96	3.94459e-06
18.965	4.03096e-06
18.97	4.11634e-06
18.975	4.20071e-06
18.98	4.28412e-06
18.985	4.36661e-06
18.99	4.44818e-06
18.995	4.52884e-06
19	4.60852e-06
19.005	4.68716e-06
19.01	4.76467e-06
19.015	4.84101e-06
19.02	4.91618e-06
19.025	4.9902e-06
19.03	5.06314e-06
19.035	5.13502e-06
19.04	5.20585e-06
19.045	5.27557e-06
19.05	5.34413e-06
19.055	5.41149e-06
19.06	5.47761e-06
19.065	5.54251e-06
19.07	5.60617e-06
19.075	5.66861e-06
19.08	5.72982e-06
19.085	5.78975e-06
19.09	5.84838e-06
19.095	5.90566e-06
19.1	5.96156e-06
19.105	6.01609e-06
19.11	6.06927e-06
19.115	6.12113e-06
19.12	6.17172e-06
19.125	6.22103e-06
19.13	6.26902e-06
19.135	6.31564e-06
19.14	6.36084e-06
19.145	6.40459e-06
19.15	6.44691e-06
19.155	6.48785e-06
19.16	6.52747e-06
19.165	6.56581e-06
19.17	6.60285e-06
19.175	6.63854e-06
19.18	6.67278e-06
19.185	6.7055e-06
19.19	6.73663e-06
19.195	6.76618e-06
19.2	6.7942e-06
19.205	6.8208e-06
19.21	6.84607e-06
19.215	6.87008e-06
19.22	6.89283e-06
19.225	6.91427e-06
19.23	6.93429e-06
19.235	6.95281e-06
19.24	6.96978e-06
19.245	6.98519e-06
19.25	6.99907e-06
19.255	7.0115e-06
19.26	7.02254e-06
19.265	7.03223e-06
19.27	7.04059e-06
19.275	7.04761e-06
19.28	7.05328e-06
19.285	7.05757e-06
19.29	7.06044e-06
19.295	7.06189e-06
19.3	7.06192e-06
19.305	7.06054e-06
19.31	7.05774e-06
19.315	7.05353e-06
19.32	7.04787e-06
19.325	7.04076e-06
19.33	7.03222e-06
19.335	7.02232e-06
19.34	7.01112e-06
19.345	6.9987e-06
19.35	6.98509e-06
19.355	6.97027e-06
19.36	6.95418e-06
19.365	6.93674e-06
19.37	6.91789e-06
19.375	6.89761e-06
19.38	6.87591e-06
19.385	6.85286e-06
19.39	6.82852e-06
19.395	6.80296e-06
19.4	6.77623e-06
19.405	6.74833e-06
19.41	6.71926e-06
19.415	6.689e-06
19.42	6.65754e-06
19.425	6.62488e-06
19.43	6.59105e-06
19.435	6.55605e-06
19.44	6.51991e-06
19.445	6.48259e-06
19.45	6.44407e-06
19.455	6.40434e-06
19.46	6.36339e-06
19.465	6.32128e-06
19.47	6.27806e-06
19.475	6.23382e-06
19.48	6.18862e-06
19.485	6.14252e-06
19.49	6.0955e-06
19.495	6.04755e-06
19.5	5.99859e-06
19.505	5.94857e-06
19.51	5.89744e-06
19.515	5.84521e-06
19.52	5.79193e-06
19.525	5.73769e-06
19.53	5.68257e-06
19.535	5.62667e-06
19.54	5.57001e-06
19.545	5.5126e-06
19.55	5.4544e-06
19.555	5.3954e-06
19.56	5.33556e-06
19.565	5.27489e-06
19.57	5.21338e-06
19.575	5.15106e-06
19.58	5.08796e-06
19.585	5.02409e-06
19.59	4.95951e-06
19.595	4.89424e-06
19.6	4.82834e-06
19.605	4.76183e-06
19.61	4.69477e-06
19.615	4.62719e-06
19.62	4.55908e-06
19.625	4.49043e-06
19.63	4.42122e-06
19.635	4.35141e-06
19.64	4.28099e-06
19.645	4.20998e-06
19.65	4.13843e-06
19.655	4.0664e-06
19.66	3.99397e-06
19.665	3.92119e-06
19.67	3.8481e-06
19.675	3.77471e-06
19.68	3.70103e-06
19.685	3.62703e-06
19.69	3.55266e-06
19.695	3.47792e-06
19.7	3.4028e-06
19.705	3.32732e-06
19.71	3.25154e-06
19.715	3.17551e-06
19.72	3.09929e-06
19.725	3.02291e-06
19.73	2.9464e-06
19.735	2.86977e-06
19.74	2.79302e-06
19.745	2.71617e-06
19.75	2.63922e-06
19.755	2.56218e-06
19.76	2.48502e-06
19.765	2.40775e-06
19.77	2.33037e-06
19.775	2.25292e-06
19.78	2.17543e-06
19.785	2.09797e-06
19.79	2.02056e-06
19.795	1.94322e-06
19.8	1.86597e-06
19.805	1.7888e-06
19.81	1.71168e-06
19.815	1.6346e-06
19.82	1.55754e-06
19.825	1.48051e-06
19.83	1.40353e-06
19.835	1.32665e-06
19.84	1.24992e-06
19.845	1.1734e-06
19.85	1.09708e-06
19.855	1.02097e-06
19.86	9.45048e-07
19.865	8.69285e-07
19.87	7.93675e-07
19.875	7.1823e-07
19.88	6.42973e-07
19.885	5.6793e-07
19.89	4.93124e-07
19.895	4.18567e-07
19.9	3.44257e-07
19.905	2.70187e-07
19.91	1.96346e-07
19.915	1.2273e-07
19.92	4.93493e-08
19.925	-2.37759e-08
19.93	-9.66173e-08
19.935	-1.69151e-07
19.94	-2.41365e-07
19.945	-3.13265e-07
19.95	-3.84865e-07
19.955	-4.56184e-07
19.96	-5.27233e-07
19.965	-5.98018e-07
19.97	-6.68529e-07
19.975	-7.38751e-07
19.98	-8.08662e-07
19.985	-8.78236e-07
19.99	-9.4745e-07
19.995	-1.01629e-06
