0	0
0.005	0
0.01	0
0.015	0
0.02	0
0.025	0
0.03	0
0.035	0
0.04	0
0.045	0
0.05	0
0.055	0
0.06	0
0.065	0
0.07	0
0.075	0
0.08	0
0.085	0
0.09	0
0.095	0
0.1	0
0.105	0
0.11	0
0.115	0
0.12	0
0.125	0
0.13	0
0.135	0
0.14	0
0.145	0
0.15	0
0.155	0
0.16	0
0.165	0
0.17	0
0.175	0
0.18	0
0.185	0
0.19	0
0.195	0
0.2	0
0.205	0
0.21	0
0.215	0
0.22	0
0.225	0
0.23	0
0.235	0
0.24	0
0.245	0
0.25	0
0.255	0
0.26	0
0.265	0
0.27	0
0.275	0
0.28	0
0.285	0
0.29	0
0.295	0
0.3	0
0.305	0
0.31	0
0.315	0
0.32	0
0.325	0
0.33	0
0.335	0
0.34	0
0.345	0
0.35	0
0.355	0
0.36	0
0.365	0
0.37	0
0.375	0
0.38	0
0.385	0
0.39	0
0.395	0
0.4	0
0.405	-4.25477e-53
0.41	-4.46386e-51
0.415	-2.31713e-49
0.42	-7.91315e-48
0.425	-1.99245e-46
0.43	-3.92283e-45
0.435	-6.23404e-44
0.44	-8.09635e-43
0.445	-8.50298e-42
0.45	-6.79077e-41
0.455	-3.04532e-40
0.46	1.87938e-39
0.465	6.73155e-38
0.47	1.03842e-36
0.475	1.22222e-35
0.48	1.22404e-34
0.485	1.08872e-33
0.49	8.79472e-33
0.495	6.5418e-32
0.5	4.52309e-31
0.505	2.92718e-30
0.51	1.78272e-29
0.515	1.02617e-28
0.52	5.60317e-28
0.525	2.91107e-27
0.53	1.44288e-26
0.535	6.83871e-26
0.54	3.10586e-25
0.545	1.35411e-24
0.55	5.67694e-24
0.555	2.29203e-23
0.56	8.9243e-23
0.565	3.35526e-22
0.57	1.21952e-21
0.575	4.28973e-21
0.58	1.46181e-20
0.585	4.83039e-20
0.59	1.54912e-19
0.595	4.82568e-19
0.6	1.4613e-18
0.605	4.30477e-18
0.61	1.23449e-17
0.615	3.44854e-17
0.62	9.38997e-17
0.625	2.49362e-16
0.63	6.46211e-16
0.635	1.63505e-15
0.64	4.04125e-15
0.645	9.7621e-15
0.65	2.30575e-14
0.655	5.3274e-14
0.66	1.20458e-13
0.665	2.66656e-13
0.67	5.78136e-13
0.675	1.2281e-12
0.68	2.55694e-12
0.685	5.21961e-12
0.69	1.04504e-11
0.695	2.05277e-11
0.7	3.95732e-11
0.705	7.48931e-11
0.71	1.39184e-10
0.715	2.54077e-10
0.72	4.55709e-10
0.725	8.03294e-10
0.73	1.39199e-09
0.735	2.37184e-09
0.74	3.97493e-09
0.745	6.55353e-09
0.75	1.06323e-08
0.755	1.69783e-08
0.76	2.66916e-08
0.765	4.13216e-08
0.77	6.30095e-08
0.775	9.466e-08
0.78	1.40142e-07
0.785	2.04512e-07
0.79	2.94262e-07
0.795	4.17571e-07
0.8	5.84558e-07
0.805	8.07516e-07
0.81	1.10111e-06
0.815	1.48255e-06
0.82	1.97161e-06
0.825	2.59072e-06
0.83	3.36484e-06
0.835	4.3213e-06
0.84	5.48961e-06
0.845	6.90115e-06
0.85	8.58888e-06
0.855	1.0587e-05
0.86	1.29306e-05
0.865	1.56555e-05
0.87	1.87979e-05
0.875	2.23939e-05
0.88	2.648e-05
0.885	3.10923e-05
0.89	3.62663e-05
0.895	4.20374e-05
0.9	4.844e-05
0.905	5.55076e-05
0.91	6.32728e-05
0.915	7.1767e-05
0.92	8.10204e-05
0.925	9.1062e-05
0.93	0.00010192
0.935	0.000113622
0.94	0.000126194
0.945	0.000139664
0.95	0.000154057
0.955	0.0001694
0.96	0.00018572
0.965	0.000203043
0.97	0.000221393
0.975	0.000240796
0.98	0.000261274
0.985	0.00028285
0.99	0.000305544
0.995	0.000329375
1	0.00035436
1.005	0.000380519
1.01	0.000407867
1.015	0.000436424
1.02	0.000466205
1.025	0.000497228
1.03	0.000529509
1.035	0.000563061
1.04	0.000597893
1.045	0.000634014
1.05	0.000671425
1.055	0.000710125
1.06	0.000750108
1.065	0.000791366
1.07	0.000833888
1.075	0.00087766
1.08	0.000922671
1.085	0.000968907
1.09	0.00101635
1.095	0.00106499
1.1	0.00111481
1.105	0.00116579
1.11	0.0012179
1.115	0.00127112
1.12	0.00132542
1.125	0.00138076
1.13	0.00143711
1.135	0.00149444
1.14	0.00155269
1.145	0.00161182
1.15	0.0016718
1.155	0.00173256
1.16	0.00179405
1.165	0.00185623
1.17	0.00191903
1.175	0.0019824
1.18	0.00204626
1.185	0.00211056
1.19	0.00217522
1.195	0.00224018
1.2	0.00230537
1.205	0.00237072
1.21	0.00243615
1.215	0.0025016
1.22	0.002567
1.225	0.00263227
1.23	0.00269733
1.235	0.00276211
1.24	0.00282652
1.245	0.00289049
1.25	0.00295393
1.255	0.00301676
1.26	0.00307889
1.265	0.00314023
1.27	0.00320071
1.275	0.00326023
1.28	0.00331871
1.285	0.00337606
1.29	0.0034322
1.295	0.00348704
1.3	0.00354049
1.305	0.00359246
1.31	0.00364286
1.315	0.00369161
1.32	0.00373861
1.325	0.00378379
1.33	0.00382705
1.335	0.00386831
1.34	0.00390749
1.345	0.0039445
1.35	0.00397926
1.355	0.00401168
1.36	0.0040417
1.365	0.00406923
1.37	0.00409421
1.375	0.00411656
1.38	0.00413622
1.385	0.00415313
1.39	0.00416723
1.395	0.00417849
1.4	0.00418685
1.405	0.00419227
1.41	0.00419471
1.415	0.00419414
1.42	0.00419051
1.425	0.00418381
1.43	0.00417399
1.435	0.00416105
1.44	0.00414495
1.445	0.00412569
1.45	0.00410326
1.455	0.00407766
1.46	0.00404887
1.465	0.00401692
1.47	0.0039818
1.475	0.00394351
1.48	0.00390208
1.485	0.0038575
1.49	0.0038098
1.495	0.00375899
1.5	0.00370509
1.505	0.00364812
1.51	0.00358811
1.515	0.00352508
1.52	0.00345907
1.525	0.00339012
1.53	0.00331826
1.535	0.00324353
1.54	0.00316598
1.545	0.00308567
1.55	0.00300264
1.555	0.00291696
1.56	0.00282868
1.565	0.00273786
1.57	0.00264458
1.575	0.00254888
1.58	0.00245085
1.585	0.00235054
1.59	0.00224802
1.595	0.00214336
1.6	0.00203663
1.605	0.00192791
1.61	0.00181725
1.615	0.00170474
1.62	0.00159046
1.625	0.00147449
1.63	0.0013569
1.635	0.0012378
1.64	0.00111726
1.645	0.000995378
1.65	0.000872236
1.655	0.000747927
1.66	0.000622541
1.665	0.000496172
1.67	0.000368912
1.675	0.000240856
1.68	0.000112096
1.685	-1.72746e-05
1.69	-0.000147163
1.695	-0.000277478
1.7	-0.000408129
1.705	-0.000539023
1.71	-0.000670074
1.715	-0.000801194
1.72	-0.000932303
1.725	-0.00106332
1.73	-0.00119416
1.735	-0.00132476
1.74	-0.00145503
1.745	-0.00158489
1.75	-0.00171427
1.755	-0.00184309
1.76	-0.00197126
1.765	-0.0020987
1.77	-0.00222534
1.775	-0.00235108
1.78	-0.00247586
1.785	-0.00259958
1.79	-0.00272217
1.795	-0.00284354
1.8	-0.00296361
1.805	-0.00308232
1.81	-0.00319958
1.815	-0.00331532
1.82	-0.00342948
1.825	-0.00354197
1.83	-0.00365275
1.835	-0.00376174
1.84	-0.00386888
1.845	-0.00397412
1.85	-0.00407739
1.855	-0.00417865
1.86	-0.00427783
1.865	-0.00437489
1.87	-0.00446976
1.875	-0.00456239
1.88	-0.00465274
1.885	-0.00474074
1.89	-0.00482635
1.895	-0.00490951
1.9	-0.00499019
1.905	-0.00506833
1.91	-0.00514389
1.915	-0.00521682
1.92	-0.00528708
1.925	-0.00535462
1.93	-0.0054194
1.935	-0.0054814
1.94	-0.00554058
1.945	-0.0055969
1.95	-0.00565035
1.955	-0.00570089
1.96	-0.00574849
1.965	-0.00579313
1.97	-0.00583479
1.975	-0.00587344
1.98	-0.00590904
1.985	-0.00594159
1.99	-0.00597106
1.995	-0.00599743
2	-0.00602068
2.005	-0.00604079
2.01	-0.00605777
2.015	-0.00607159
2.02	-0.00608226
2.025	-0.00608977
2.03	-0.00609413
2.035	-0.00609533
2.04	-0.00609337
2.045	-0.00608826
2.05	-0.00608001
2.055	-0.00606863
2.06	-0.00605413
2.065	-0.00603652
2.07	-0.00601584
2.075	-0.0059921
2.08	-0.00596533
2.085	-0.00593557
2.09	-0.00590283
2.095	-0.00586714
2.1	-0.00582853
2.105	-0.00578703
2.11	-0.00574268
2.115	-0.0056955
2.12	-0.00564553
2.125	-0.00559283
2.13	-0.00553743
2.135	-0.0054794
2.14	-0.00541878
2.145	-0.00535564
2.15	-0.00529004
2.155	-0.00522203
2.16	-0.00515169
2.165	-0.00507907
2.17	-0.00500425
2.175	-0.00492728
2.18	-0.00484824
2.185	-0.00476721
2.19	-0.00468425
2.195	-0.00459944
2.2	-0.00451287
2.205	-0.00442462
2.21	-0.00433476
2.215	-0.00424339
2.22	-0.00415057
2.225	-0.00405641
2.23	-0.00396098
2.235	-0.00386438
2.24	-0.00376667
2.245	-0.00366795
2.25	-0.00356831
2.255	-0.00346784
2.26	-0.00336661
2.265	-0.00326472
2.27	-0.00316225
2.275	-0.0030593
2.28	-0.00295595
2.285	-0.00285228
2.29	-0.00274837
2.295	-0.00264432
2.3	-0.00254021
2.305	-0.00243611
2.31	-0.00233211
2.315	-0.00222829
2.32	-0.00212473
2.325	-0.00202151
2.33	-0.0019187
2.335	-0.00181638
2.34	-0.00171462
2.345	-0.00161348
2.35	-0.00151306
2.355	-0.0014134
2.36	-0.00131459
2.365	-0.00121669
2.37	-0.00111978
2.375	-0.00102392
2.38	-0.000929176
2.385	-0.000835618
2.39	-0.000743311
2.395	-0.000652317
2.4	-0.000562697
2.405	-0.000474509
2.41	-0.00038781
2.415	-0.000302653
2.42	-0.000219091
2.425	-0.000137172
2.43	-5.69421e-05
2.435	2.15553e-05
2.44	9.82805e-05
2.445	0.000173196
2.45	0.00024627
2.455	0.000317471
2.46	0.000386774
2.465	0.000454159
2.47	0.000519608
2.475	0.000583109
2.48	0.000644654
2.485	0.000704237
2.49	0.000761854
2.495	0.000817504
2.5	0.000871188
2.505	0.000922906
2.51	0.000972662
2.515	0.00102046
2.52	0.00106631
2.525	0.00111021
2.53	0.0011522
2.535	0.00119227
2.54	0.00123045
2.545	0.00126678
2.55	0.00130126
2.555	0.00133393
2.56	0.00136482
2.565	0.00139395
2.57	0.00142136
2.575	0.00144707
2.58	0.0014711
2.585	0.0014935
2.59	0.00151427
2.595	0.00153346
2.6	0.0015511
2.605	0.00156721
2.61	0.00158184
2.615	0.00159503
2.62	0.00160682
2.625	0.00161725
2.63	0.00162637
2.635	0.00163421
2.64	0.00164082
2.645	0.00164623
2.65	0.00165048
2.655	0.00165361
2.66	0.00165565
2.665	0.00165663
2.67	0.00165659
2.675	0.00165556
2.68	0.00165358
2.685	0.00165069
2.69	0.00164691
2.695	0.00164229
2.7	0.00163686
2.705	0.00163066
2.71	0.00162372
2.715	0.00161607
2.72	0.00160774
2.725	0.00159878
2.73	0.00158922
2.735	0.00157907
2.74	0.00156839
2.745	0.00155718
2.75	0.00154549
2.755	0.00153334
2.76	0.00152073
2.765	0.00150771
2.77	0.00149427
2.775	0.00148044
2.78	0.00146624
2.785	0.00145168
2.79	0.00143679
2.795	0.00142158
2.8	0.00140606
2.805	0.00139026
2.81	0.00137419
2.815	0.00135786
2.82	0.00134129
2.825	0.0013245
2.83	0.00130748
2.835	0.00129027
2.84	0.00127288
2.845	0.00125532
2.85	0.0012376
2.855	0.00121975
2.86	0.00120178
2.865	0.00118371
2.87	0.00116556
2.875	0.00114735
2.88	0.00112911
2.885	0.00111086
2.89	0.00109262
2.895	0.00107441
2.9	0.00105626
2.905	0.00103819
2.91	0.00102023
2.915	0.00100238
2.92	0.000984685
2.925	0.000967153
2.93	0.000949804
2.935	0.000932654
2.94	0.000915721
2.945	0.000899019
2.95	0.000882562
2.955	0.000866366
2.96	0.000850447
2.965	0.000834821
2.97	0.000819504
2.975	0.000804514
2.98	0.00078987
2.985	0.000775588
2.99	0.000761688
2.995	0.000748185
3	0.000735099
3.005	0.000722444
3.01	0.000710236
3.015	0.000698491
3.02	0.000687225
3.025	0.000676453
3.03	0.000666192
3.035	0.000656461
3.04	0.000647278
3.045	0.000638663
3.05	0.000630641
3.055	0.000623232
3.06	0.000616462
3.065	0.000610354
3.07	0.00060493
3.075	0.000600213
3.08	0.000596222
3.085	0.000592974
3.09	0.000590488
3.095	0.000588774
3.1	0.000587846
3.105	0.000587711
3.11	0.000588377
3.115	0.000589851
3.12	0.000592142
3.125	0.000595258
3.13	0.000599208
3.135	0.000604003
3.14	0.000609654
3.145	0.000616172
3.15	0.000623567
3.155	0.000631847
3.16	0.000641019
3.165	0.000651087
3.17	0.000662049
3.175	0.000673902
3.18	0.00068664
3.185	0.000700254
3.19	0.000714737
3.195	0.000730078
3.2	0.000746266
3.205	0.000763287
3.21	0.000781126
3.215	0.000799761
3.22	0.000819172
3.225	0.000839336
3.23	0.000860227
3.235	0.000881822
3.24	0.000904092
3.245	0.00092701
3.25	0.000950549
3.255	0.000974678
3.26	0.000999372
3.265	0.0010246
3.27	0.00105035
3.275	0.00107658
3.28	0.00110328
3.285	0.00113041
3.29	0.00115795
3.295	0.00118586
3.3	0.0012141
3.305	0.00124265
3.31	0.00127147
3.315	0.0013005
3.32	0.00132973
3.325	0.00135909
3.33	0.00138856
3.335	0.00141807
3.34	0.00144759
3.345	0.00147707
3.35	0.00150646
3.355	0.00153571
3.36	0.00156478
3.365	0.00159362
3.37	0.00162218
3.375	0.00165042
3.38	0.00167829
3.385	0.00170575
3.39	0.00173276
3.395	0.00175928
3.4	0.00178528
3.405	0.00181072
3.41	0.00183556
3.415	0.00185977
3.42	0.00188332
3.425	0.00190616
3.43	0.00192826
3.435	0.00194958
3.44	0.00197009
3.445	0.00198976
3.45	0.00200855
3.455	0.00202643
3.46	0.00204336
3.465	0.00205932
3.47	0.00207428
3.475	0.00208819
3.48	0.00210104
3.485	0.0021128
3.49	0.00212344
3.495	0.00213296
3.5	0.00214133
3.505	0.00214853
3.51	0.00215455
3.515	0.00215937
3.52	0.00216298
3.525	0.00216536
3.53	0.0021665
3.535	0.00216638
3.54	0.00216499
3.545	0.00216233
3.55	0.00215838
3.555	0.00215314
3.56	0.0021466
3.565	0.00213878
3.57	0.00212966
3.575	0.00211927
3.58	0.00210759
3.585	0.00209463
3.59	0.0020804
3.595	0.00206491
3.6	0.00204816
3.605	0.00203017
3.61	0.00201094
3.615	0.0019905
3.62	0.00196887
3.625	0.00194606
3.63	0.00192209
3.635	0.00189699
3.64	0.00187077
3.645	0.00184345
3.65	0.00181505
3.655	0.00178557
3.66	0.00175505
3.665	0.0017235
3.67	0.00169093
3.675	0.00165738
3.68	0.00162288
3.685	0.00158744
3.69	0.0015511
3.695	0.0015139
3.7	0.00147585
3.705	0.001437
3.71	0.00139738
3.715	0.00135702
3.72	0.00131594
3.725	0.00127418
3.73	0.00123177
3.735	0.00118875
3.74	0.00114515
3.745	0.001101
3.75	0.00105634
3.755	0.00101121
3.76	0.000965629
3.765	0.000919642
3.77	0.000873281
3.775	0.000826574
3.78	0.000779554
3.785	0.000732252
3.79	0.000684698
3.795	0.000636925
3.8	0.000588966
3.805	0.000540854
3.81	0.000492625
3.815	0.000444313
3.82	0.000395953
3.825	0.000347579
3.83	0.000299222
3.835	0.000250912
3.84	0.000202679
3.845	0.000154551
3.85	0.000106558
3.855	5.87313e-05
3.86	1.11014e-05
3.865	-3.63006e-05
3.87	-8.3445e-05
3.875	-0.000130304
3.88	-0.000176852
3.885	-0.000223066
3.89	-0.000268921
3.895	-0.000314394
3.9	-0.00035946
3.905	-0.000404095
3.91	-0.000448274
3.915	-0.000491973
3.92	-0.000535171
3.925	-0.000577847
3.93	-0.000619983
3.935	-0.000661563
3.94	-0.000702573
3.945	-0.000742999
3.95	-0.00078283
3.955	-0.000822055
3.96	-0.000860665
3.965	-0.000898649
3.97	-0.000935998
3.975	-0.000972702
3.98	-0.00100875
3.985	-0.00104413
3.99	-0.00107884
3.995	-0.00111285
4	-0.00114617
4.005	-0.00117877
4.01	-0.00121066
4.015	-0.00124182
4.02	-0.00127225
4.025	-0.00130194
4.03	-0.00133089
4.035	-0.00135909
4.04	-0.00138656
4.045	-0.00141327
4.05	-0.00143923
4.055	-0.00146444
4.06	-0.00148889
4.065	-0.00151258
4.07	-0.0015355
4.075	-0.00155765
4.08	-0.00157904
4.085	-0.00159966
4.09	-0.00161952
4.095	-0.00163861
4.1	-0.00165695
4.105	-0.00167454
4.11	-0.00169138
4.115	-0.00170749
4.12	-0.00172285
4.125	-0.00173749
4.13	-0.0017514
4.135	-0.00176459
4.14	-0.00177706
4.145	-0.00178883
4.15	-0.00179988
4.155	-0.00181024
4.16	-0.00181989
4.165	-0.00182884
4.17	-0.0018371
4.175	-0.00184467
4.18	-0.00185157
4.185	-0.00185781
4.19	-0.00186339
4.195	-0.00186832
4.2	-0.00187262
4.205	-0.00187628
4.21	-0.00187932
4.215	-0.00188175
4.22	-0.00188357
4.225	-0.00188478
4.23	-0.0018854
4.235	-0.00188543
4.24	-0.00188488
4.245	-0.00188375
4.25	-0.00188206
4.255	-0.0018798
4.26	-0.001877
4.265	-0.00187366
4.27	-0.00186978
4.275	-0.00186539
4.28	-0.00186048
4.285	-0.00185508
4.29	-0.00184918
4.295	-0.0018428
4.3	-0.00183595
4.305	-0.00182862
4.31	-0.00182083
4.315	-0.00181258
4.32	-0.00180388
4.325	-0.00179473
4.33	-0.00178514
4.335	-0.00177511
4.34	-0.00176465
4.345	-0.00175378
4.35	-0.00174249
4.355	-0.0017308
4.36	-0.00171871
4.365	-0.00170623
4.37	-0.00169336
4.375	-0.00168011
4.38	-0.00166648
4.385	-0.00165247
4.39	-0.0016381
4.395	-0.00162336
4.4	-0.00160827
4.405	-0.00159283
4.41	-0.00157705
4.415	-0.00156094
4.42	-0.0015445
4.425	-0.00152775
4.43	-0.00151069
4.435	-0.00149333
4.44	-0.00147568
4.445	-0.00145775
4.45	-0.00143954
4.455	-0.00142106
4.46	-0.00140231
4.465	-0.00138329
4.47	-0.00136402
4.475	-0.00134449
4.48	-0.00132471
4.485	-0.0013047
4.49	-0.00128445
4.495	-0.00126397
4.5	-0.00124328
4.505	-0.00122237
4.51	-0.00120126
4.515	-0.00117996
4.52	-0.00115846
4.525	-0.00113678
4.53	-0.00111492
4.535	-0.0010929
4.54	-0.00107073
4.545	-0.00104841
4.55	-0.00102597
4.555	-0.0010034
4.56	-0.000980733
4.565	-0.000957969
4.57	-0.000935122
4.575	-0.000912201
4.58	-0.000889216
4.585	-0.000866175
4.59	-0.000843088
4.595	-0.000819963
4.6	-0.00079681
4.605	-0.000773642
4.61	-0.000750471
4.615	-0.000727311
4.62	-0.000704176
4.625	-0.00068108
4.63	-0.000658035
4.635	-0.000635053
4.64	-0.000612144
4.645	-0.000589317
4.65	-0.000566583
4.655	-0.000543949
4.66	-0.000521426
4.665	-0.00049902
4.67	-0.000476742
4.675	-0.000454601
4.68	-0.000432607
4.685	-0.000410772
4.69	-0.000389106
4.695	-0.00036762
4.7	-0.000346323
4.705	-0.000325225
4.71	-0.000304336
4.715	-0.000283665
4.72	-0.00026322
4.725	-0.000243011
4.73	-0.000223048
4.735	-0.000203342
4.74	-0.000183902
4.745	-0.000164739
4.75	-0.000145861
4.755	-0.000127278
4.76	-0.000108997
4.765	-9.10232e-05
4.77	-7.33641e-05
4.775	-5.60253e-05
4.78	-3.90124e-05
4.785	-2.23308e-05
4.79	-5.98572e-06
4.795	1.00181e-05
4.8	2.56757e-05
4.805	4.09823e-05
4.81	5.59326e-05
4.815	7.05215e-05
4.82	8.47447e-05
4.825	9.8599e-05
4.83	0.000112083
4.835	0.000125195
4.84	0.000137935
4.845	0.000150304
4.85	0.000162302
4.855	0.000173926
4.86	0.000185179
4.865	0.000196058
4.87	0.000206564
4.875	0.000216698
4.88	0.000226458
4.885	0.000235847
4.89	0.000244863
4.895	0.000253507
4.9	0.000261779
4.905	0.000269683
4.91	0.00027722
4.915	0.000284395
4.92	0.000291213
4.925	0.00029768
4.93	0.000303804
4.935	0.000309591
4.94	0.000315048
4.945	0.00032018
4.95	0.000324993
4.955	0.00032949
4.96	0.000333677
4.965	0.000337559
4.97	0.000341141
4.975	0.000344429
4.98	0.00034743
4.985	0.00035015
4.99	0.000352596
4.995	0.000354773
5	0.00035669
5.005	0.000358353
5.01	0.000359772
5.015	0.000360955
5.02	0.000361912
5.025	0.000362654
5.03	0.000363192
5.035	0.000363535
5.04	0.000363694
5.045	0.000363681
5.05	0.000363506
5.055	0.00036318
5.06	0.000362714
5.065	0.000362118
5.07	0.000361403
5.075	0.000360579
5.08	0.000359654
5.085	0.000358636
5.09	0.000357535
5.095	0.000356356
5.1	0.000355109
5.105	0.0003538
5.11	0.000352438
5.115	0.00035103
5.12	0.000349585
5.125	0.00034811
5.13	0.000346614
5.135	0.000345107
5.14	0.000343595
5.145	0.000342088
5.15	0.000340592
5.155	0.000339115
5.16	0.000337664
5.165	0.000336245
5.17	0.000334867
5.175	0.000333534
5.18	0.000332255
5.185	0.000331036
5.19	0.000329882
5.195	0.000328801
5.2	0.000327796
5.205	0.000326876
5.21	0.000326046
5.215	0.000325313
5.22	0.000324683
5.225	0.000324164
5.23	0.00032376
5.235	0.000323476
5.24	0.000323318
5.245	0.000323291
5.25	0.0003234
5.255	0.00032365
5.26	0.000324047
5.265	0.000324595
5.27	0.000325299
5.275	0.000326161
5.28	0.000327184
5.285	0.000328372
5.29	0.000329727
5.295	0.000331252
5.3	0.00033295
5.305	0.000334824
5.31	0.000336879
5.315	0.000339118
5.32	0.000341545
5.325	0.000344165
5.33	0.000346982
5.335	0.00035
5.34	0.000353222
5.345	0.000356651
5.35	0.000360287
5.355	0.000364129
5.36	0.000368175
5.365	0.000372424
5.37	0.000376873
5.375	0.000381522
5.38	0.000386372
5.385	0.000391423
5.39	0.000396677
5.395	0.000402135
5.4	0.000407797
5.405	0.000413664
5.41	0.000419732
5.415	0.000425999
5.42	0.000432463
5.425	0.00043912
5.43	0.000445967
5.435	0.000453003
5.44	0.000460224
5.445	0.000467629
5.45	0.000475213
5.455	0.000482971
5.46	0.000490895
5.465	0.000498979
5.47	0.000507215
5.475	0.000515594
5.48	0.000524112
5.485	0.000532762
5.49	0.000541538
5.495	0.000550436
5.5	0.00055945
5.505	0.000568575
5.51	0.000577806
5.515	0.000587137
5.52	0.000596562
5.525	0.000606073
5.53	0.000615663
5.535	0.000625323
5.54	0.000635044
5.545	0.000644816
5.55	0.000654629
5.555	0.000664473
5.56	0.000674338
5.565	0.000684213
5.57	0.000694089
5.575	0.000703958
5.58	0.000713811
5.585	0.00072364
5.59	0.000733437
5.595	0.000743193
5.6	0.000752898
5.605	0.000762545
5.61	0.000772123
5.615	0.000781622
5.62	0.000791032
5.625	0.000800344
5.63	0.000809546
5.635	0.000818628
5.64	0.000827581
5.645	0.000836392
5.65	0.000845049
5.655	0.000853541
5.66	0.000861851
5.665	0.000869968
5.67	0.000877875
5.675	0.000885563
5.68	0.000893019
5.685	0.000900234
5.69	0.000907198
5.695	0.000913901
5.7	0.000920334
5.705	0.000926485
5.71	0.000932341
5.715	0.000937893
5.72	0.000943128
5.725	0.000948034
5.73	0.000952602
5.735	0.000956821
5.74	0.00096068
5.745	0.000964169
5.75	0.000967279
5.755	0.00097
5.76	0.000972324
5.765	0.000974241
5.77	0.000975746
5.775	0.000976829
5.78	0.000977484
5.785	0.000977704
5.79	0.00097748
5.795	0.000976803
5.8	0.000975664
5.805	0.000974057
5.81	0.000971973
5.815	0.00096941
5.82	0.000966364
5.825	0.000962833
5.83	0.000958816
5.835	0.000954312
5.84	0.000949316
5.845	0.000943827
5.85	0.000937841
5.855	0.000931356
5.86	0.000924369
5.865	0.000916878
5.87	0.000908882
5.875	0.000900381
5.88	0.000891373
5.885	0.000881862
5.89	0.00087185
5.895	0.000861341
5.9	0.000850339
5.905	0.000838851
5.91	0.000826883
5.915	0.000814438
5.92	0.000801523
5.925	0.00078814
5.93	0.000774295
5.935	0.000759991
5.94	0.000745236
5.945	0.000730037
5.95	0.000714403
5.955	0.000698343
5.96	0.000681869
5.965	0.000664992
5.97	0.000647721
5.975	0.000630067
5.98	0.000612041
5.985	0.000593652
5.99	0.000574912
5.995	0.000555832
6	0.000536423
6.005	0.000516698
6.01	0.000496668
6.015	0.000476348
6.02	0.000455751
6.025	0.000434891
6.03	0.000413783
6.035	0.000392442
6.04	0.000370881
6.045	0.000349115
6.05	0.000327158
6.055	0.000305025
6.06	0.000282729
6.065	0.000260286
6.07	0.00023771
6.075	0.000215017
6.08	0.000192222
6.085	0.000169342
6.09	0.000146394
6.095	0.000123394
6.1	0.000100359
6.105	7.73054e-05
6.11	5.42486e-05
6.115	3.12048e-05
6.12	8.18974e-06
6.125	-1.47805e-05
6.13	-3.769e-05
6.135	-6.05228e-05
6.14	-8.32636e-05
6.145	-0.000105897
6.15	-0.000128409
6.155	-0.000150784
6.16	-0.000173006
6.165	-0.00019506
6.17	-0.00021693
6.175	-0.000238599
6.18	-0.000260054
6.185	-0.000281279
6.19	-0.000302262
6.195	-0.000322991
6.2	-0.000343451
6.205	-0.000363631
6.21	-0.000383518
6.215	-0.000403097
6.22	-0.000422355
6.225	-0.000441279
6.23	-0.000459857
6.235	-0.000478078
6.24	-0.00049593
6.245	-0.000513405
6.25	-0.000530495
6.255	-0.000547192
6.26	-0.00056349
6.265	-0.000579378
6.27	-0.000594849
6.275	-0.000609892
6.28	-0.000624497
6.285	-0.000638655
6.29	-0.000652359
6.295	-0.000665601
6.3	-0.000678376
6.305	-0.000690679
6.31	-0.000702506
6.315	-0.000713853
6.32	-0.000724718
6.325	-0.000735098
6.33	-0.000744991
6.335	-0.000754394
6.34	-0.000763306
6.345	-0.000771724
6.35	-0.000779645
6.355	-0.000787068
6.36	-0.000793992
6.365	-0.000800416
6.37	-0.000806342
6.375	-0.000811772
6.38	-0.000816708
6.385	-0.000821152
6.39	-0.000825109
6.395	-0.00082858
6.4	-0.00083157
6.405	-0.00083408
6.41	-0.000836115
6.415	-0.000837679
6.42	-0.000838778
6.425	-0.000839417
6.43	-0.000839605
6.435	-0.000839348
6.44	-0.000838651
6.445	-0.000837522
6.45	-0.000835967
6.455	-0.000833993
6.46	-0.000831605
6.465	-0.000828812
6.47	-0.000825621
6.475	-0.000822041
6.48	-0.00081808
6.485	-0.000813748
6.49	-0.000809056
6.495	-0.000804012
6.5	-0.000798628
6.505	-0.000792912
6.51	-0.000786877
6.515	-0.000780531
6.52	-0.000773885
6.525	-0.00076695
6.53	-0.000759735
6.535	-0.000752252
6.54	-0.000744509
6.545	-0.000736518
6.55	-0.000728291
6.555	-0.000719838
6.56	-0.000711171
6.565	-0.000702303
6.57	-0.000693246
6.575	-0.00068401
6.58	-0.000674606
6.585	-0.000665045
6.59	-0.000655336
6.595	-0.00064549
6.6	-0.000635519
6.605	-0.000625435
6.61	-0.000615248
6.615	-0.000604972
6.62	-0.000594617
6.625	-0.000584195
6.63	-0.000573714
6.635	-0.000563184
6.64	-0.000552613
6.645	-0.000542011
6.65	-0.000531385
6.655	-0.000520746
6.66	-0.000510104
6.665	-0.000499468
6.67	-0.000488851
6.675	-0.00047826
6.68	-0.000467707
6.685	-0.000457199
6.69	-0.000446746
6.695	-0.000436355
6.7	-0.000426034
6.705	-0.000415792
6.71	-0.000405634
6.715	-0.000395568
6.72	-0.000385602
6.725	-0.00037574
6.73	-0.000365991
6.735	-0.000356359
6.74	-0.00034685
6.745	-0.000337472
6.75	-0.000328229
6.755	-0.000319131
6.76	-0.000310183
6.765	-0.000301393
6.77	-0.000292766
6.775	-0.000284309
6.78	-0.000276025
6.785	-0.000267918
6.79	-0.000259991
6.795	-0.000252246
6.8	-0.000244687
6.805	-0.000237317
6.81	-0.000230139
6.815	-0.000223157
6.82	-0.000216375
6.825	-0.000209796
6.83	-0.000203423
6.835	-0.000197257
6.84	-0.000191298
6.845	-0.000185549
6.85	-0.00018001
6.855	-0.00017468
6.86	-0.000169561
6.865	-0.000164653
6.87	-0.000159955
6.875	-0.000155468
6.88	-0.000151192
6.885	-0.000147124
6.89	-0.000143265
6.895	-0.000139614
6.9	-0.000136168
6.905	-0.000132925
6.91	-0.000129884
6.915	-0.00012704
6.92	-0.000124391
6.925	-0.000121935
6.93	-0.000119668
6.935	-0.00011759
6.94	-0.000115698
6.945	-0.000113989
6.95	-0.00011246
6.955	-0.000111107
6.96	-0.000109926
6.965	-0.000108913
6.97	-0.000108062
6.975	-0.000107369
6.98	-0.000106828
6.985	-0.000106436
6.99	-0.000106186
6.995	-0.000106075
7	-0.000106097
7.005	-0.000106249
7.01	-0.000106526
7.015	-0.000106922
7.02	-0.000107431
7.025	-0.000108047
7.03	-0.000108763
7.035	-0.000109572
7.04	-0.000110468
7.045	-0.000111446
7.05	-0.000112498
7.055	-0.000113619
7.06	-0.000114803
7.065	-0.000116043
7.07	-0.000117334
7.075	-0.000118669
7.08	-0.000120044
7.085	-0.000121451
7.09	-0.000122887
7.095	-0.000124344
7.1	-0.000125817
7.105	-0.000127299
7.11	-0.000128782
7.115	-0.000130259
7.12	-0.000131723
7.125	-0.000133168
7.13	-0.000134586
7.135	-0.000135972
7.14	-0.00013732
7.145	-0.000138622
7.15	-0.000139874
7.155	-0.00014107
7.16	-0.000142205
7.165	-0.000143273
7.17	-0.000144272
7.175	-0.000145196
7.18	-0.000146042
7.185	-0.000146804
7.19	-0.000147477
7.195	-0.000148054
7.2	-0.000148529
7.205	-0.000148896
7.21	-0.000149149
7.215	-0.000149283
7.22	-0.000149294
7.225	-0.000149179
7.23	-0.000148935
7.235	-0.00014856
7.24	-0.000148051
7.245	-0.000147404
7.25	-0.000146616
7.255	-0.000145682
7.26	-0.000144597
7.265	-0.00014336
7.27	-0.000141967
7.275	-0.000140415
7.28	-0.000138702
7.285	-0.000136825
7.29	-0.000134783
7.295	-0.000132574
7.3	-0.000130196
7.305	-0.000127649
7.31	-0.00012493
7.315	-0.00012204
7.32	-0.000118977
7.325	-0.00011574
7.33	-0.000112329
7.335	-0.000108745
7.34	-0.000104988
7.345	-0.000101057
7.35	-9.69533e-05
7.355	-9.26769e-05
7.36	-8.82287e-05
7.365	-8.36103e-05
7.37	-7.88238e-05
7.375	-7.38716e-05
7.38	-6.87564e-05
7.385	-6.34806e-05
7.39	-5.80464e-05
7.395	-5.24559e-05
7.4	-4.6711e-05
7.405	-4.08141e-05
7.41	-3.47675e-05
7.415	-2.8574e-05
7.42	-2.2237e-05
7.425	-1.57599e-05
7.43	-9.1465e-06
7.435	-2.40077e-06
7.44	4.47317e-06
7.445	1.14709e-05
7.45	1.85879e-05
7.455	2.58192e-05
7.46	3.31596e-05
7.465	4.0604e-05
7.47	4.81474e-05
7.475	5.5785e-05
7.48	6.35118e-05
7.485	7.13229e-05
7.49	7.92131e-05
7.495	8.7177e-05
7.5	9.52086e-05
7.505	0.000103302
7.51	0.000111451
7.515	0.00011965
7.52	0.000127893
7.525	0.000136173
7.53	0.000144486
7.535	0.000152824
7.54	0.000161182
7.545	0.000169552
7.55	0.00017793
7.555	0.000186308
7.56	0.000194681
7.565	0.000203043
7.57	0.000211387
7.575	0.000219709
7.58	0.000228001
7.585	0.000236256
7.59	0.000244469
7.595	0.000252633
7.6	0.000260742
7.605	0.00026879
7.61	0.000276773
7.615	0.000284685
7.62	0.00029252
7.625	0.000300271
7.63	0.000307933
7.635	0.000315499
7.64	0.000322963
7.645	0.000330318
7.65	0.000337559
7.655	0.00034468
7.66	0.000351678
7.665	0.000358547
7.67	0.000365283
7.675	0.000371882
7.68	0.000378339
7.685	0.00038465
7.69	0.00039081
7.695	0.000396816
7.7	0.000402662
7.705	0.000408346
7.71	0.000413862
7.715	0.000419208
7.72	0.000424378
7.725	0.000429369
7.73	0.000434177
7.735	0.0004388
7.74	0.000443236
7.745	0.000447483
7.75	0.000451539
7.755	0.000455403
7.76	0.000459073
7.765	0.000462545
7.77	0.000465816
7.775	0.000468885
7.78	0.000471747
7.785	0.000474402
7.79	0.000476847
7.795	0.000479084
7.8	0.000481113
7.805	0.000482935
7.81	0.000484551
7.815	0.000485963
7.82	0.00048717
7.825	0.000488172
7.83	0.000488968
7.835	0.000489556
7.84	0.000489937
7.845	0.000490109
7.85	0.000490073
7.855	0.000489832
7.86	0.000489385
7.865	0.000488736
7.87	0.000487887
7.875	0.000486841
7.88	0.000485599
7.885	0.000484165
7.89	0.000482539
7.895	0.000480723
7.9	0.000478717
7.905	0.000476524
7.91	0.000474144
7.915	0.00047158
7.92	0.000468835
7.925	0.000465913
7.93	0.000462817
7.935	0.000459552
7.94	0.000456121
7.945	0.000452527
7.95	0.000448773
7.955	0.000444864
7.96	0.000440801
7.965	0.000436587
7.97	0.000432227
7.975	0.000427724
7.98	0.000423083
7.985	0.000418306
7.99	0.0004134
7.995	0.000408367
8	0.000403212
8.005	0.000397937
8.01	0.000392548
8.015	0.000387047
8.02	0.000381439
8.025	0.000375728
8.03	0.000369916
8.035	0.00036401
8.04	0.000358011
8.045	0.000351925
8.05	0.000345755
8.055	0.000339506
8.06	0.000333182
8.065	0.000326788
8.07	0.000320328
8.075	0.000313806
8.08	0.000307225
8.085	0.000300589
8.09	0.000293903
8.095	0.00028717
8.1	0.000280395
8.105	0.000273584
8.11	0.00026674
8.115	0.000259868
8.12	0.000252972
8.125	0.000246056
8.13	0.000239121
8.135	0.000232171
8.14	0.000225208
8.145	0.000218235
8.15	0.000211255
8.155	0.000204272
8.16	0.000197289
8.165	0.000190311
8.17	0.00018334
8.175	0.000176381
8.18	0.000169436
8.185	0.00016251
8.19	0.000155603
8.195	0.000148719
8.2	0.00014186
8.205	0.000135029
8.21	0.000128228
8.215	0.00012146
8.22	0.000114729
8.225	0.000108036
8.23	0.000101386
8.235	9.47816e-05
8.24	8.82243e-05
8.245	8.17166e-05
8.25	7.52603e-05
8.255	6.88571e-05
8.26	6.25084e-05
8.265	5.62159e-05
8.27	4.99812e-05
8.275	4.3806e-05
8.28	3.76922e-05
8.285	3.16415e-05
8.29	2.56558e-05
8.295	1.97369e-05
8.3	1.38866e-05
8.305	8.10688e-06
8.31	2.39971e-06
8.315	-3.23303e-06
8.32	-8.78962e-06
8.325	-1.42685e-05
8.33	-1.96686e-05
8.335	-2.4989e-05
8.34	-3.02289e-05
8.345	-3.53881e-05
8.35	-4.04663e-05
8.355	-4.54632e-05
8.36	-5.03783e-05
8.365	-5.52111e-05
8.37	-5.99605e-05
8.375	-6.46254e-05
8.38	-6.92049e-05
8.385	-7.36981e-05
8.39	-7.81047e-05
8.395	-8.24245e-05
8.4	-8.66577e-05
8.405	-9.08043e-05
8.41	-9.48643e-05
8.415	-9.88374e-05
8.42	-0.000102723
8.425	-0.000106521
8.43	-0.000110231
8.435	-0.000113853
8.44	-0.000117386
8.445	-0.000120831
8.45	-0.000124187
8.455	-0.000127456
8.46	-0.000130638
8.465	-0.000133734
8.47	-0.000136745
8.475	-0.000139672
8.48	-0.000142515
8.485	-0.000145275
8.49	-0.000147951
8.495	-0.000150545
8.5	-0.000153055
8.505	-0.000155484
8.51	-0.00015783
8.515	-0.000160095
8.52	-0.00016228
8.525	-0.000164384
8.53	-0.00016641
8.535	-0.000168358
8.54	-0.00017023
8.545	-0.000172027
8.55	-0.00017375
8.555	-0.000175401
8.56	-0.000176979
8.565	-0.000178484
8.57	-0.000179918
8.575	-0.000181281
8.58	-0.000182573
8.585	-0.000183795
8.59	-0.000184949
8.595	-0.000186036
8.6	-0.00018706
8.605	-0.000188021
8.61	-0.000188922
8.615	-0.000189764
8.62	-0.000190549
8.625	-0.000191277
8.63	-0.000191947
8.635	-0.00019256
8.64	-0.000193115
8.645	-0.000193614
8.65	-0.000194057
8.655	-0.000194447
8.66	-0.000194785
8.665	-0.000195075
8.67	-0.000195319
8.675	-0.000195519
8.68	-0.000195676
8.685	-0.000195792
8.69	-0.000195868
8.695	-0.000195905
8.7	-0.000195904
8.705	-0.000195867
8.71	-0.000195794
8.715	-0.000195685
8.72	-0.000195543
8.725	-0.000195367
8.73	-0.00019516
8.735	-0.000194924
8.74	-0.00019466
8.745	-0.00019437
8.75	-0.000194057
8.755	-0.000193722
8.76	-0.000193366
8.765	-0.000192991
8.77	-0.000192595
8.775	-0.000192181
8.78	-0.000191749
8.785	-0.000191301
8.79	-0.000190837
8.795	-0.00019036
8.8	-0.000189871
8.805	-0.000189371
8.81	-0.000188863
8.815	-0.000188346
8.82	-0.000187821
8.825	-0.00018729
8.83	-0.000186753
8.835	-0.000186211
8.84	-0.000185666
8.845	-0.000185119
8.85	-0.00018457
8.855	-0.00018402
8.86	-0.00018347
8.865	-0.000182921
8.87	-0.000182372
8.875	-0.000181824
8.88	-0.000181278
8.885	-0.000180734
8.89	-0.000180193
8.895	-0.000179654
8.9	-0.000179118
8.905	-0.000178587
8.91	-0.00017806
8.915	-0.000177538
8.92	-0.000177022
8.925	-0.000176511
8.93	-0.000176006
8.935	-0.000175507
8.94	-0.000175014
8.945	-0.000174526
8.95	-0.000174044
8.955	-0.000173568
8.96	-0.000173097
8.965	-0.000172632
8.97	-0.000172173
8.975	-0.00017172
8.98	-0.000171272
8.985	-0.000170831
8.99	-0.000170396
8.995	-0.000169967
9	-0.000169545
9.005	-0.000169128
9.01	-0.000168716
9.015	-0.000168309
9.02	-0.000167906
9.025	-0.000167506
9.03	-0.000167109
9.035	-0.000166713
9.04	-0.000166319
9.045	-0.000165925
9.05	-0.000165531
9.055	-0.000165138
9.06	-0.000164744
9.065	-0.000164349
9.07	-0.000163954
9.075	-0.000163558
9.08	-0.00016316
9.085	-0.000162758
9.09	-0.000162353
9.095	-0.000161942
9.1	-0.000161525
9.105	-0.000161102
9.11	-0.000160671
9.115	-0.000160234
9.12	-0.00015979
9.125	-0.000159336
9.13	-0.000158874
9.135	-0.000158401
9.14	-0.000157917
9.145	-0.00015742
9.15	-0.00015691
9.155	-0.000156387
9.16	-0.000155849
9.165	-0.000155297
9.17	-0.000154729
9.175	-0.000154145
9.18	-0.000153545
9.185	-0.000152927
9.19	-0.000152291
9.195	-0.000151636
9.2	-0.000150961
9.205	-0.000150267
9.21	-0.000149552
9.215	-0.000148815
9.22	-0.000148057
9.225	-0.000147275
9.23	-0.000146469
9.235	-0.000145637
9.24	-0.000144781
9.245	-0.000143899
9.25	-0.00014299
9.255	-0.000142055
9.26	-0.000141094
9.265	-0.000140104
9.27	-0.000139085
9.275	-0.000138037
9.28	-0.000136959
9.285	-0.000135851
9.29	-0.000134712
9.295	-0.000133544
9.3	-0.000132345
9.305	-0.000131116
9.31	-0.000129856
9.315	-0.000128565
9.32	-0.000127241
9.325	-0.000125885
9.33	-0.000124496
9.335	-0.000123072
9.34	-0.000121615
9.345	-0.000120125
9.35	-0.0001186
9.355	-0.000117043
9.36	-0.000115454
9.365	-0.000113834
9.37	-0.000112183
9.375	-0.000110501
9.38	-0.000108787
9.385	-0.000107039
9.39	-0.000105259
9.395	-0.000103444
9.4	-0.000101596
9.405	-9.97141e-05
9.41	-9.77995e-05
9.415	-9.58528e-05
9.42	-9.38747e-05
9.425	-9.18659e-05
9.43	-8.98267e-05
9.435	-8.77574e-05
9.44	-8.56578e-05
9.445	-8.35278e-05
9.45	-8.13672e-05
9.455	-7.91763e-05
9.46	-7.69553e-05
9.465	-7.4705e-05
9.47	-7.2426e-05
9.475	-7.01191e-05
9.48	-6.77848e-05
9.485	-6.54239e-05
9.49	-6.30373e-05
9.495	-6.06256e-05
9.5	-5.81896e-05
9.505	-5.57297e-05
9.51	-5.32464e-05
9.515	-5.07402e-05
9.52	-4.82116e-05
9.525	-4.56612e-05
9.53	-4.30896e-05
9.535	-4.04974e-05
9.54	-3.78852e-05
9.545	-3.52537e-05
9.55	-3.26037e-05
9.555	-2.99359e-05
9.56	-2.72513e-05
9.565	-2.45508e-05
9.57	-2.18353e-05
9.575	-1.91055e-05
9.58	-1.63622e-05
9.585	-1.36059e-05
9.59	-1.08373e-05
9.595	-8.05678e-06
9.6	-5.26505e-06
9.605	-2.46297e-06
9.61	3.48362e-07
9.615	3.16766e-06
9.62	5.99365e-06
9.625	8.82516e-06
9.63	1.16613e-05
9.635	1.45012e-05
9.64	1.73441e-05
9.645	2.01895e-05
9.65	2.30364e-05
9.655	2.5884e-05
9.66	2.87314e-05
9.665	3.15777e-05
9.67	3.4422e-05
9.675	3.72634e-05
9.68	4.01011e-05
9.685	4.29343e-05
9.69	4.57622e-05
9.695	4.85842e-05
9.7	5.13994e-05
9.705	5.42067e-05
9.71	5.70049e-05
9.715	5.97928e-05
9.72	6.25695e-05
9.725	6.53338e-05
9.73	6.80849e-05
9.735	7.08219e-05
9.74	7.35439e-05
9.745	7.62499e-05
9.75	7.89389e-05
9.755	8.161e-05
9.76	8.42624e-05
9.765	8.68956e-05
9.77	8.95089e-05
9.775	9.21017e-05
9.78	9.46732e-05
9.785	9.72227e-05
9.79	9.97491e-05
9.795	0.000102252
9.8	0.000104729
9.805	0.00010718
9.81	0.000109605
9.815	0.000112003
9.82	0.000114373
9.825	0.000116714
9.83	0.000119025
9.835	0.000121306
9.84	0.000123556
9.845	0.000125773
9.85	0.000127959
9.855	0.000130112
9.86	0.00013223
9.865	0.000134314
9.87	0.000136362
9.875	0.000138372
9.88	0.000140344
9.885	0.000142278
9.89	0.000144172
9.895	0.000146026
9.9	0.00014784
9.905	0.000149614
9.91	0.000151348
9.915	0.000153042
9.92	0.000154693
9.925	0.000156302
9.93	0.000157868
9.935	0.000159389
9.94	0.000160865
9.945	0.000162297
9.95	0.000163684
9.955	0.000165027
9.96	0.000166324
9.965	0.000167576
9.97	0.000168781
9.975	0.000169938
9.98	0.000171047
9.985	0.000172108
9.99	0.000173118
9.995	0.000174079
10	0.000174989
10.005	0.00017585
10.01	0.00017666
10.015	0.00017742
10.02	0.00017813
10.025	0.00017879
10.03	0.000179402
10.035	0.000179964
10.04	0.000180476
10.045	0.000180939
10.05	0.000181351
10.055	0.000181712
10.06	0.000182021
10.065	0.000182277
10.07	0.00018248
10.075	0.000182631
10.08	0.000182731
10.085	0.000182779
10.09	0.000182778
10.095	0.000182728
10.1	0.00018263
10.105	0.000182482
10.11	0.000182286
10.115	0.00018204
10.12	0.000181742
10.125	0.000181393
10.13	0.000180993
10.135	0.000180541
10.14	0.000180038
10.145	0.000179484
10.15	0.000178882
10.155	0.000178232
10.16	0.000177535
10.165	0.000176792
10.17	0.000176004
10.175	0.000175171
10.18	0.000174293
10.185	0.000173369
10.19	0.000172399
10.195	0.000171383
10.2	0.000170322
10.205	0.000169215
10.21	0.000168065
10.215	0.000166872
10.22	0.000165637
10.225	0.00016436
10.23	0.000163043
10.235	0.000161686
10.24	0.000160288
10.245	0.000158851
10.25	0.000157375
10.255	0.000155859
10.26	0.000154306
10.265	0.000152714
10.27	0.000151087
10.275	0.000149425
10.28	0.000147728
10.285	0.000145999
10.29	0.000144238
10.295	0.000142445
10.3	0.000140622
10.305	0.00013877
10.31	0.000136888
10.315	0.000134977
10.32	0.000133037
10.325	0.00013107
10.33	0.000129076
10.335	0.000127057
10.34	0.000125014
10.345	0.000122949
10.35	0.000120862
10.355	0.000118755
10.36	0.000116628
10.365	0.000114482
10.37	0.000112318
10.375	0.000110137
10.38	0.000107939
10.385	0.000105725
10.39	0.000103498
10.395	0.000101258
10.4	9.90052e-05
10.405	9.67416e-05
10.41	9.44674e-05
10.415	9.21833e-05
10.42	8.98898e-05
10.425	8.75877e-05
10.43	8.52781e-05
10.435	8.29622e-05
10.44	8.06409e-05
10.445	7.83156e-05
10.45	7.59871e-05
10.455	7.36565e-05
10.46	7.13246e-05
10.465	6.89925e-05
10.47	6.6661e-05
10.475	6.43308e-05
10.48	6.20028e-05
10.485	5.96776e-05
10.49	5.7356e-05
10.495	5.50386e-05
10.5	5.27261e-05
10.505	5.0419e-05
10.51	4.81181e-05
10.515	4.58243e-05
10.52	4.35384e-05
10.525	4.12613e-05
10.53	3.89938e-05
10.535	3.67367e-05
10.54	3.44911e-05
10.545	3.22579e-05
10.55	3.00378e-05
10.555	2.78317e-05
10.56	2.56398e-05
10.565	2.34625e-05
10.57	2.12999e-05
10.575	1.91525e-05
10.58	1.70207e-05
10.585	1.49049e-05
10.59	1.28058e-05
10.595	1.07238e-05
10.6	8.65951e-06
10.605	6.6137e-06
10.61	4.58713e-06
10.615	2.58062e-06
10.62	5.94836e-07
10.625	-1.36972e-06
10.63	-3.3128e-06
10.635	-5.23425e-06
10.64	-7.13398e-06
10.645	-9.01187e-06
10.65	-1.08677e-05
10.655	-1.27013e-05
10.66	-1.45125e-05
10.665	-1.63009e-05
10.67	-1.80663e-05
10.675	-1.98084e-05
10.68	-2.15269e-05
10.685	-2.32214e-05
10.69	-2.48916e-05
10.695	-2.6537e-05
10.7	-2.81574e-05
10.705	-2.97525e-05
10.71	-3.13222e-05
10.715	-3.28668e-05
10.72	-3.43862e-05
10.725	-3.58806e-05
10.73	-3.73498e-05
10.735	-3.87936e-05
10.74	-4.02115e-05
10.745	-4.16032e-05
10.75	-4.2968e-05
10.755	-4.43056e-05
10.76	-4.56159e-05
10.765	-4.6899e-05
10.77	-4.81554e-05
10.775	-4.93855e-05
10.78	-5.059e-05
10.785	-5.17693e-05
10.79	-5.29234e-05
10.795	-5.40521e-05
10.8	-5.51552e-05
10.805	-5.62326e-05
10.81	-5.72842e-05
10.815	-5.83104e-05
10.82	-5.93112e-05
10.825	-6.02871e-05
10.83	-6.12382e-05
10.835	-6.21647e-05
10.84	-6.30667e-05
10.845	-6.39443e-05
10.85	-6.47976e-05
10.855	-6.5627e-05
10.86	-6.64326e-05
10.865	-6.72149e-05
10.87	-6.79741e-05
10.875	-6.87102e-05
10.88	-6.94232e-05
10.885	-7.01132e-05
10.89	-7.07802e-05
10.895	-7.14244e-05
10.9	-7.20462e-05
10.905	-7.2646e-05
10.91	-7.32241e-05
10.915	-7.37809e-05
10.92	-7.43168e-05
10.925	-7.48322e-05
10.93	-7.53276e-05
10.935	-7.58034e-05
10.94	-7.62597e-05
10.945	-7.66967e-05
10.95	-7.71144e-05
10.955	-7.75128e-05
10.96	-7.78922e-05
10.965	-7.82528e-05
10.97	-7.85949e-05
10.975	-7.89187e-05
10.98	-7.92247e-05
10.985	-7.95133e-05
10.99	-7.9785e-05
10.995	-8.00406e-05
11	-8.02804e-05
11.005	-8.0505e-05
11.01	-8.07145e-05
11.015	-8.09094e-05
11.02	-8.109e-05
11.025	-8.12565e-05
11.03	-8.14094e-05
11.035	-8.15487e-05
11.04	-8.16747e-05
11.045	-8.17874e-05
11.05	-8.18872e-05
11.055	-8.19744e-05
11.06	-8.20497e-05
11.065	-8.21137e-05
11.07	-8.21671e-05
11.075	-8.22105e-05
11.08	-8.22446e-05
11.085	-8.22697e-05
11.09	-8.22865e-05
11.095	-8.2295e-05
11.1	-8.22955e-05
11.105	-8.2288e-05
11.11	-8.22725e-05
11.115	-8.22491e-05
11.12	-8.2218e-05
11.125	-8.21796e-05
11.13	-8.21341e-05
11.135	-8.20822e-05
11.14	-8.20247e-05
11.145	-8.19624e-05
11.15	-8.18957e-05
11.155	-8.18251e-05
11.16	-8.17507e-05
11.165	-8.16724e-05
11.17	-8.15901e-05
11.175	-8.1504e-05
11.18	-8.14143e-05
11.185	-8.13213e-05
11.19	-8.12256e-05
11.195	-8.11277e-05
11.2	-8.10279e-05
11.205	-8.09268e-05
11.21	-8.08246e-05
11.215	-8.07214e-05
11.22	-8.06172e-05
11.225	-8.0512e-05
11.23	-8.04057e-05
11.235	-8.02985e-05
11.24	-8.01906e-05
11.245	-8.00823e-05
11.25	-7.99738e-05
11.255	-7.98651e-05
11.26	-7.97565e-05
11.265	-7.96479e-05
11.27	-7.95395e-05
11.275	-7.94315e-05
11.28	-7.9324e-05
11.285	-7.92171e-05
11.29	-7.91109e-05
11.295	-7.90052e-05
11.3	-7.89001e-05
11.305	-7.87953e-05
11.31	-7.86908e-05
11.315	-7.85866e-05
11.32	-7.84827e-05
11.325	-7.83792e-05
11.33	-7.82762e-05
11.335	-7.81734e-05
11.34	-7.80709e-05
11.345	-7.79681e-05
11.35	-7.78651e-05
11.355	-7.77615e-05
11.36	-7.76575e-05
11.365	-7.75531e-05
11.37	-7.74481e-05
11.375	-7.73425e-05
11.38	-7.7236e-05
11.385	-7.71284e-05
11.39	-7.70193e-05
11.395	-7.69085e-05
11.4	-7.67955e-05
11.405	-7.66799e-05
11.41	-7.65614e-05
11.415	-7.64396e-05
11.42	-7.63143e-05
11.425	-7.61854e-05
11.43	-7.60528e-05
11.435	-7.59165e-05
11.44	-7.5776e-05
11.445	-7.56312e-05
11.45	-7.54814e-05
11.455	-7.53263e-05
11.46	-7.51652e-05
11.465	-7.49975e-05
11.47	-7.48227e-05
11.475	-7.46404e-05
11.48	-7.44503e-05
11.485	-7.42522e-05
11.49	-7.40459e-05
11.495	-7.38315e-05
11.5	-7.36085e-05
11.505	-7.33767e-05
11.51	-7.31355e-05
11.515	-7.28844e-05
11.52	-7.26228e-05
11.525	-7.235e-05
11.53	-7.20653e-05
11.535	-7.17682e-05
11.54	-7.14584e-05
11.545	-7.11356e-05
11.55	-7.07995e-05
11.555	-7.04497e-05
11.56	-7.0086e-05
11.565	-6.9708e-05
11.57	-6.93152e-05
11.575	-6.89076e-05
11.58	-6.84849e-05
11.585	-6.80468e-05
11.59	-6.7593e-05
11.595	-6.71231e-05
11.6	-6.66366e-05
11.605	-6.6133e-05
11.61	-6.56118e-05
11.615	-6.50727e-05
11.62	-6.45152e-05
11.625	-6.39393e-05
11.63	-6.33448e-05
11.635	-6.27318e-05
11.64	-6.21003e-05
11.645	-6.14502e-05
11.65	-6.07814e-05
11.655	-6.00936e-05
11.66	-5.93865e-05
11.665	-5.86598e-05
11.67	-5.7913e-05
11.675	-5.71458e-05
11.68	-5.63579e-05
11.685	-5.5549e-05
11.69	-5.47192e-05
11.695	-5.38685e-05
11.7	-5.29971e-05
11.705	-5.21053e-05
11.71	-5.11933e-05
11.715	-5.02614e-05
11.72	-4.93098e-05
11.725	-4.83386e-05
11.73	-4.73479e-05
11.735	-4.63376e-05
11.74	-4.53075e-05
11.745	-4.42575e-05
11.75	-4.31875e-05
11.755	-4.20976e-05
11.76	-4.09881e-05
11.765	-3.98593e-05
11.77	-3.87113e-05
11.775	-3.75445e-05
11.78	-3.63592e-05
11.785	-3.51557e-05
11.79	-3.39344e-05
11.795	-3.26954e-05
11.8	-3.14389e-05
11.805	-3.0165e-05
11.81	-2.8874e-05
11.815	-2.75663e-05
11.82	-2.62425e-05
11.825	-2.49033e-05
11.83	-2.35493e-05
11.835	-2.2181e-05
11.84	-2.07988e-05
11.845	-1.94031e-05
11.85	-1.79943e-05
11.855	-1.6573e-05
11.86	-1.51394e-05
11.865	-1.36937e-05
11.87	-1.22363e-05
11.875	-1.07677e-05
11.88	-9.28862e-06
11.885	-7.80009e-06
11.89	-6.30314e-06
11.895	-4.79863e-06
11.9	-3.28719e-06
11.905	-1.7693e-06
11.91	-2.45427e-07
11.915	1.28388e-06
11.92	2.81801e-06
11.925	4.35631e-06
11.93	5.89821e-06
11.935	7.44316e-06
11.94	8.9906e-06
11.945	1.05398e-05
11.95	1.20901e-05
11.955	1.36405e-05
11.96	1.51903e-05
11.965	1.67385e-05
11.97	1.82843e-05
11.975	1.9827e-05
11.98	2.13656e-05
11.985	2.28994e-05
11.99	2.44278e-05
11.995	2.59501e-05
12	2.74658e-05
12.005	2.89744e-05
12.01	3.04752e-05
12.015	3.19674e-05
12.02	3.34502e-05
12.025	3.49229e-05
12.03	3.63849e-05
12.035	3.78354e-05
12.04	3.92739e-05
12.045	4.06998e-05
12.05	4.21123e-05
12.055	4.35109e-05
12.06	4.48948e-05
12.065	4.62631e-05
12.07	4.76152e-05
12.075	4.89502e-05
12.08	5.02676e-05
12.085	5.15668e-05
12.09	5.28471e-05
12.095	5.4108e-05
12.1	5.5349e-05
12.105	5.65696e-05
12.11	5.77692e-05
12.115	5.89474e-05
12.12	6.01039e-05
12.125	6.12383e-05
12.13	6.23501e-05
12.135	6.34389e-05
12.14	6.4504e-05
12.145	6.55449e-05
12.15	6.65608e-05
12.155	6.75513e-05
12.16	6.85157e-05
12.165	6.94538e-05
12.17	7.03653e-05
12.175	7.125e-05
12.18	7.21078e-05
12.185	7.29385e-05
12.19	7.37419e-05
12.195	7.45177e-05
12.2	7.52657e-05
12.205	7.59855e-05
12.21	7.6677e-05
12.215	7.73398e-05
12.22	7.79738e-05
12.225	7.85786e-05
12.23	7.91541e-05
12.235	7.97e-05
12.24	8.02161e-05
12.245	8.07021e-05
12.25	8.11579e-05
12.255	8.15834e-05
12.26	8.19787e-05
12.265	8.23441e-05
12.27	8.26799e-05
12.275	8.29865e-05
12.28	8.32642e-05
12.285	8.3513e-05
12.29	8.37327e-05
12.295	8.39232e-05
12.3	8.40843e-05
12.305	8.4216e-05
12.31	8.43183e-05
12.315	8.43913e-05
12.32	8.44352e-05
12.325	8.44505e-05
12.33	8.44373e-05
12.335	8.43962e-05
12.34	8.43275e-05
12.345	8.42317e-05
12.35	8.41089e-05
12.355	8.39596e-05
12.36	8.37839e-05
12.365	8.35823e-05
12.37	8.3355e-05
12.375	8.31023e-05
12.38	8.28246e-05
12.385	8.25221e-05
12.39	8.21953e-05
12.395	8.18445e-05
12.4	8.14701e-05
12.405	8.10728e-05
12.41	8.06531e-05
12.415	8.02116e-05
12.42	7.97486e-05
12.425	7.92646e-05
12.43	7.87599e-05
12.435	7.82348e-05
12.44	7.76897e-05
12.445	7.71253e-05
12.45	7.6542e-05
12.455	7.59406e-05
12.46	7.53217e-05
12.465	7.46861e-05
12.47	7.40344e-05
12.475	7.33671e-05
12.48	7.26847e-05
12.485	7.19876e-05
12.49	7.12764e-05
12.495	7.05515e-05
12.5	6.98132e-05
12.505	6.90621e-05
12.51	6.82985e-05
12.515	6.75231e-05
12.52	6.67363e-05
12.525	6.59388e-05
12.53	6.51311e-05
12.535	6.43141e-05
12.54	6.34885e-05
12.545	6.26551e-05
12.55	6.18145e-05
12.555	6.09673e-05
12.56	6.01139e-05
12.565	5.92547e-05
12.57	5.83902e-05
12.575	5.75207e-05
12.58	5.66466e-05
12.585	5.57684e-05
12.59	5.48865e-05
12.595	5.40013e-05
12.6	5.31133e-05
12.605	5.22231e-05
12.61	5.13314e-05
12.615	5.04386e-05
12.62	4.95455e-05
12.625	4.86526e-05
12.63	4.77606e-05
12.635	4.68699e-05
12.64	4.59811e-05
12.645	4.50941e-05
12.65	4.42092e-05
12.655	4.33265e-05
12.66	4.24462e-05
12.665	4.15686e-05
12.67	4.06942e-05
12.675	3.98233e-05
12.68	3.89565e-05
12.685	3.80943e-05
12.69	3.72372e-05
12.695	3.63858e-05
12.7	3.55404e-05
12.705	3.47014e-05
12.71	3.38688e-05
12.715	3.30427e-05
12.72	3.22229e-05
12.725	3.14098e-05
12.73	3.06035e-05
12.735	2.98045e-05
12.74	2.90131e-05
12.745	2.82296e-05
12.75	2.74543e-05
12.755	2.66871e-05
12.76	2.59283e-05
12.765	2.51779e-05
12.77	2.44359e-05
12.775	2.37022e-05
12.78	2.29769e-05
12.785	2.22599e-05
12.79	2.15515e-05
12.795	2.08519e-05
12.8	2.01612e-05
12.805	1.94797e-05
12.81	1.88073e-05
12.815	1.81441e-05
12.82	1.74903e-05
12.825	1.68457e-05
12.83	1.62105e-05
12.835	1.55843e-05
12.84	1.49671e-05
12.845	1.43585e-05
12.85	1.37582e-05
12.855	1.31661e-05
12.86	1.25821e-05
12.865	1.20061e-05
12.87	1.14382e-05
12.875	1.08785e-05
12.88	1.03272e-05
12.885	9.78441e-06
12.89	9.24998e-06
12.895	8.72371e-06
12.9	8.20516e-06
12.905	7.69393e-06
12.91	7.18965e-06
12.915	6.69212e-06
12.92	6.20121e-06
12.925	5.71685e-06
12.93	5.23891e-06
12.935	4.76723e-06
12.94	4.30161e-06
12.945	3.84187e-06
12.95	3.38779e-06
12.955	2.93915e-06
12.96	2.49568e-06
12.965	2.05713e-06
12.97	1.62331e-06
12.975	1.1941e-06
12.98	7.69445e-07
12.985	3.49208e-07
12.99	-6.68685e-08
12.995	-4.79181e-07
13	-8.8819e-07
13.005	-1.29432e-06
13.01	-1.69788e-06
13.015	-2.09909e-06
13.02	-2.49809e-06
13.025	-2.89506e-06
13.03	-3.29018e-06
13.035	-3.68366e-06
13.04	-4.07571e-06
13.045	-4.46652e-06
13.05	-4.85625e-06
13.055	-5.2451e-06
13.06	-5.63327e-06
13.065	-6.02097e-06
13.07	-6.40837e-06
13.075	-6.79564e-06
13.08	-7.18296e-06
13.085	-7.57057e-06
13.09	-7.95872e-06
13.095	-8.34774e-06
13.1	-8.73788e-06
13.105	-9.1294e-06
13.11	-9.52246e-06
13.115	-9.91719e-06
13.12	-1.03137e-05
13.125	-1.07121e-05
13.13	-1.11125e-05
13.135	-1.1515e-05
13.14	-1.19196e-05
13.145	-1.23266e-05
13.15	-1.27359e-05
13.155	-1.31479e-05
13.16	-1.35626e-05
13.165	-1.39801e-05
13.17	-1.44005e-05
13.175	-1.48241e-05
13.18	-1.52507e-05
13.185	-1.56806e-05
13.19	-1.61138e-05
13.195	-1.65502e-05
13.2	-1.69898e-05
13.205	-1.74326e-05
13.21	-1.78784e-05
13.215	-1.83274e-05
13.22	-1.87796e-05
13.225	-1.92351e-05
13.23	-1.9694e-05
13.235	-2.01561e-05
13.24	-2.06213e-05
13.245	-2.10895e-05
13.25	-2.15606e-05
13.255	-2.20346e-05
13.26	-2.25114e-05
13.265	-2.2991e-05
13.27	-2.34732e-05
13.275	-2.39581e-05
13.28	-2.44453e-05
13.285	-2.49349e-05
13.29	-2.54268e-05
13.295	-2.59208e-05
13.3	-2.64167e-05
13.305	-2.69145e-05
13.31	-2.74138e-05
13.315	-2.79143e-05
13.32	-2.84159e-05
13.325	-2.89182e-05
13.33	-2.94212e-05
13.335	-2.99247e-05
13.34	-3.04287e-05
13.345	-3.0933e-05
13.35	-3.14376e-05
13.355	-3.19422e-05
13.36	-3.24467e-05
13.365	-3.29507e-05
13.37	-3.34538e-05
13.375	-3.39554e-05
13.38	-3.44553e-05
13.385	-3.4953e-05
13.39	-3.54485e-05
13.395	-3.59418e-05
13.4	-3.64326e-05
13.405	-3.6921e-05
13.41	-3.74067e-05
13.415	-3.78895e-05
13.42	-3.83688e-05
13.425	-3.88445e-05
13.43	-3.93161e-05
13.435	-3.97832e-05
13.44	-4.02454e-05
13.445	-4.07024e-05
13.45	-4.11539e-05
13.455	-4.15998e-05
13.46	-4.20398e-05
13.465	-4.24737e-05
13.47	-4.29011e-05
13.475	-4.33219e-05
13.48	-4.37358e-05
13.485	-4.41427e-05
13.49	-4.45424e-05
13.495	-4.49346e-05
13.5	-4.53189e-05
13.505	-4.5695e-05
13.51	-4.60622e-05
13.515	-4.64202e-05
13.52	-4.67687e-05
13.525	-4.71075e-05
13.53	-4.74365e-05
13.535	-4.77555e-05
13.54	-4.80644e-05
13.545	-4.8363e-05
13.55	-4.86513e-05
13.555	-4.89289e-05
13.56	-4.91956e-05
13.565	-4.9451e-05
13.57	-4.96949e-05
13.575	-4.99271e-05
13.58	-5.01472e-05
13.585	-5.03554e-05
13.59	-5.05514e-05
13.595	-5.07351e-05
13.6	-5.09062e-05
13.605	-5.10646e-05
13.61	-5.121e-05
13.615	-5.13422e-05
13.62	-5.14611e-05
13.625	-5.15667e-05
13.63	-5.16588e-05
13.635	-5.17372e-05
13.64	-5.1802e-05
13.645	-5.18529e-05
13.65	-5.18901e-05
13.655	-5.19134e-05
13.66	-5.19226e-05
13.665	-5.19179e-05
13.67	-5.18989e-05
13.675	-5.18658e-05
13.68	-5.18185e-05
13.685	-5.1757e-05
13.69	-5.16812e-05
13.695	-5.15911e-05
13.7	-5.14866e-05
13.705	-5.13678e-05
13.71	-5.12346e-05
13.715	-5.10873e-05
13.72	-5.09259e-05
13.725	-5.07506e-05
13.73	-5.05612e-05
13.735	-5.03578e-05
13.74	-5.01403e-05
13.745	-4.99089e-05
13.75	-4.96637e-05
13.755	-4.94048e-05
13.76	-4.91324e-05
13.765	-4.88464e-05
13.77	-4.85471e-05
13.775	-4.82344e-05
13.78	-4.79085e-05
13.785	-4.75693e-05
13.79	-4.72171e-05
13.795	-4.6852e-05
13.8	-4.64742e-05
13.805	-4.6084e-05
13.81	-4.56817e-05
13.815	-4.52674e-05
13.82	-4.48415e-05
13.825	-4.44039e-05
13.83	-4.39549e-05
13.835	-4.34945e-05
13.84	-4.30228e-05
13.845	-4.254e-05
13.85	-4.20464e-05
13.855	-4.15423e-05
13.86	-4.10281e-05
13.865	-4.05039e-05
13.87	-3.997e-05
13.875	-3.94265e-05
13.88	-3.88734e-05
13.885	-3.83112e-05
13.89	-3.774e-05
13.895	-3.71601e-05
13.9	-3.65719e-05
13.905	-3.59755e-05
13.91	-3.53712e-05
13.915	-3.47593e-05
13.92	-3.414e-05
13.925	-3.35136e-05
13.93	-3.28804e-05
13.935	-3.22407e-05
13.94	-3.15948e-05
13.945	-3.09429e-05
13.95	-3.02853e-05
13.955	-2.96222e-05
13.96	-2.89538e-05
13.965	-2.82803e-05
13.97	-2.76019e-05
13.975	-2.6919e-05
13.98	-2.62318e-05
13.985	-2.55406e-05
13.99	-2.48458e-05
13.995	-2.41477e-05
14	-2.34466e-05
14.005	-2.27426e-05
14.01	-2.20359e-05
14.015	-2.13267e-05
14.02	-2.06152e-05
14.025	-1.99017e-05
14.03	-1.91866e-05
14.035	-1.84701e-05
14.04	-1.77526e-05
14.045	-1.70342e-05
14.05	-1.63151e-05
14.055	-1.55956e-05
14.06	-1.48758e-05
14.065	-1.4156e-05
14.07	-1.34364e-05
14.075	-1.27175e-05
14.08	-1.19994e-05
14.085	-1.12824e-05
14.09	-1.05668e-05
14.095	-9.85272e-06
14.1	-9.14032e-06
14.105	-8.42979e-06
14.11	-7.7213e-06
14.115	-7.01504e-06
14.12	-6.31123e-06
14.125	-5.61006e-06
14.13	-4.91174e-06
14.135	-4.21644e-06
14.14	-3.52432e-06
14.145	-2.83554e-06
14.15	-2.15031e-06
14.155	-1.46885e-06
14.16	-7.9145e-07
14.165	-1.18388e-07
14.17	5.50089e-07
14.175	1.21379e-06
14.18	1.87259e-06
14.185	2.52643e-06
14.19	3.17526e-06
14.195	3.81904e-06
14.2	4.45772e-06
14.205	5.09116e-06
14.21	5.71919e-06
14.215	6.34161e-06
14.22	6.95817e-06
14.225	7.56866e-06
14.23	8.17287e-06
14.235	8.77063e-06
14.24	9.36179e-06
14.245	9.94624e-06
14.25	1.05239e-05
14.255	1.10946e-05
14.26	1.16585e-05
14.265	1.22154e-05
14.27	1.27655e-05
14.275	1.33087e-05
14.28	1.3845e-05
14.285	1.43741e-05
14.29	1.48959e-05
14.295	1.54102e-05
14.3	1.59167e-05
14.305	1.64155e-05
14.31	1.69062e-05
14.315	1.7389e-05
14.32	1.78639e-05
14.325	1.83308e-05
14.33	1.87898e-05
14.335	1.92411e-05
14.34	1.96844e-05
14.345	2.01199e-05
14.35	2.05474e-05
14.355	2.09668e-05
14.36	2.13781e-05
14.365	2.17813e-05
14.37	2.21761e-05
14.375	2.25625e-05
14.38	2.29405e-05
14.385	2.331e-05
14.39	2.36712e-05
14.395	2.40241e-05
14.4	2.43689e-05
14.405	2.47058e-05
14.41	2.50347e-05
14.415	2.53557e-05
14.42	2.56685e-05
14.425	2.59731e-05
14.43	2.62693e-05
14.435	2.6557e-05
14.44	2.68363e-05
14.445	2.71072e-05
14.45	2.737e-05
14.455	2.7625e-05
14.46	2.78722e-05
14.465	2.81117e-05
14.47	2.83437e-05
14.475	2.8568e-05
14.48	2.87847e-05
14.485	2.89937e-05
14.49	2.91952e-05
14.495	2.93889e-05
14.5	2.9575e-05
14.505	2.97535e-05
14.51	2.99244e-05
14.515	3.00878e-05
14.52	3.02438e-05
14.525	3.03927e-05
14.53	3.05345e-05
14.535	3.06694e-05
14.54	3.07977e-05
14.545	3.09194e-05
14.55	3.10346e-05
14.555	3.11433e-05
14.56	3.12455e-05
14.565	3.1341e-05
14.57	3.14298e-05
14.575	3.1512e-05
14.58	3.15878e-05
14.585	3.16574e-05
14.59	3.17211e-05
14.595	3.17789e-05
14.6	3.18311e-05
14.605	3.18777e-05
14.61	3.19186e-05
14.615	3.1954e-05
14.62	3.19839e-05
14.625	3.20083e-05
14.63	3.20272e-05
14.635	3.20409e-05
14.64	3.20494e-05
14.645	3.20529e-05
14.65	3.20515e-05
14.655	3.20452e-05
14.66	3.20343e-05
14.665	3.20186e-05
14.67	3.19983e-05
14.675	3.19734e-05
14.68	3.19441e-05
14.685	3.19103e-05
14.69	3.18723e-05
14.695	3.18301e-05
14.7	3.17836e-05
14.705	3.17331e-05
14.71	3.16784e-05
14.715	3.16199e-05
14.72	3.15575e-05
14.725	3.14914e-05
14.73	3.14218e-05
14.735	3.13488e-05
14.74	3.12724e-05
14.745	3.11926e-05
14.75	3.11094e-05
14.755	3.10229e-05
14.76	3.09331e-05
14.765	3.084e-05
14.77	3.07437e-05
14.775	3.06442e-05
14.78	3.05416e-05
14.785	3.04358e-05
14.79	3.03271e-05
14.795	3.02153e-05
14.8	3.01007e-05
14.805	2.99833e-05
14.81	2.98631e-05
14.815	2.97402e-05
14.82	2.96145e-05
14.825	2.94863e-05
14.83	2.93555e-05
14.835	2.92222e-05
14.84	2.90863e-05
14.845	2.89479e-05
14.85	2.88069e-05
14.855	2.86632e-05
14.86	2.85167e-05
14.865	2.83674e-05
14.87	2.82154e-05
14.875	2.80608e-05
14.88	2.79036e-05
14.885	2.7744e-05
14.89	2.75822e-05
14.895	2.74182e-05
14.9	2.7252e-05
14.905	2.70835e-05
14.91	2.69126e-05
14.915	2.67392e-05
14.92	2.65633e-05
14.925	2.63849e-05
14.93	2.62038e-05
14.935	2.60201e-05
14.94	2.58338e-05
14.945	2.56448e-05
14.95	2.54533e-05
14.955	2.52593e-05
14.96	2.5063e-05
14.965	2.48643e-05
14.97	2.46633e-05
14.975	2.44599e-05
14.98	2.42541e-05
14.985	2.40459e-05
14.99	2.38351e-05
14.995	2.36216e-05
15	2.34054e-05
15.005	2.31865e-05
15.01	2.29648e-05
15.015	2.27403e-05
15.02	2.25132e-05
15.025	2.22835e-05
15.03	2.20513e-05
15.035	2.18166e-05
15.04	2.15795e-05
15.045	2.13398e-05
15.05	2.10976e-05
15.055	2.08528e-05
15.06	2.06052e-05
15.065	2.03548e-05
15.07	2.01015e-05
15.075	1.98455e-05
15.08	1.95867e-05
15.085	1.93253e-05
15.09	1.90612e-05
15.095	1.87945e-05
15.1	1.85253e-05
15.105	1.82535e-05
15.11	1.79792e-05
15.115	1.77023e-05
15.12	1.74229e-05
15.125	1.71408e-05
15.13	1.68561e-05
15.135	1.65688e-05
15.14	1.6279e-05
15.145	1.59868e-05
15.15	1.5692e-05
15.155	1.53949e-05
15.16	1.50953e-05
15.165	1.47933e-05
15.17	1.44889e-05
15.175	1.41823e-05
15.18	1.38734e-05
15.185	1.35623e-05
15.19	1.32488e-05
15.195	1.29331e-05
15.2	1.26152e-05
15.205	1.22951e-05
15.21	1.19728e-05
15.215	1.16485e-05
15.22	1.1322e-05
15.225	1.09935e-05
15.23	1.0663e-05
15.235	1.03305e-05
15.24	9.99618e-06
15.245	9.65996e-06
15.25	9.32195e-06
15.255	8.98226e-06
15.26	8.64099e-06
15.265	8.2982e-06
15.27	7.95395e-06
15.275	7.60821e-06
15.28	7.26094e-06
15.285	6.91215e-06
15.29	6.56188e-06
15.295	6.21026e-06
15.3	5.85745e-06
15.305	5.50358e-06
15.31	5.14874e-06
15.315	4.79297e-06
15.32	4.43627e-06
15.325	4.07868e-06
15.33	3.72019e-06
15.335	3.36088e-06
15.34	3.00081e-06
15.345	2.64009e-06
15.35	2.27884e-06
15.355	1.91718e-06
15.36	1.5552e-06
15.365	1.19296e-06
15.37	8.30425e-07
15.375	4.67561e-07
15.38	1.04361e-07
15.385	-2.59104e-07
15.39	-6.22672e-07
15.395	-9.86131e-07
15.4	-1.34929e-06
15.405	-1.71202e-06
15.41	-2.07429e-06
15.415	-2.43614e-06
15.42	-2.79762e-06
15.425	-3.15873e-06
15.43	-3.51941e-06
15.435	-3.87952e-06
15.44	-4.2389e-06
15.445	-4.59739e-06
15.45	-4.95486e-06
15.455	-5.31126e-06
15.46	-5.66657e-06
15.465	-6.02081e-06
15.47	-6.37399e-06
15.475	-6.72606e-06
15.48	-7.07691e-06
15.485	-7.42637e-06
15.49	-7.77425e-06
15.495	-8.12042e-06
15.5	-8.46478e-06
15.505	-8.80731e-06
15.51	-9.14801e-06
15.515	-9.4869e-06
15.52	-9.82394e-06
15.525	-1.01591e-05
15.53	-1.04922e-05
15.535	-1.08231e-05
15.54	-1.11519e-05
15.545	-1.14783e-05
15.55	-1.18023e-05
15.555	-1.2124e-05
15.56	-1.24434e-05
15.565	-1.27603e-05
15.57	-1.30747e-05
15.575	-1.33865e-05
15.58	-1.36954e-05
15.585	-1.40014e-05
15.59	-1.43044e-05
15.595	-1.46044e-05
15.6	-1.49014e-05
15.605	-1.51954e-05
15.61	-1.54863e-05
15.615	-1.57741e-05
15.62	-1.60586e-05
15.625	-1.63397e-05
15.63	-1.66172e-05
15.635	-1.68911e-05
15.64	-1.71615e-05
15.645	-1.74282e-05
15.65	-1.76914e-05
15.655	-1.79509e-05
15.66	-1.82067e-05
15.665	-1.84586e-05
15.67	-1.87066e-05
15.675	-1.89506e-05
15.68	-1.91906e-05
15.685	-1.94265e-05
15.69	-1.96584e-05
15.695	-1.98861e-05
15.7	-2.01097e-05
15.705	-2.0329e-05
15.71	-2.05438e-05
15.715	-2.07542e-05
15.72	-2.096e-05
15.725	-2.11612e-05
15.73	-2.13578e-05
15.735	-2.15499e-05
15.74	-2.17375e-05
15.745	-2.19206e-05
15.75	-2.2099e-05
15.755	-2.22728e-05
15.76	-2.24418e-05
15.765	-2.26058e-05
15.77	-2.27649e-05
15.775	-2.29188e-05
15.78	-2.30677e-05
15.785	-2.32115e-05
15.79	-2.33503e-05
15.795	-2.3484e-05
15.8	-2.36126e-05
15.805	-2.3736e-05
15.81	-2.38543e-05
15.815	-2.39674e-05
15.82	-2.40753e-05
15.825	-2.4178e-05
15.83	-2.42755e-05
15.835	-2.43677e-05
15.84	-2.44544e-05
15.845	-2.45356e-05
15.85	-2.46113e-05
15.855	-2.46814e-05
15.86	-2.47459e-05
15.865	-2.4805e-05
15.87	-2.48586e-05
15.875	-2.49069e-05
15.88	-2.49498e-05
15.885	-2.49873e-05
15.89	-2.50193e-05
15.895	-2.50459e-05
15.9	-2.50668e-05
15.905	-2.5082e-05
15.91	-2.50916e-05
15.915	-2.50954e-05
15.92	-2.50936e-05
15.925	-2.50862e-05
15.93	-2.50733e-05
15.935	-2.50548e-05
15.94	-2.5031e-05
15.945	-2.50017e-05
15.95	-2.4967e-05
15.955	-2.49271e-05
15.96	-2.48817e-05
15.965	-2.48308e-05
15.97	-2.47744e-05
15.975	-2.47124e-05
15.98	-2.46447e-05
15.985	-2.45715e-05
15.99	-2.44928e-05
15.995	-2.44086e-05
16	-2.43192e-05
16.005	-2.42247e-05
16.01	-2.4125e-05
16.015	-2.40203e-05
16.02	-2.39107e-05
16.025	-2.37961e-05
16.03	-2.36765e-05
16.035	-2.3552e-05
16.04	-2.34224e-05
16.045	-2.32877e-05
16.05	-2.3148e-05
16.055	-2.30032e-05
16.06	-2.28534e-05
16.065	-2.26988e-05
16.07	-2.25394e-05
16.075	-2.23755e-05
16.08	-2.22072e-05
16.085	-2.20347e-05
16.09	-2.18581e-05
16.095	-2.16774e-05
16.1	-2.14925e-05
16.105	-2.13034e-05
16.11	-2.11101e-05
16.115	-2.09124e-05
16.12	-2.07104e-05
16.125	-2.05042e-05
16.13	-2.02939e-05
16.135	-2.00799e-05
16.14	-1.98624e-05
16.145	-1.96414e-05
16.15	-1.94172e-05
16.155	-1.91897e-05
16.16	-1.89589e-05
16.165	-1.87248e-05
16.17	-1.84875e-05
16.175	-1.82471e-05
16.18	-1.80035e-05
16.185	-1.77569e-05
16.19	-1.75073e-05
16.195	-1.72548e-05
16.2	-1.69996e-05
16.205	-1.67418e-05
16.21	-1.64815e-05
16.215	-1.62188e-05
16.22	-1.59537e-05
16.225	-1.56865e-05
16.23	-1.54172e-05
16.235	-1.51459e-05
16.24	-1.48728e-05
16.245	-1.45977e-05
16.25	-1.43206e-05
16.255	-1.40415e-05
16.26	-1.37606e-05
16.265	-1.34779e-05
16.27	-1.31937e-05
16.275	-1.29082e-05
16.28	-1.26216e-05
16.285	-1.2334e-05
16.29	-1.20454e-05
16.295	-1.17558e-05
16.3	-1.14654e-05
16.305	-1.1174e-05
16.31	-1.08817e-05
16.315	-1.05886e-05
16.32	-1.02947e-05
16.325	-1e-05
16.33	-9.70486e-06
16.335	-9.4093e-06
16.34	-9.11347e-06
16.345	-8.81746e-06
16.35	-8.52132e-06
16.355	-8.22512e-06
16.36	-7.9289e-06
16.365	-7.63275e-06
16.37	-7.33673e-06
16.375	-7.04087e-06
16.38	-6.74524e-06
16.385	-6.4499e-06
16.39	-6.15495e-06
16.395	-5.86046e-06
16.4	-5.56651e-06
16.405	-5.27316e-06
16.41	-4.98045e-06
16.415	-4.68844e-06
16.42	-4.39721e-06
16.425	-4.10682e-06
16.43	-3.81736e-06
16.435	-3.52886e-06
16.44	-3.24137e-06
16.445	-2.95493e-06
16.45	-2.6696e-06
16.455	-2.3855e-06
16.46	-2.10269e-06
16.465	-1.82124e-06
16.47	-1.54118e-06
16.475	-1.26251e-06
16.48	-9.85229e-07
16.485	-7.09342e-07
16.49	-4.34894e-07
16.495	-1.61951e-07
16.5	1.09397e-07
16.505	3.79054e-07
16.51	6.46927e-07
16.515	9.12944e-07
16.52	1.17707e-06
16.525	1.43931e-06
16.53	1.69967e-06
16.535	1.95817e-06
16.54	2.21479e-06
16.545	2.46948e-06
16.55	2.72218e-06
16.555	2.97284e-06
16.56	3.22143e-06
16.565	3.46794e-06
16.57	3.71234e-06
16.575	3.95457e-06
16.58	4.19458e-06
16.585	4.43231e-06
16.59	4.66769e-06
16.595	4.90071e-06
16.6	5.13136e-06
16.605	5.35963e-06
16.61	5.58557e-06
16.615	5.80918e-06
16.62	6.03049e-06
16.625	6.24948e-06
16.63	6.4661e-06
16.635	6.68025e-06
16.64	6.89181e-06
16.645	7.10071e-06
16.65	7.30693e-06
16.655	7.51049e-06
16.66	7.71144e-06
16.665	7.90985e-06
16.67	8.10574e-06
16.675	8.29912e-06
16.68	8.48994e-06
16.685	8.67819e-06
16.69	8.8638e-06
16.695	9.04676e-06
16.7	9.22702e-06
16.705	9.4046e-06
16.71	9.57948e-06
16.715	9.75166e-06
16.72	9.92113e-06
16.725	1.00878e-05
16.73	1.02517e-05
16.735	1.04128e-05
16.74	1.0571e-05
16.745	1.07263e-05
16.75	1.0879e-05
16.755	1.10289e-05
16.76	1.11762e-05
16.765	1.13208e-05
16.77	1.14628e-05
16.775	1.16021e-05
16.78	1.17386e-05
16.785	1.18724e-05
16.79	1.20033e-05
16.795	1.21315e-05
16.8	1.22568e-05
16.805	1.23792e-05
16.81	1.24989e-05
16.815	1.26157e-05
16.82	1.27298e-05
16.825	1.28411e-05
16.83	1.29499e-05
16.835	1.3056e-05
16.84	1.31595e-05
16.845	1.32604e-05
16.85	1.33586e-05
16.855	1.34541e-05
16.86	1.35469e-05
16.865	1.36368e-05
16.87	1.3724e-05
16.875	1.38085e-05
16.88	1.38903e-05
16.885	1.39697e-05
16.89	1.40464e-05
16.895	1.41206e-05
16.9	1.41922e-05
16.905	1.42613e-05
16.91	1.43277e-05
16.915	1.43917e-05
16.92	1.44531e-05
16.925	1.4512e-05
16.93	1.45684e-05
16.935	1.46224e-05
16.94	1.4674e-05
16.945	1.4723e-05
16.95	1.47695e-05
16.955	1.48135e-05
16.96	1.4855e-05
16.965	1.48942e-05
16.97	1.49312e-05
16.975	1.49659e-05
16.98	1.49985e-05
16.985	1.50288e-05
16.99	1.50568e-05
16.995	1.50824e-05
17	1.51056e-05
17.005	1.51265e-05
17.01	1.5145e-05
17.015	1.51614e-05
17.02	1.51756e-05
17.025	1.51877e-05
17.03	1.51977e-05
17.035	1.52056e-05
17.04	1.52114e-05
17.045	1.52151e-05
17.05	1.52168e-05
17.055	1.52163e-05
17.06	1.52139e-05
17.065	1.52094e-05
17.07	1.5203e-05
17.075	1.51946e-05
17.08	1.51841e-05
17.085	1.51715e-05
17.09	1.51569e-05
17.095	1.51403e-05
17.1	1.51216e-05
17.105	1.51012e-05
17.11	1.50788e-05
17.115	1.50547e-05
17.12	1.50288e-05
17.125	1.50011e-05
17.13	1.49715e-05
17.135	1.49399e-05
17.14	1.49065e-05
17.145	1.48711e-05
17.15	1.48339e-05
17.155	1.47948e-05
17.16	1.47539e-05
17.165	1.47112e-05
17.17	1.46667e-05
17.175	1.46203e-05
17.18	1.45722e-05
17.185	1.45222e-05
17.19	1.44705e-05
17.195	1.44171e-05
17.2	1.43619e-05
17.205	1.43049e-05
17.21	1.4246e-05
17.215	1.41854e-05
17.22	1.41229e-05
17.225	1.40585e-05
17.23	1.39922e-05
17.235	1.39242e-05
17.24	1.38543e-05
17.245	1.37827e-05
17.25	1.37093e-05
17.255	1.36341e-05
17.26	1.35571e-05
17.265	1.34782e-05
17.27	1.33974e-05
17.275	1.33147e-05
17.28	1.32302e-05
17.285	1.31439e-05
17.29	1.30559e-05
17.295	1.2966e-05
17.3	1.28743e-05
17.305	1.27808e-05
17.31	1.26854e-05
17.315	1.2588e-05
17.32	1.24888e-05
17.325	1.23876e-05
17.33	1.22845e-05
17.335	1.21796e-05
17.34	1.20729e-05
17.345	1.19643e-05
17.35	1.18538e-05
17.355	1.17414e-05
17.36	1.16271e-05
17.365	1.15108e-05
17.37	1.13927e-05
17.375	1.12727e-05
17.38	1.11508e-05
17.385	1.10271e-05
17.39	1.09014e-05
17.395	1.07739e-05
17.4	1.06444e-05
17.405	1.05131e-05
17.41	1.03799e-05
17.415	1.02449e-05
17.42	1.0108e-05
17.425	9.96935e-06
17.43	9.82892e-06
17.435	9.68671e-06
17.44	9.54269e-06
17.445	9.39679e-06
17.45	9.24898e-06
17.455	9.09928e-06
17.46	8.94774e-06
17.465	8.79444e-06
17.47	8.63945e-06
17.475	8.48279e-06
17.48	8.32446e-06
17.485	8.16446e-06
17.49	8.00283e-06
17.495	7.83962e-06
17.5	7.67485e-06
17.505	7.50853e-06
17.51	7.34064e-06
17.515	7.17117e-06
17.52	7.00011e-06
17.525	6.82747e-06
17.53	6.6533e-06
17.535	6.47761e-06
17.54	6.30044e-06
17.545	6.12185e-06
17.55	5.94191e-06
17.555	5.76075e-06
17.56	5.57844e-06
17.565	5.39506e-06
17.57	5.21059e-06
17.575	5.02501e-06
17.58	4.83829e-06
17.585	4.65042e-06
17.59	4.46143e-06
17.595	4.27137e-06
17.6	4.08025e-06
17.605	3.88812e-06
17.61	3.695e-06
17.615	3.50097e-06
17.62	3.30614e-06
17.625	3.11065e-06
17.63	2.91459e-06
17.635	2.71804e-06
17.64	2.52104e-06
17.645	2.3236e-06
17.65	2.12572e-06
17.655	1.92739e-06
17.66	1.72859e-06
17.665	1.52931e-06
17.67	1.32958e-06
17.675	1.12946e-06
17.68	9.29096e-07
17.685	7.28626e-07
17.69	5.28187e-07
17.695	3.27873e-07
17.7	1.27733e-07
17.705	-7.22132e-08
17.71	-2.71958e-07
17.715	-4.71499e-07
17.72	-6.7083e-07
17.725	-8.69935e-07
17.73	-1.06877e-06
17.735	-1.26727e-06
17.74	-1.46534e-06
17.745	-1.66287e-06
17.75	-1.85979e-06
17.755	-2.05607e-06
17.76	-2.25168e-06
17.765	-2.44656e-06
17.77	-2.64063e-06
17.775	-2.83377e-06
17.78	-3.02587e-06
17.785	-3.21689e-06
17.79	-3.40684e-06
17.795	-3.59574e-06
17.8	-3.78364e-06
17.805	-3.97052e-06
17.81	-4.15632e-06
17.815	-4.34093e-06
17.82	-4.52423e-06
17.825	-4.7061e-06
17.83	-4.88645e-06
17.835	-5.0652e-06
17.84	-5.24231e-06
17.845	-5.41777e-06
17.85	-5.59161e-06
17.855	-5.76388e-06
17.86	-5.93455e-06
17.865	-6.1036e-06
17.87	-6.27092e-06
17.875	-6.43644e-06
17.88	-6.60009e-06
17.885	-6.76183e-06
17.89	-6.92164e-06
17.895	-7.07946e-06
17.9	-7.23522e-06
17.905	-7.38884e-06
17.91	-7.54026e-06
17.915	-7.68945e-06
17.92	-7.83643e-06
17.925	-7.98122e-06
17.93	-8.12385e-06
17.935	-8.26432e-06
17.94	-8.4026e-06
17.945	-8.53865e-06
17.95	-8.67241e-06
17.955	-8.80379e-06
17.96	-8.9327e-06
17.965	-9.05908e-06
17.97	-9.18289e-06
17.975	-9.30413e-06
17.98	-9.42284e-06
17.985	-9.53903e-06
17.99	-9.65272e-06
17.995	-9.76387e-06
18	-9.87244e-06
18.005	-9.97839e-06
18.01	-1.00817e-05
18.015	-1.01824e-05
18.02	-1.02805e-05
18.025	-1.0376e-05
18.03	-1.04688e-05
18.035	-1.0559e-05
18.04	-1.06465e-05
18.045	-1.07312e-05
18.05	-1.08131e-05
18.055	-1.08922e-05
18.06	-1.09684e-05
18.065	-1.10419e-05
18.07	-1.11127e-05
18.075	-1.11808e-05
18.08	-1.12462e-05
18.085	-1.1309e-05
18.09	-1.1369e-05
18.095	-1.14263e-05
18.1	-1.14806e-05
18.105	-1.15321e-05
18.11	-1.15807e-05
18.115	-1.16265e-05
18.12	-1.16695e-05
18.125	-1.17097e-05
18.13	-1.17472e-05
18.135	-1.17819e-05
18.14	-1.18139e-05
18.145	-1.18432e-05
18.15	-1.18697e-05
18.155	-1.18934e-05
18.16	-1.19144e-05
18.165	-1.19328e-05
18.17	-1.19485e-05
18.175	-1.19615e-05
18.18	-1.19719e-05
18.185	-1.19795e-05
18.19	-1.19844e-05
18.195	-1.19865e-05
18.2	-1.19859e-05
18.205	-1.19826e-05
18.21	-1.19768e-05
18.215	-1.19684e-05
18.22	-1.19575e-05
18.225	-1.19441e-05
18.23	-1.19281e-05
18.235	-1.19097e-05
18.24	-1.18887e-05
18.245	-1.18651e-05
18.25	-1.1839e-05
18.255	-1.18105e-05
18.26	-1.17795e-05
18.265	-1.17462e-05
18.27	-1.17105e-05
18.275	-1.16724e-05
18.28	-1.1632e-05
18.285	-1.15891e-05
18.29	-1.1544e-05
18.295	-1.14966e-05
18.3	-1.14471e-05
18.305	-1.13955e-05
18.31	-1.13417e-05
18.315	-1.12859e-05
18.32	-1.1228e-05
18.325	-1.11679e-05
18.33	-1.11056e-05
18.335	-1.10413e-05
18.34	-1.09748e-05
18.345	-1.09064e-05
18.35	-1.0836e-05
18.355	-1.07639e-05
18.36	-1.06899e-05
18.365	-1.06142e-05
18.37	-1.05366e-05
18.375	-1.04574e-05
18.38	-1.03764e-05
18.385	-1.02937e-05
18.39	-1.02093e-05
18.395	-1.01233e-05
18.4	-1.00357e-05
18.405	-9.94644e-06
18.41	-9.8556e-06
18.415	-9.76325e-06
18.42	-9.66946e-06
18.425	-9.57431e-06
18.43	-9.47787e-06
18.435	-9.38016e-06
18.44	-9.28121e-06
18.445	-9.18104e-06
18.45	-9.07965e-06
18.455	-8.97706e-06
18.46	-8.87327e-06
18.465	-8.76829e-06
18.47	-8.66218e-06
18.475	-8.55498e-06
18.48	-8.44678e-06
18.485	-8.33763e-06
18.49	-8.22758e-06
18.495	-8.11665e-06
18.5	-8.00484e-06
18.505	-7.89216e-06
18.51	-7.77866e-06
18.515	-7.66439e-06
18.52	-7.54942e-06
18.525	-7.43383e-06
18.53	-7.31764e-06
18.535	-7.20088e-06
18.54	-7.08355e-06
18.545	-6.96564e-06
18.55	-6.84716e-06
18.555	-6.72815e-06
18.56	-6.60866e-06
18.565	-6.48875e-06
18.57	-6.36846e-06
18.575	-6.24783e-06
18.58	-6.1269e-06
18.585	-6.00568e-06
18.59	-5.88419e-06
18.595	-5.76248e-06
18.6	-5.64054e-06
18.605	-5.5184e-06
18.61	-5.39607e-06
18.615	-5.27357e-06
18.62	-5.15094e-06
18.625	-5.02822e-06
18.63	-4.90544e-06
18.635	-4.78265e-06
18.64	-4.65986e-06
18.645	-4.5371e-06
18.65	-4.41439e-06
18.655	-4.29176e-06
18.66	-4.16926e-06
18.665	-4.04689e-06
18.67	-3.92465e-06
18.675	-3.80251e-06
18.68	-3.68047e-06
18.685	-3.55856e-06
18.69	-3.43681e-06
18.695	-3.31528e-06
18.7	-3.194e-06
18.705	-3.07298e-06
18.71	-2.95223e-06
18.715	-2.83174e-06
18.72	-2.71152e-06
18.725	-2.59161e-06
18.73	-2.47203e-06
18.735	-2.35279e-06
18.74	-2.23389e-06
18.745	-2.11535e-06
18.75	-1.99715e-06
18.755	-1.87931e-06
18.76	-1.76183e-06
18.765	-1.6447e-06
18.77	-1.52794e-06
18.775	-1.41155e-06
18.78	-1.29556e-06
18.785	-1.18003e-06
18.79	-1.06496e-06
18.795	-9.5037e-07
18.8	-8.3622e-07
18.805	-7.22479e-07
18.81	-6.09129e-07
18.815	-4.96177e-07
18.82	-3.83655e-07
18.825	-2.716e-07
18.83	-1.60042e-07
18.835	-4.89939e-08
18.84	6.15461e-08
18.845	1.7159e-07
18.85	2.81159e-07
18.855	3.90276e-07
18.86	4.9896e-07
18.865	6.07216e-07
18.87	7.15022e-07
18.875	8.2234e-07
18.88	9.29128e-07
18.885	1.03537e-06
18.89	1.14107e-06
18.895	1.24626e-06
18.9	1.35098e-06
18.905	1.45521e-06
18.91	1.55896e-06
18.915	1.66217e-06
18.92	1.76484e-06
18.925	1.86696e-06
18.93	1.96853e-06
18.935	2.06958e-06
18.94	2.17011e-06
18.945	2.27011e-06
18.95	2.36958e-06
18.955	2.46852e-06
18.96	2.56693e-06
18.965	2.66478e-06
18.97	2.76205e-06
18.975	2.85871e-06
18.98	2.95473e-06
18.985	3.05013e-06
18.99	3.14494e-06
18.995	3.23919e-06
19	3.3329e-06
19.005	3.42604e-06
19.01	3.51858e-06
19.015	3.61047e-06
19.02	3.7017e-06
19.025	3.79225e-06
19.03	3.88214e-06
19.035	3.97136e-06
19.04	4.0599e-06
19.045	4.14774e-06
19.05	4.23486e-06
19.055	4.32126e-06
19.06	4.40695e-06
19.065	4.4919e-06
19.07	4.57613e-06
19.075	4.65961e-06
19.08	4.74234e-06
19.085	4.8243e-06
19.09	4.90548e-06
19.095	4.98585e-06
19.1	5.06538e-06
19.105	5.14404e-06
19.11	5.22184e-06
19.115	5.29876e-06
19.12	5.37481e-06
19.125	5.44997e-06
19.13	5.52425e-06
19.135	5.59762e-06
19.14	5.67007e-06
19.145	5.74157e-06
19.15	5.81212e-06
19.155	5.88167e-06
19.16	5.95023e-06
19.165	6.01777e-06
19.17	6.08428e-06
19.175	6.14973e-06
19.18	6.2141e-06
19.185	6.27734e-06
19.19	6.33945e-06
19.195	6.40042e-06
19.2	6.46029e-06
19.205	6.51909e-06
19.21	6.57683e-06
19.215	6.63348e-06
19.22	6.68897e-06
19.225	6.74324e-06
19.23	6.79623e-06
19.235	6.84792e-06
19.24	6.89832e-06
19.245	6.94744e-06
19.25	6.99529e-06
19.255	7.04186e-06
19.26	7.08717e-06
19.265	7.13122e-06
19.27	7.17399e-06
19.275	7.21546e-06
19.28	7.25557e-06
19.285	7.29427e-06
19.29	7.33152e-06
19.295	7.36732e-06
19.3	7.40172e-06
19.305	7.43475e-06
19.31	7.46644e-06
19.315	7.49677e-06
19.32	7.52571e-06
19.325	7.55321e-06
19.33	7.57924e-06
19.335	7.60378e-06
19.34	7.62684e-06
19.345	7.64841e-06
19.35	7.6685e-06
19.355	7.6871e-06
19.36	7.70421e-06
19.365	7.7198e-06
19.37	7.73388e-06
19.375	7.74641e-06
19.38	7.7574e-06
19.385	7.76686e-06
19.39	7.77482e-06
19.395	7.78132e-06
19.4	7.78636e-06
19.405	7.78993e-06
19.41	7.79198e-06
19.415	7.79247e-06
19.42	7.79139e-06
19.425	7.78873e-06
19.43	7.78451e-06
19.435	7.77876e-06
19.44	7.77148e-06
19.445	7.76267e-06
19.45	7.75232e-06
19.455	7.74043e-06
19.46	7.727e-06
19.465	7.71204e-06
19.47	7.69558e-06
19.475	7.67765e-06
19.48	7.65826e-06
19.485	7.63743e-06
19.49	7.61516e-06
19.495	7.59142e-06
19.5	7.56615e-06
19.505	7.53934e-06
19.51	7.51096e-06
19.515	7.48105e-06
19.52	7.44966e-06
19.525	7.41682e-06
19.53	7.38258e-06
19.535	7.34695e-06
19.54	7.30992e-06
19.545	7.27151e-06
19.55	7.2317e-06
19.555	7.1905e-06
19.56	7.14792e-06
19.565	7.10396e-06
19.57	7.05865e-06
19.575	7.01202e-06
19.58	6.96407e-06
19.585	6.91481e-06
19.59	6.8642e-06
19.595	6.81223e-06
19.6	6.7589e-06
19.605	6.70426e-06
19.61	6.64837e-06
19.615	6.59129e-06
19.62	6.53308e-06
19.625	6.47372e-06
19.63	6.41319e-06
19.635	6.35145e-06
19.64	6.28848e-06
19.645	6.22429e-06
19.65	6.1589e-06
19.655	6.09236e-06
19.66	6.02472e-06
19.665	5.95602e-06
19.67	5.88631e-06
19.675	5.8156e-06
19.68	5.74388e-06
19.685	5.67112e-06
19.69	5.5973e-06
19.695	5.52243e-06
19.7	5.44655e-06
19.705	5.36972e-06
19.71	5.29201e-06
19.715	5.21344e-06
19.72	5.13402e-06
19.725	5.05374e-06
19.73	4.97259e-06
19.735	4.89058e-06
19.74	4.80772e-06
19.745	4.72404e-06
19.75	4.63957e-06
19.755	4.55434e-06
19.76	4.46837e-06
19.765	4.38171e-06
19.77	4.29437e-06
19.775	4.20638e-06
19.78	4.11773e-06
19.785	4.02844e-06
19.79	3.93854e-06
19.795	3.84807e-06
19.8	3.75708e-06
19.805	3.66557e-06
19.81	3.57355e-06
19.815	3.48096e-06
19.82	3.38779e-06
19.825	3.29407e-06
19.83	3.19987e-06
19.835	3.10526e-06
19.84	3.01034e-06
19.845	2.91518e-06
19.85	2.8198e-06
19.855	2.72419e-06
19.86	2.62832e-06
19.865	2.53213e-06
19.87	2.43557e-06
19.875	2.33865e-06
19.88	2.24139e-06
19.885	2.14387e-06
19.89	2.0462e-06
19.895	1.94848e-06
19.9	1.85076e-06
19.905	1.75306e-06
19.91	1.65538e-06
19.915	1.55771e-06
19.92	1.46002e-06
19.925	1.36234e-06
19.93	1.26466e-06
19.935	1.16699e-06
19.94	1.06934e-06
19.945	9.71732e-07
19.95	8.74192e-07
19.955	7.76765e-07
19.96	6.79505e-07
19.965	5.82468e-07
19.97	4.85709e-07
19.975	3.89275e-07
19.98	2.93197e-07
19.985	1.97477e-07
19.99	1.02095e-07
19.995	7.01742e-09
