0	0
0.005	0
0.01	0
0.015	0
0.02	0
0.025	0
0.03	0
0.035	0
0.04	0
0.045	0
0.05	0
0.055	0
0.06	0
0.065	0
0.07	0
0.075	0
0.08	0
0.085	0
0.09	0
0.095	0
0.1	0
0.105	0
0.11	0
0.115	0
0.12	0
0.125	0
0.13	0
0.135	0
0.14	0
0.145	0
0.15	0
0.155	0
0.16	0
0.165	0
0.17	0
0.175	0
0.18	0
0.185	0
0.19	0
0.195	0
0.2	0
0.205	0
0.21	0
0.215	0
0.22	0
0.225	0
0.23	0
0.235	0
0.24	0
0.245	0
0.25	0
0.255	0
0.26	0
0.265	0
0.27	0
0.275	0
0.28	0
0.285	0
0.29	0
0.295	0
0.3	0
0.305	0
0.31	0
0.315	0
0.32	0
0.325	0
0.33	0
0.335	0
0.34	0
0.345	0
0.35	0
0.355	0
0.36	0
0.365	0
0.37	0
0.375	0
0.38	0
0.385	0
0.39	0
0.395	0
0.4	0
0.405	0
0.41	0
0.415	0
0.42	0
0.425	0
0.43	0
0.435	0
0.44	0
0.445	0
0.45	0
0.455	0
0.46	0
0.465	0
0.47	0
0.475	0
0.48	0
0.485	0
0.49	0
0.495	0
0.5	0
0.505	0
0.51	0
0.515	0
0.52	0
0.525	0
0.53	0
0.535	0
0.54	0
0.545	0
0.55	0
0.555	0
0.56	0
0.565	0
0.57	0
0.575	0
0.58	0
0.585	0
0.59	0
0.595	0
0.6	0
0.605	0
0.61	0
0.615	0
0.62	0
0.625	0
0.63	0
0.635	0
0.64	0
0.645	0
0.65	0
0.655	0
0.66	0
0.665	0
0.67	0
0.675	0
0.68	0
0.685	0
0.69	0
0.695	0
0.7	0
0.705	0
0.71	0
0.715	0
0.72	0
0.725	0
0.73	0
0.735	0
0.74	0
0.745	0
0.75	0
0.755	0
0.76	0
0.765	0
0.77	0
0.775	0
0.78	0
0.785	0
0.79	0
0.795	0
0.8	0
0.805	0
0.81	0
0.815	0
0.82	0
0.825	0
0.83	0
0.835	0
0.84	0
0.845	0
0.85	0
0.855	0
0.86	0
0.865	0
0.87	0
0.875	0
0.88	0
0.885	0
0.89	0
0.895	0
0.9	0
0.905	0
0.91	0
0.915	0
0.92	0
0.925	0
0.93	0
0.935	0
0.94	0
0.945	0
0.95	0
0.955	0
0.96	0
0.965	0
0.97	0
0.975	0
0.98	0
0.985	0
0.99	0
0.995	0
1	0
1.005	0
1.01	0
1.015	0
1.02	0
1.025	0
1.03	0
1.035	0
1.04	0
1.045	0
1.05	0
1.055	0
1.06	0
1.065	0
1.07	0
1.075	0
1.08	0
1.085	0
1.09	0
1.095	0
1.1	0
1.105	0
1.11	0
1.115	0
1.12	0
1.125	0
1.13	0
1.135	0
1.14	0
1.145	-5.44515e-126
1.15	-1.62842e-123
1.155	-2.43267e-121
1.16	-2.42023e-119
1.165	-1.80381e-117
1.17	-1.07414e-115
1.175	-5.32269e-114
1.18	-2.25718e-112
1.185	-8.36069e-111
1.19	-2.74728e-109
1.195	-8.10658e-108
1.2	-2.16913e-106
1.205	-5.30522e-105
1.21	-1.19384e-103
1.215	-2.48529e-102
1.22	-4.80806e-101
1.225	-8.67656e-100
1.23	-1.46495e-98
1.235	-2.31961e-97
1.24	-3.45006e-96
1.245	-4.82421e-95
1.25	-6.34085e-94
1.255	-7.82248e-93
1.26	-9.02577e-92
1.265	-9.67243e-91
1.27	-9.49706e-90
1.275	-8.30282e-89
1.28	-6.01137e-88
1.285	-2.6941e-87
1.29	1.42504e-86
1.295	5.99724e-85
1.3	1.06015e-83
1.305	1.48108e-82
1.31	1.82564e-81
1.315	2.06789e-80
1.32	2.19547e-79
1.325	2.20979e-78
1.33	2.12395e-77
1.335	1.95916e-76
1.34	1.74064e-75
1.345	1.49371e-74
1.35	1.2408e-73
1.355	9.99515e-73
1.36	7.81964e-72
1.365	5.94907e-71
1.37	4.40617e-70
1.375	3.18015e-69
1.38	2.23866e-68
1.385	1.53824e-67
1.39	1.03245e-66
1.395	6.7733e-66
1.4	4.34593e-65
1.405	2.72872e-64
1.41	1.67745e-63
1.415	1.01011e-62
1.42	5.96088e-62
1.425	3.44874e-61
1.43	1.95701e-60
1.435	1.08962e-59
1.44	5.9547e-59
1.445	3.1952e-58
1.45	1.68395e-57
1.455	8.7195e-57
1.46	4.43721e-56
1.465	2.21978e-55
1.47	1.09197e-54
1.475	5.28347e-54
1.48	2.51507e-53
1.485	1.17817e-52
1.49	5.43234e-52
1.495	2.46598e-51
1.5	1.10232e-50
1.505	4.85319e-50
1.51	2.10494e-49
1.515	8.99554e-49
1.52	3.78852e-48
1.525	1.5727e-47
1.53	6.43625e-47
1.535	2.59718e-46
1.54	1.03353e-45
1.545	4.05667e-45
1.55	1.57074e-44
1.555	6.00057e-44
1.56	2.26203e-43
1.565	8.41551e-43
1.57	3.0903e-42
1.575	1.12025e-41
1.58	4.0094e-41
1.585	1.41693e-40
1.59	4.94511e-40
1.595	1.70456e-39
1.6	5.80372e-39
1.605	1.95213e-38
1.61	6.48735e-38
1.615	2.13023e-37
1.62	6.91244e-37
1.625	2.2168e-36
1.63	7.02675e-36
1.635	2.20169e-35
1.64	6.81984e-35
1.645	2.08855e-34
1.65	6.32425e-34
1.655	1.89367e-33
1.66	5.60744e-33
1.665	1.64221e-32
1.67	4.75695e-32
1.675	1.36302e-31
1.68	3.86347e-31
1.685	1.0834e-30
1.69	3.00587e-30
1.695	8.25184e-30
1.7	2.2416e-29
1.705	6.02595e-29
1.71	1.60316e-28
1.715	4.22129e-28
1.72	1.10015e-27
1.725	2.83811e-27
1.73	7.24767e-27
1.735	1.83226e-26
1.74	4.58583e-26
1.745	1.13636e-25
1.75	2.78808e-25
1.755	6.77342e-25
1.76	1.62947e-24
1.765	3.88186e-24
1.77	9.15823e-24
1.775	2.13984e-23
1.78	4.95189e-23
1.785	1.13501e-22
1.79	2.5768e-22
1.795	5.79482e-22
1.8	1.2909e-21
1.805	2.84875e-21
1.81	6.22793e-21
1.815	1.34889e-20
1.82	2.89448e-20
1.825	6.15376e-20
1.83	1.29629e-19
1.835	2.70562e-19
1.84	5.59569e-19
1.845	1.14676e-18
1.85	2.32885e-18
1.855	4.68672e-18
1.86	9.34696e-18
1.865	1.84739e-17
1.87	3.61861e-17
1.875	7.02483e-17
1.88	1.35161e-16
1.885	2.57748e-16
1.89	4.87173e-16
1.895	9.12691e-16
1.9	1.69483e-15
1.905	3.11961e-15
1.91	5.69189e-15
1.915	1.02945e-14
1.92	1.84565e-14
1.925	3.28022e-14
1.93	5.77929e-14
1.935	1.00942e-13
1.94	1.74783e-13
1.945	3.00032e-13
1.95	5.10605e-13
1.955	8.61508e-13
1.96	1.44111e-12
1.965	2.39004e-12
1.97	3.93e-12
1.975	6.40716e-12
1.98	1.03569e-11
1.985	1.65997e-11
1.99	2.638e-11
1.995	4.15688e-11
2	6.49508e-11
2.005	1.00632e-10
2.01	1.54606e-10
2.015	2.35541e-10
2.02	3.5585e-10
2.025	5.33134e-10
2.03	7.9211e-10
2.035	1.16715e-09
2.04	1.70556e-09
2.045	2.47187e-09
2.05	3.55314e-09
2.055	5.06573e-09
2.06	7.16357e-09
2.065	1.00483e-08
2.07	1.39814e-08
2.075	1.92983e-08
2.08	2.64256e-08
2.085	3.58992e-08
2.09	4.83868e-08
2.095	6.47106e-08
2.1	8.58738e-08
2.105	1.13087e-07
2.11	1.47796e-07
2.115	1.9171e-07
2.12	2.46831e-07
2.125	3.15475e-07
2.13	4.00298e-07
2.135	5.04312e-07
2.14	6.30899e-07
2.145	7.83818e-07
2.15	9.67202e-07
2.155	1.18555e-06
2.16	1.44373e-06
2.165	1.7469e-06
2.17	2.10053e-06
2.175	2.51036e-06
2.18	2.9823e-06
2.185	3.52243e-06
2.19	4.13695e-06
2.195	4.83206e-06
2.2	5.61398e-06
2.205	6.48885e-06
2.21	7.46269e-06
2.215	8.54137e-06
2.22	9.73056e-06
2.225	1.10357e-05
2.23	1.2462e-05
2.235	1.40145e-05
2.24	1.56979e-05
2.245	1.75167e-05
2.25	1.94754e-05
2.255	2.15781e-05
2.26	2.38289e-05
2.265	2.62321e-05
2.27	2.87916e-05
2.275	3.15117e-05
2.28	3.43966e-05
2.285	3.74507e-05
2.29	4.06786e-05
2.295	4.40849e-05
2.3	4.76746e-05
2.305	5.14526e-05
2.31	5.5424e-05
2.315	5.95938e-05
2.32	6.39671e-05
2.325	6.85487e-05
2.33	7.33432e-05
2.335	7.83549e-05
2.34	8.35877e-05
2.345	8.90448e-05
2.35	9.4729e-05
2.355	0.000100642
2.36	0.000106786
2.365	0.000113161
2.37	0.000119767
2.375	0.000126604
2.38	0.000133669
2.385	0.00014096
2.39	0.000148475
2.395	0.000156211
2.4	0.000164164
2.405	0.00017233
2.41	0.000180706
2.415	0.000189285
2.42	0.000198065
2.425	0.00020704
2.43	0.000216206
2.435	0.000225557
2.44	0.000235088
2.445	0.000244795
2.45	0.000254671
2.455	0.00026471
2.46	0.000274907
2.465	0.000285254
2.47	0.000295744
2.475	0.000306369
2.48	0.00031712
2.485	0.000327988
2.49	0.000338964
2.495	0.000350035
2.5	0.000361192
2.505	0.000372421
2.51	0.00038371
2.515	0.000395045
2.52	0.000406414
2.525	0.000417802
2.53	0.000429195
2.535	0.000440579
2.54	0.000451938
2.545	0.00046326
2.55	0.000474529
2.555	0.000485731
2.56	0.000496853
2.565	0.00050788
2.57	0.0005188
2.575	0.000529598
2.58	0.000540261
2.585	0.000550777
2.59	0.000561132
2.595	0.000571314
2.6	0.000581309
2.605	0.000591105
2.61	0.000600689
2.615	0.000610048
2.62	0.000619169
2.625	0.000628039
2.63	0.000636647
2.635	0.000644978
2.64	0.00065302
2.645	0.000660761
2.65	0.00066819
2.655	0.000675293
2.66	0.000682059
2.665	0.000688477
2.67	0.000694535
2.675	0.000700223
2.68	0.000705529
2.685	0.000710444
2.69	0.000714957
2.695	0.000719058
2.7	0.000722737
2.705	0.000725984
2.71	0.000728791
2.715	0.000731148
2.72	0.000733046
2.725	0.000734477
2.73	0.000735434
2.735	0.000735908
2.74	0.000735895
2.745	0.000735388
2.75	0.000734383
2.755	0.000732875
2.76	0.000730862
2.765	0.000728341
2.77	0.00072531
2.775	0.000721768
2.78	0.000717715
2.785	0.000713151
2.79	0.000708076
2.795	0.000702491
2.8	0.000696396
2.805	0.000689792
2.81	0.00068268
2.815	0.000675061
2.82	0.000666938
2.825	0.000658312
2.83	0.000649184
2.835	0.000639559
2.84	0.00062944
2.845	0.000618832
2.85	0.00060774
2.855	0.000596171
2.86	0.000584132
2.865	0.000571633
2.87	0.000558683
2.875	0.000545293
2.88	0.000531475
2.885	0.000517241
2.89	0.000502605
2.895	0.000487578
2.9	0.000472176
2.905	0.00045641
2.91	0.000440297
2.915	0.000423847
2.92	0.000407077
2.925	0.000389997
2.93	0.000372623
2.935	0.000354967
2.94	0.000337042
2.945	0.000318861
2.95	0.000300439
2.955	0.000281787
2.96	0.000262921
2.965	0.000243854
2.97	0.0002246
2.975	0.000205173
2.98	0.000185588
2.985	0.000165859
2.99	0.000146001
2.995	0.000126028
3	0.000105954
3.005	8.57936e-05
3.01	6.55603e-05
3.015	4.52678e-05
3.02	2.49296e-05
3.025	4.55878e-06
3.03	-1.58317e-05
3.035	-3.62291e-05
3.04	-5.66206e-05
3.045	-7.69938e-05
3.05	-9.7336e-05
3.055	-0.000117635
3.06	-0.000137878
3.065	-0.000158053
3.07	-0.000178147
3.075	-0.00019815
3.08	-0.000218047
3.085	-0.000237829
3.09	-0.000257483
3.095	-0.000276998
3.1	-0.000296364
3.105	-0.000315569
3.11	-0.000334603
3.115	-0.000353456
3.12	-0.000372118
3.125	-0.000390579
3.13	-0.000408831
3.135	-0.000426863
3.14	-0.000444667
3.145	-0.000462235
3.15	-0.000479556
3.155	-0.000496623
3.16	-0.000513428
3.165	-0.000529962
3.17	-0.000546217
3.175	-0.000562185
3.18	-0.00057786
3.185	-0.000593233
3.19	-0.0006083
3.195	-0.000623052
3.2	-0.000637484
3.205	-0.00065159
3.21	-0.000665365
3.215	-0.000678804
3.22	-0.000691901
3.225	-0.000704651
3.23	-0.000717051
3.235	-0.000729095
3.24	-0.00074078
3.245	-0.000752102
3.25	-0.000763057
3.255	-0.00077364
3.26	-0.00078385
3.265	-0.000793681
3.27	-0.000803132
3.275	-0.0008122
3.28	-0.00082088
3.285	-0.000829172
3.29	-0.000837072
3.295	-0.000844579
3.3	-0.000851689
3.305	-0.000858402
3.31	-0.000864717
3.315	-0.00087063
3.32	-0.000876143
3.325	-0.000881253
3.33	-0.000885961
3.335	-0.000890267
3.34	-0.00089417
3.345	-0.000897672
3.35	-0.000900773
3.355	-0.000903476
3.36	-0.000905781
3.365	-0.000907691
3.37	-0.000909208
3.375	-0.000910336
3.38	-0.000911076
3.385	-0.000911433
3.39	-0.00091141
3.395	-0.000911011
3.4	-0.000910241
3.405	-0.000909102
3.41	-0.0009076
3.415	-0.00090574
3.42	-0.000903526
3.425	-0.000900965
3.43	-0.00089806
3.435	-0.00089482
3.44	-0.000891249
3.445	-0.000887354
3.45	-0.000883142
3.455	-0.00087862
3.46	-0.000873796
3.465	-0.000868677
3.47	-0.000863271
3.475	-0.000857587
3.48	-0.000851633
3.485	-0.000845417
3.49	-0.000838948
3.495	-0.000832234
3.5	-0.000825285
3.505	-0.000818108
3.51	-0.000810714
3.515	-0.00080311
3.52	-0.000795306
3.525	-0.00078731
3.53	-0.000779132
3.535	-0.000770781
3.54	-0.000762264
3.545	-0.000753592
3.55	-0.000744773
3.555	-0.000735817
3.56	-0.000726732
3.565	-0.000717527
3.57	-0.000708212
3.575	-0.000698796
3.58	-0.000689288
3.585	-0.000679696
3.59	-0.000670031
3.595	-0.0006603
3.6	-0.000650512
3.605	-0.000640675
3.61	-0.000630797
3.615	-0.000620886
3.62	-0.000610949
3.625	-0.000600993
3.63	-0.000591025
3.635	-0.000581052
3.64	-0.000571078
3.645	-0.000561111
3.65	-0.000551156
3.655	-0.000541219
3.66	-0.000531303
3.665	-0.000521415
3.67	-0.00051156
3.675	-0.000501742
3.68	-0.000491966
3.685	-0.000482237
3.69	-0.000472559
3.695	-0.000462937
3.7	-0.000453374
3.705	-0.000443874
3.71	-0.000434442
3.715	-0.000425081
3.72	-0.000415794
3.725	-0.000406585
3.73	-0.000397457
3.735	-0.000388414
3.74	-0.000379457
3.745	-0.000370591
3.75	-0.000361817
3.755	-0.000353138
3.76	-0.000344556
3.765	-0.000336071
3.77	-0.000327685
3.775	-0.000319399
3.78	-0.000311212
3.785	-0.000303123
3.79	-0.00029513
3.795	-0.000287233
3.8	-0.000279428
3.805	-0.000271712
3.81	-0.000264081
3.815	-0.000256533
3.82	-0.000249061
3.825	-0.000241663
3.83	-0.000234334
3.835	-0.00022707
3.84	-0.000219867
3.845	-0.000212721
3.85	-0.00020563
3.855	-0.000198591
3.86	-0.0001916
3.865	-0.000184657
3.87	-0.00017776
3.875	-0.000170906
3.88	-0.000164095
3.885	-0.000157324
3.89	-0.000150591
3.895	-0.000143896
3.9	-0.000137235
3.905	-0.000130605
3.91	-0.000124004
3.915	-0.000117427
3.92	-0.000110872
3.925	-0.000104333
3.93	-9.78067e-05
3.935	-9.12873e-05
3.94	-8.47701e-05
3.945	-7.82503e-05
3.95	-7.1723e-05
3.955	-6.51835e-05
3.96	-5.86278e-05
3.965	-5.20518e-05
3.97	-4.54525e-05
3.975	-3.8827e-05
3.98	-3.21734e-05
3.985	-2.54901e-05
3.99	-1.87763e-05
3.995	-1.20317e-05
4	-5.25649e-06
4.005	1.54873e-06
4.01	8.38307e-06
4.015	1.52455e-05
4.02	2.21347e-05
4.025	2.90494e-05
4.03	3.59884e-05
4.035	4.29506e-05
4.04	4.99346e-05
4.045	5.69395e-05
4.05	6.39644e-05
4.055	7.10082e-05
4.06	7.80701e-05
4.065	8.51491e-05
4.07	9.22442e-05
4.075	9.93541e-05
4.08	0.000106478
4.085	0.000113613
4.09	0.000120757
4.095	0.000127908
4.1	0.000135062
4.105	0.000142216
4.11	0.000149364
4.115	0.000156503
4.12	0.000163625
4.125	0.000170726
4.13	0.000177799
4.135	0.000184836
4.14	0.000191831
4.145	0.000198777
4.15	0.000205665
4.155	0.000212489
4.16	0.000219241
4.165	0.000225913
4.17	0.0002325
4.175	0.000238993
4.18	0.000245386
4.185	0.000251674
4.19	0.000257849
4.195	0.000263906
4.2	0.00026984
4.205	0.000275644
4.21	0.000281313
4.215	0.000286842
4.22	0.000292226
4.225	0.000297459
4.23	0.000302536
4.235	0.000307452
4.24	0.000312203
4.245	0.000316785
4.25	0.000321193
4.255	0.000325424
4.26	0.000329476
4.265	0.000333346
4.27	0.000337033
4.275	0.000340534
4.28	0.000343848
4.285	0.000346976
4.29	0.000349916
4.295	0.000352668
4.3	0.000355232
4.305	0.000357608
4.31	0.000359796
4.315	0.000361795
4.32	0.000363607
4.325	0.000365232
4.33	0.000366669
4.335	0.00036792
4.34	0.000368986
4.345	0.000369869
4.35	0.000370571
4.355	0.000371095
4.36	0.000371444
4.365	0.000371623
4.37	0.000371637
4.375	0.00037149
4.38	0.000371189
4.385	0.000370739
4.39	0.000370147
4.395	0.000369418
4.4	0.000368557
4.405	0.000367572
4.41	0.000366465
4.415	0.000365243
4.42	0.000363909
4.425	0.000362467
4.43	0.000360921
4.435	0.000359273
4.44	0.000357528
4.445	0.000355687
4.45	0.000353756
4.455	0.000351737
4.46	0.000349635
4.465	0.000347455
4.47	0.0003452
4.475	0.000342878
4.48	0.000340494
4.485	0.000338053
4.49	0.000335563
4.495	0.00033303
4.5	0.00033046
4.505	0.000327859
4.51	0.000325234
4.515	0.00032259
4.52	0.000319933
4.525	0.000317268
4.53	0.0003146
4.535	0.000311935
4.54	0.000309276
4.545	0.00030663
4.55	0.000304001
4.555	0.000301394
4.56	0.000298815
4.565	0.000296268
4.57	0.000293759
4.575	0.000291292
4.58	0.000288874
4.585	0.000286508
4.59	0.0002842
4.595	0.000281952
4.6	0.00027977
4.605	0.000277656
4.61	0.000275613
4.615	0.000273643
4.62	0.00027175
4.625	0.000269934
4.63	0.000268199
4.635	0.000266544
4.64	0.000264972
4.645	0.000263485
4.65	0.000262084
4.655	0.000260771
4.66	0.000259546
4.665	0.000258411
4.67	0.000257367
4.675	0.000256414
4.68	0.000255552
4.685	0.00025478
4.69	0.000254098
4.695	0.000253504
4.7	0.000252996
4.705	0.000252573
4.71	0.000252231
4.715	0.000251969
4.72	0.000251783
4.725	0.00025167
4.73	0.000251629
4.735	0.000251657
4.74	0.000251751
4.745	0.000251909
4.75	0.000252129
4.755	0.000252407
4.76	0.000252743
4.765	0.000253134
4.77	0.000253577
4.775	0.000254069
4.78	0.000254608
4.785	0.00025519
4.79	0.000255812
4.795	0.000256469
4.8	0.000257159
4.805	0.000257877
4.81	0.000258619
4.815	0.00025938
4.82	0.000260156
4.825	0.000260944
4.83	0.000261738
4.835	0.000262534
4.84	0.000263327
4.845	0.000264114
4.85	0.00026489
4.855	0.000265651
4.86	0.000266391
4.865	0.000267107
4.87	0.000267794
4.875	0.000268448
4.88	0.000269063
4.885	0.000269637
4.89	0.000270165
4.895	0.000270643
4.9	0.000271068
4.905	0.000271437
4.91	0.000271745
4.915	0.000271991
4.92	0.000272172
4.925	0.000272284
4.93	0.000272326
4.935	0.000272294
4.94	0.000272187
4.945	0.000272002
4.95	0.000271736
4.955	0.000271387
4.96	0.000270951
4.965	0.000270427
4.97	0.000269811
4.975	0.000269102
4.98	0.000268297
4.985	0.000267393
4.99	0.00026639
4.995	0.000265286
5	0.00026408
5.005	0.000262772
5.01	0.000261361
5.015	0.000259846
5.02	0.000258229
5.025	0.00025651
5.03	0.000254689
5.035	0.000252767
5.04	0.000250745
5.045	0.000248622
5.05	0.000246399
5.055	0.000244077
5.06	0.000241655
5.065	0.000239135
5.07	0.000236515
5.075	0.000233797
5.08	0.000230981
5.085	0.000228066
5.09	0.000225054
5.095	0.000221944
5.1	0.000218737
5.105	0.000215434
5.11	0.000212037
5.115	0.000208545
5.12	0.000204962
5.125	0.000201289
5.13	0.000197528
5.135	0.00019368
5.14	0.000189748
5.145	0.000185734
5.15	0.000181639
5.155	0.000177467
5.16	0.000173218
5.165	0.000168894
5.17	0.000164498
5.175	0.00016003
5.18	0.000155493
5.185	0.000150888
5.19	0.000146216
5.195	0.000141478
5.2	0.000136676
5.205	0.000131811
5.21	0.000126884
5.215	0.000121897
5.22	0.00011685
5.225	0.000111745
5.23	0.000106584
5.235	0.000101369
5.24	9.60994e-05
5.245	9.07782e-05
5.25	8.54062e-05
5.255	7.99845e-05
5.26	7.4514e-05
5.265	6.89955e-05
5.27	6.34297e-05
5.275	5.78174e-05
5.28	5.21593e-05
5.285	4.64563e-05
5.29	4.07095e-05
5.295	3.492e-05
5.3	2.90895e-05
5.305	2.32196e-05
5.31	1.73122e-05
5.315	1.13694e-05
5.32	5.39345e-06
5.325	-6.13421e-07
5.33	-6.64889e-06
5.335	-1.27107e-05
5.34	-1.87966e-05
5.345	-2.49047e-05
5.35	-3.10331e-05
5.355	-3.71802e-05
5.36	-4.33448e-05
5.365	-4.95256e-05
5.37	-5.57219e-05
5.375	-6.19329e-05
5.38	-6.8158e-05
5.385	-7.43967e-05
5.39	-8.06481e-05
5.395	-8.69114e-05
5.4	-9.31854e-05
5.405	-9.94686e-05
5.41	-0.000105759
5.415	-0.000112055
5.42	-0.000118353
5.425	-0.000124652
5.43	-0.000130947
5.435	-0.000137237
5.44	-0.000143518
5.445	-0.000149786
5.45	-0.00015604
5.455	-0.000162276
5.46	-0.000168492
5.465	-0.000174685
5.47	-0.000180853
5.475	-0.000186994
5.48	-0.000193105
5.485	-0.000199186
5.49	-0.000205234
5.495	-0.000211247
5.5	-0.000217225
5.505	-0.000223164
5.51	-0.000229063
5.515	-0.00023492
5.52	-0.000240732
5.525	-0.000246497
5.53	-0.000252212
5.535	-0.000257873
5.54	-0.000263477
5.545	-0.000269022
5.55	-0.000274503
5.555	-0.000279917
5.56	-0.000285261
5.565	-0.000290532
5.57	-0.000295726
5.575	-0.00030084
5.58	-0.000305873
5.585	-0.00031082
5.59	-0.000315679
5.595	-0.000320446
5.6	-0.00032512
5.605	-0.000329696
5.61	-0.000334171
5.615	-0.000338543
5.62	-0.000342807
5.625	-0.00034696
5.63	-0.000350998
5.635	-0.000354919
5.64	-0.000358718
5.645	-0.000362393
5.65	-0.00036594
5.655	-0.000369357
5.66	-0.000372639
5.665	-0.000375785
5.67	-0.00037879
5.675	-0.000381653
5.68	-0.000384371
5.685	-0.000386939
5.69	-0.000389356
5.695	-0.000391618
5.7	-0.000393723
5.705	-0.000395668
5.71	-0.000397449
5.715	-0.000399064
5.72	-0.000400511
5.725	-0.000401787
5.73	-0.00040289
5.735	-0.000403819
5.74	-0.000404571
5.745	-0.000405146
5.75	-0.000405543
5.755	-0.000405759
5.76	-0.000405796
5.765	-0.000405651
5.77	-0.000405325
5.775	-0.000404816
5.78	-0.000404124
5.785	-0.000403248
5.79	-0.000402189
5.795	-0.000400944
5.8	-0.000399514
5.805	-0.000397897
5.81	-0.000396095
5.815	-0.000394106
5.82	-0.00039193
5.825	-0.000389569
5.83	-0.000387021
5.835	-0.00038429
5.84	-0.000381375
5.845	-0.000378278
5.85	-0.000375002
5.855	-0.00037155
5.86	-0.000367923
5.865	-0.000364124
5.87	-0.000360157
5.875	-0.000356025
5.88	-0.000351731
5.885	-0.000347277
5.89	-0.000342667
5.895	-0.000337903
5.9	-0.000332989
5.905	-0.000327927
5.91	-0.000322719
5.915	-0.00031737
5.92	-0.000311883
5.925	-0.00030626
5.93	-0.000300506
5.935	-0.000294624
5.94	-0.000288619
5.945	-0.000282496
5.95	-0.00027626
5.955	-0.000269915
5.96	-0.000263467
5.965	-0.000256921
5.97	-0.000250284
5.975	-0.00024356
5.98	-0.000236754
5.985	-0.000229874
5.99	-0.000222924
5.995	-0.000215909
6	-0.000208835
6.005	-0.000201708
6.01	-0.000194534
6.015	-0.000187316
6.02	-0.000180062
6.025	-0.000172777
6.03	-0.000165467
6.035	-0.000158137
6.04	-0.000150794
6.045	-0.000143444
6.05	-0.000136093
6.055	-0.000128747
6.06	-0.000121412
6.065	-0.000114094
6.07	-0.0001068
6.075	-9.95338e-05
6.08	-9.23027e-05
6.085	-8.51119e-05
6.09	-7.79672e-05
6.095	-7.08742e-05
6.1	-6.38385e-05
6.105	-5.68657e-05
6.11	-4.99615e-05
6.115	-4.31313e-05
6.12	-3.63807e-05
6.125	-2.97147e-05
6.13	-2.31386e-05
6.135	-1.66573e-05
6.14	-1.02755e-05
6.145	-3.9977e-06
6.15	2.17182e-06
6.155	8.22896e-06
6.16	1.41698e-05
6.165	1.99906e-05
6.17	2.56877e-05
6.175	3.12576e-05
6.18	3.66969e-05
6.185	4.2002e-05
6.19	4.71697e-05
6.195	5.21965e-05
6.2	5.70791e-05
6.205	6.18142e-05
6.21	6.63989e-05
6.215	7.08304e-05
6.22	7.51061e-05
6.225	7.9224e-05
6.23	8.31823e-05
6.235	8.698e-05
6.24	9.0616e-05
6.245	9.40899e-05
6.25	9.74015e-05
6.255	0.000100551
6.26	0.000103538
6.265	0.000106364
6.27	0.000109028
6.275	0.000111531
6.28	0.000113874
6.285	0.000116057
6.29	0.000118081
6.295	0.000119945
6.3	0.000121651
6.305	0.000123199
6.31	0.00012459
6.315	0.000125825
6.32	0.000126905
6.325	0.000127831
6.33	0.000128606
6.335	0.000129231
6.34	0.00012971
6.345	0.000130045
6.35	0.000130239
6.355	0.000130295
6.36	0.000130217
6.365	0.000130007
6.37	0.000129671
6.375	0.00012921
6.38	0.000128628
6.385	0.000127929
6.39	0.000127116
6.395	0.000126193
6.4	0.000125164
6.405	0.000124032
6.41	0.000122801
6.415	0.000121475
6.42	0.000120058
6.425	0.000118554
6.43	0.000116969
6.435	0.000115305
6.44	0.000113568
6.445	0.000111762
6.45	0.000109891
6.455	0.00010796
6.46	0.000105974
6.465	0.000103935
6.47	0.00010185
6.475	9.97215e-05
6.48	9.75542e-05
6.485	9.53526e-05
6.49	9.3121e-05
6.495	9.08639e-05
6.5	8.85859e-05
6.505	8.62917e-05
6.51	8.39861e-05
6.515	8.1674e-05
6.52	7.936e-05
6.525	7.70492e-05
6.53	7.47461e-05
6.535	7.24552e-05
6.54	7.01808e-05
6.545	6.79268e-05
6.55	6.56971e-05
6.555	6.3495e-05
6.56	6.13237e-05
6.565	5.91861e-05
6.57	5.70851e-05
6.575	5.50234e-05
6.58	5.30036e-05
6.585	5.10285e-05
6.59	4.91008e-05
6.595	4.72235e-05
6.6	4.53993e-05
6.605	4.36313e-05
6.61	4.19222e-05
6.615	4.02751e-05
6.62	3.86927e-05
6.625	3.71775e-05
6.63	3.57322e-05
6.635	3.43589e-05
6.64	3.30599e-05
6.645	3.1837e-05
6.65	3.0692e-05
6.655	2.96265e-05
6.66	2.8642e-05
6.665	2.77397e-05
6.67	2.69209e-05
6.675	2.61866e-05
6.68	2.5538e-05
6.685	2.49758e-05
6.69	2.4501e-05
6.695	2.41144e-05
6.7	2.38167e-05
6.705	2.36082e-05
6.71	2.34896e-05
6.715	2.34611e-05
6.72	2.3523e-05
6.725	2.36755e-05
6.73	2.39186e-05
6.735	2.42524e-05
6.74	2.46769e-05
6.745	2.51919e-05
6.75	2.57973e-05
6.755	2.64927e-05
6.76	2.72778e-05
6.765	2.81521e-05
6.77	2.91146e-05
6.775	3.01644e-05
6.78	3.13004e-05
6.785	3.25211e-05
6.79	3.38248e-05
6.795	3.52099e-05
6.8	3.66745e-05
6.805	3.82168e-05
6.81	3.98349e-05
6.815	4.15269e-05
6.82	4.32909e-05
6.825	4.51252e-05
6.83	4.70279e-05
6.835	4.89972e-05
6.84	5.10314e-05
6.845	5.31284e-05
6.85	5.52862e-05
6.855	5.75027e-05
6.86	5.97757e-05
6.865	6.21028e-05
6.87	6.44813e-05
6.875	6.69087e-05
6.88	6.93822e-05
6.885	7.18989e-05
6.89	7.44559e-05
6.895	7.705e-05
6.9	7.96782e-05
6.905	8.23376e-05
6.91	8.50251e-05
6.915	8.77377e-05
6.92	9.04728e-05
6.925	9.32275e-05
6.93	9.59993e-05
6.935	9.87855e-05
6.94	0.000101584
6.945	0.000104391
6.95	0.000107205
6.955	0.000110023
6.96	0.000112842
6.965	0.000115659
6.97	0.00011847
6.975	0.000121273
6.98	0.000124064
6.985	0.00012684
6.99	0.000129597
6.995	0.000132331
7	0.000135041
7.005	0.000137721
7.01	0.000140371
7.015	0.000142986
7.02	0.000145563
7.025	0.000148102
7.03	0.000150599
7.035	0.000153053
7.04	0.00015546
7.045	0.000157819
7.05	0.000160128
7.055	0.000162384
7.06	0.000164585
7.065	0.000166728
7.07	0.00016881
7.075	0.000170828
7.08	0.000172779
7.085	0.000174661
7.09	0.00017647
7.095	0.000178202
7.1	0.000179856
7.105	0.000181429
7.11	0.000182918
7.115	0.000184321
7.12	0.000185636
7.125	0.000186863
7.13	0.000187998
7.135	0.000189041
7.14	0.000189991
7.145	0.000190845
7.15	0.000191604
7.155	0.000192264
7.16	0.000192824
7.165	0.000193283
7.17	0.000193639
7.175	0.000193889
7.18	0.000194031
7.185	0.000194064
7.19	0.000193986
7.195	0.000193796
7.2	0.000193493
7.205	0.000193074
7.21	0.000192541
7.215	0.000191893
7.22	0.000191128
7.225	0.000190248
7.23	0.000189253
7.235	0.000188142
7.24	0.000186916
7.245	0.000185576
7.25	0.000184121
7.255	0.000182552
7.26	0.000180869
7.265	0.000179073
7.27	0.000177163
7.275	0.00017514
7.28	0.000173005
7.285	0.000170758
7.29	0.0001684
7.295	0.000165933
7.3	0.000163357
7.305	0.000160674
7.31	0.000157887
7.315	0.000154996
7.32	0.000152003
7.325	0.000148912
7.33	0.000145724
7.335	0.00014244
7.34	0.000139065
7.345	0.000135599
7.35	0.000132044
7.355	0.000128404
7.36	0.00012468
7.365	0.000120875
7.37	0.000116992
7.375	0.000113031
7.38	0.000108998
7.385	0.000104894
7.39	0.000100721
7.395	9.64848e-05
7.4	9.21868e-05
7.405	8.7831e-05
7.41	8.34208e-05
7.415	7.89598e-05
7.42	7.44517e-05
7.425	6.99e-05
7.43	6.53083e-05
7.435	6.06801e-05
7.44	5.60188e-05
7.445	5.13277e-05
7.45	4.66104e-05
7.455	4.18702e-05
7.46	3.71107e-05
7.465	3.23352e-05
7.47	2.75476e-05
7.475	2.27515e-05
7.48	1.79506e-05
7.485	1.3149e-05
7.49	8.35038e-06
7.495	3.55879e-06
7.5	-1.22192e-06
7.505	-5.98792e-06
7.51	-1.07354e-05
7.515	-1.54607e-05
7.52	-2.01603e-05
7.525	-2.48305e-05
7.53	-2.94679e-05
7.535	-3.40691e-05
7.54	-3.86308e-05
7.545	-4.31497e-05
7.55	-4.76226e-05
7.555	-5.20463e-05
7.56	-5.64178e-05
7.565	-6.07341e-05
7.57	-6.49922e-05
7.575	-6.91893e-05
7.58	-7.33224e-05
7.585	-7.73887e-05
7.59	-8.13855e-05
7.595	-8.531e-05
7.6	-8.91593e-05
7.605	-9.29309e-05
7.61	-9.6622e-05
7.615	-0.00010023
7.62	-0.000103753
7.625	-0.000107188
7.63	-0.000110533
7.635	-0.000113786
7.64	-0.000116946
7.645	-0.000120009
7.65	-0.000122975
7.655	-0.000125843
7.66	-0.000128609
7.665	-0.000131274
7.67	-0.000133836
7.675	-0.000136293
7.68	-0.000138645
7.685	-0.000140891
7.69	-0.000143029
7.695	-0.00014506
7.7	-0.000146981
7.705	-0.000148794
7.71	-0.000150497
7.715	-0.00015209
7.72	-0.000153573
7.725	-0.000154945
7.73	-0.000156206
7.735	-0.000157358
7.74	-0.000158399
7.745	-0.000159331
7.75	-0.000160153
7.755	-0.000160866
7.76	-0.000161472
7.765	-0.00016197
7.77	-0.000162362
7.775	-0.000162649
7.78	-0.000162832
7.785	-0.000162911
7.79	-0.000162889
7.795	-0.000162767
7.8	-0.000162545
7.805	-0.000162226
7.81	-0.000161812
7.815	-0.000161303
7.82	-0.000160701
7.825	-0.000160009
7.83	-0.000159228
7.835	-0.000158361
7.84	-0.000157408
7.845	-0.000156373
7.85	-0.000155257
7.855	-0.000154063
7.86	-0.000152794
7.865	-0.000151451
7.87	-0.000150038
7.875	-0.000148556
7.88	-0.000147009
7.885	-0.000145399
7.89	-0.000143729
7.895	-0.000142002
7.9	-0.000140219
7.905	-0.000138385
7.91	-0.000136501
7.915	-0.000134571
7.92	-0.000132597
7.925	-0.000130582
7.93	-0.000128529
7.935	-0.000126441
7.94	-0.00012432
7.945	-0.00012217
7.95	-0.000119992
7.955	-0.000117791
7.96	-0.000115569
7.965	-0.000113327
7.97	-0.00011107
7.975	-0.000108799
7.98	-0.000106518
7.985	-0.000104228
7.99	-0.000101933
7.995	-9.9635e-05
8	-9.7336e-05
8.005	-9.50387e-05
8.01	-9.27454e-05
8.015	-9.04584e-05
8.02	-8.81802e-05
8.025	-8.59129e-05
8.03	-8.36588e-05
8.035	-8.14202e-05
8.04	-7.91993e-05
8.045	-7.69981e-05
8.05	-7.48189e-05
8.055	-7.26636e-05
8.06	-7.05342e-05
8.065	-6.84324e-05
8.07	-6.63601e-05
8.075	-6.43188e-05
8.08	-6.231e-05
8.085	-6.0335e-05
8.09	-5.83952e-05
8.095	-5.64917e-05
8.1	-5.46257e-05
8.105	-5.27981e-05
8.11	-5.10099e-05
8.115	-4.92622e-05
8.12	-4.75557e-05
8.125	-4.58915e-05
8.13	-4.42703e-05
8.135	-4.26932e-05
8.14	-4.11609e-05
8.145	-3.96744e-05
8.15	-3.82344e-05
8.155	-3.68416e-05
8.16	-3.54966e-05
8.165	-3.41996e-05
8.17	-3.2951e-05
8.175	-3.17509e-05
8.18	-3.05994e-05
8.185	-2.94963e-05
8.19	-2.84414e-05
8.195	-2.74346e-05
8.2	-2.64755e-05
8.205	-2.55641e-05
8.21	-2.47e-05
8.215	-2.38831e-05
8.22	-2.3113e-05
8.225	-2.23896e-05
8.23	-2.17125e-05
8.235	-2.10813e-05
8.24	-2.04955e-05
8.245	-1.99546e-05
8.25	-1.94578e-05
8.255	-1.90044e-05
8.26	-1.85935e-05
8.265	-1.82243e-05
8.27	-1.78958e-05
8.275	-1.76071e-05
8.28	-1.73573e-05
8.285	-1.71455e-05
8.29	-1.69709e-05
8.295	-1.68326e-05
8.3	-1.67297e-05
8.305	-1.66614e-05
8.31	-1.66268e-05
8.315	-1.66249e-05
8.32	-1.66546e-05
8.325	-1.67145e-05
8.33	-1.68034e-05
8.335	-1.69196e-05
8.34	-1.70618e-05
8.345	-1.72282e-05
8.35	-1.74173e-05
8.355	-1.76276e-05
8.36	-1.78574e-05
8.365	-1.81053e-05
8.37	-1.837e-05
8.375	-1.86501e-05
8.38	-1.89444e-05
8.385	-1.92517e-05
8.39	-1.9571e-05
8.395	-1.9901e-05
8.4	-2.02405e-05
8.405	-2.05884e-05
8.41	-2.09433e-05
8.415	-2.13039e-05
8.42	-2.16689e-05
8.425	-2.20368e-05
8.43	-2.24062e-05
8.435	-2.27757e-05
8.44	-2.31438e-05
8.445	-2.35092e-05
8.45	-2.38703e-05
8.455	-2.42261e-05
8.46	-2.45751e-05
8.465	-2.49162e-05
8.47	-2.52485e-05
8.475	-2.5571e-05
8.48	-2.58826e-05
8.485	-2.61825e-05
8.49	-2.64697e-05
8.495	-2.67432e-05
8.5	-2.70021e-05
8.505	-2.72453e-05
8.51	-2.74717e-05
8.515	-2.76802e-05
8.52	-2.78697e-05
8.525	-2.8039e-05
8.53	-2.81871e-05
8.535	-2.83129e-05
8.54	-2.84154e-05
8.545	-2.84937e-05
8.55	-2.8547e-05
8.555	-2.85748e-05
8.56	-2.85766e-05
8.565	-2.85519e-05
8.57	-2.85005e-05
8.575	-2.84221e-05
8.58	-2.83165e-05
8.585	-2.81836e-05
8.59	-2.80231e-05
8.595	-2.78348e-05
8.6	-2.76183e-05
8.605	-2.73732e-05
8.61	-2.70991e-05
8.615	-2.67955e-05
8.62	-2.64619e-05
8.625	-2.60977e-05
8.63	-2.57025e-05
8.635	-2.52758e-05
8.64	-2.48173e-05
8.645	-2.43269e-05
8.65	-2.38042e-05
8.655	-2.32494e-05
8.66	-2.26626e-05
8.665	-2.20439e-05
8.67	-2.13937e-05
8.675	-2.07124e-05
8.68	-2.00006e-05
8.685	-1.92587e-05
8.69	-1.84873e-05
8.695	-1.76868e-05
8.7	-1.68575e-05
8.705	-1.59999e-05
8.71	-1.5114e-05
8.715	-1.42001e-05
8.72	-1.32583e-05
8.725	-1.22888e-05
8.73	-1.12918e-05
8.735	-1.02675e-05
8.74	-9.21629e-06
8.745	-8.13849e-06
8.75	-7.03462e-06
8.755	-5.90528e-06
8.76	-4.75114e-06
8.765	-3.57296e-06
8.77	-2.37156e-06
8.775	-1.14779e-06
8.78	9.74787e-08
8.785	1.36337e-06
8.79	2.64902e-06
8.795	3.95358e-06
8.8	5.27625e-06
8.805	6.61622e-06
8.81	7.97275e-06
8.815	9.34508e-06
8.82	1.07324e-05
8.825	1.2134e-05
8.83	1.35491e-05
8.835	1.49766e-05
8.84	1.64156e-05
8.845	1.78651e-05
8.85	1.93239e-05
8.855	2.07908e-05
8.86	2.22647e-05
8.865	2.37442e-05
8.87	2.52281e-05
8.875	2.67155e-05
8.88	2.82051e-05
8.885	2.96959e-05
8.89	3.11871e-05
8.895	3.26775e-05
8.9	3.41663e-05
8.905	3.56526e-05
8.91	3.71353e-05
8.915	3.86133e-05
8.92	4.00856e-05
8.925	4.1551e-05
8.93	4.30084e-05
8.935	4.44565e-05
8.94	4.58942e-05
8.945	4.73202e-05
8.95	4.87335e-05
8.955	5.01329e-05
8.96	5.15173e-05
8.965	5.28858e-05
8.97	5.42373e-05
8.975	5.5571e-05
8.98	5.6886e-05
8.985	5.81814e-05
8.99	5.94564e-05
8.995	6.07102e-05
9	6.1942e-05
9.005	6.31509e-05
9.01	6.4336e-05
9.015	6.54964e-05
9.02	6.66312e-05
9.025	6.77392e-05
9.03	6.88196e-05
9.035	6.98715e-05
9.04	7.08938e-05
9.045	7.18859e-05
9.05	7.28469e-05
9.055	7.37763e-05
9.06	7.46734e-05
9.065	7.55377e-05
9.07	7.63687e-05
9.075	7.7166e-05
9.08	7.79291e-05
9.085	7.86575e-05
9.09	7.93507e-05
9.095	8.00083e-05
9.1	8.06296e-05
9.105	8.12142e-05
9.11	8.17616e-05
9.115	8.22713e-05
9.12	8.2743e-05
9.125	8.31763e-05
9.13	8.35709e-05
9.135	8.39268e-05
9.14	8.42436e-05
9.145	8.45213e-05
9.15	8.47597e-05
9.155	8.49588e-05
9.16	8.51184e-05
9.165	8.52387e-05
9.17	8.53195e-05
9.175	8.53608e-05
9.18	8.53629e-05
9.185	8.53257e-05
9.19	8.52496e-05
9.195	8.51346e-05
9.2	8.49811e-05
9.205	8.47894e-05
9.21	8.45598e-05
9.215	8.42927e-05
9.22	8.39884e-05
9.225	8.36474e-05
9.23	8.32702e-05
9.235	8.28571e-05
9.24	8.24087e-05
9.245	8.19253e-05
9.25	8.14075e-05
9.255	8.08556e-05
9.26	8.02701e-05
9.265	7.96516e-05
9.27	7.90007e-05
9.275	7.8318e-05
9.28	7.76041e-05
9.285	7.686e-05
9.29	7.60864e-05
9.295	7.52841e-05
9.3	7.4454e-05
9.305	7.35971e-05
9.31	7.27142e-05
9.315	7.18062e-05
9.32	7.0874e-05
9.325	6.99184e-05
9.33	6.89403e-05
9.335	6.79403e-05
9.34	6.69193e-05
9.345	6.58781e-05
9.35	6.48174e-05
9.355	6.37382e-05
9.36	6.26411e-05
9.365	6.1527e-05
9.37	6.03968e-05
9.375	5.92512e-05
9.38	5.80914e-05
9.385	5.69181e-05
9.39	5.57325e-05
9.395	5.45356e-05
9.4	5.33286e-05
9.405	5.21124e-05
9.41	5.08882e-05
9.415	4.96568e-05
9.42	4.84193e-05
9.425	4.71765e-05
9.43	4.59291e-05
9.435	4.46778e-05
9.44	4.34234e-05
9.445	4.21664e-05
9.45	4.09074e-05
9.455	3.96473e-05
9.46	3.83866e-05
9.465	3.71261e-05
9.47	3.58666e-05
9.475	3.46091e-05
9.48	3.33544e-05
9.485	3.21035e-05
9.49	3.08572e-05
9.495	2.96164e-05
9.5	2.8382e-05
9.505	2.71546e-05
9.51	2.59351e-05
9.515	2.47239e-05
9.52	2.35217e-05
9.525	2.2329e-05
9.53	2.11462e-05
9.535	1.99736e-05
9.54	1.88118e-05
9.545	1.76609e-05
9.55	1.65212e-05
9.555	1.53931e-05
9.56	1.4277e-05
9.565	1.31732e-05
9.57	1.20823e-05
9.575	1.10047e-05
9.58	9.94101e-06
9.585	8.89174e-06
9.59	7.85742e-06
9.595	6.83851e-06
9.6	5.83542e-06
9.605	4.84847e-06
9.61	3.87789e-06
9.615	2.92377e-06
9.62	1.98614e-06
9.625	1.06493e-06
9.63	1.6002e-07
9.635	-7.28708e-07
9.64	-1.60136e-06
9.645	-2.45801e-06
9.65	-3.29865e-06
9.655	-4.12326e-06
9.66	-4.93174e-06
9.665	-5.72394e-06
9.67	-6.4997e-06
9.675	-7.25885e-06
9.68	-8.00121e-06
9.685	-8.72666e-06
9.69	-9.43513e-06
9.695	-1.01266e-05
9.7	-1.08013e-05
9.705	-1.14593e-05
9.71	-1.2101e-05
9.715	-1.27267e-05
9.72	-1.33369e-05
9.725	-1.3932e-05
9.73	-1.45123e-05
9.735	-1.50782e-05
9.74	-1.563e-05
9.745	-1.61678e-05
9.75	-1.66917e-05
9.755	-1.72019e-05
9.76	-1.76983e-05
9.765	-1.81811e-05
9.77	-1.86501e-05
9.775	-1.91055e-05
9.78	-1.95475e-05
9.785	-1.99763e-05
9.79	-2.03921e-05
9.795	-2.07954e-05
9.8	-2.11866e-05
9.805	-2.15661e-05
9.81	-2.19344e-05
9.815	-2.22918e-05
9.82	-2.26387e-05
9.825	-2.29756e-05
9.83	-2.33026e-05
9.835	-2.36201e-05
9.84	-2.39282e-05
9.845	-2.42273e-05
9.85	-2.45174e-05
9.855	-2.47987e-05
9.86	-2.50713e-05
9.865	-2.53356e-05
9.87	-2.55918e-05
9.875	-2.58402e-05
9.88	-2.60812e-05
9.885	-2.63153e-05
9.89	-2.65429e-05
9.895	-2.67644e-05
9.9	-2.69802e-05
9.905	-2.71906e-05
9.91	-2.73959e-05
9.915	-2.75962e-05
9.92	-2.77917e-05
9.925	-2.79823e-05
9.93	-2.81681e-05
9.935	-2.83489e-05
9.94	-2.85247e-05
9.945	-2.86953e-05
9.95	-2.88609e-05
9.955	-2.90214e-05
9.96	-2.91769e-05
9.965	-2.93278e-05
9.97	-2.94743e-05
9.975	-2.96166e-05
9.98	-2.97553e-05
9.985	-2.98906e-05
9.99	-3.00228e-05
9.995	-3.01523e-05
10	-3.02794e-05
10.005	-3.0404e-05
10.01	-3.05264e-05
10.015	-3.06463e-05
10.02	-3.07637e-05
10.025	-3.08783e-05
10.03	-3.099e-05
10.035	-3.10983e-05
10.04	-3.12032e-05
10.045	-3.13044e-05
10.05	-3.14019e-05
10.055	-3.14956e-05
10.06	-3.15855e-05
10.065	-3.16718e-05
10.07	-3.17546e-05
10.075	-3.18342e-05
10.08	-3.19108e-05
10.085	-3.19845e-05
10.09	-3.20555e-05
10.095	-3.21238e-05
10.1	-3.21895e-05
10.105	-3.22522e-05
10.11	-3.23119e-05
10.115	-3.23683e-05
10.12	-3.2421e-05
10.125	-3.24698e-05
10.13	-3.25145e-05
10.135	-3.25548e-05
10.14	-3.25906e-05
10.145	-3.26217e-05
10.15	-3.26482e-05
10.155	-3.26701e-05
10.16	-3.26874e-05
10.165	-3.27003e-05
10.17	-3.2709e-05
10.175	-3.27135e-05
10.18	-3.27139e-05
10.185	-3.27102e-05
10.19	-3.27024e-05
10.195	-3.26904e-05
10.2	-3.26741e-05
10.205	-3.26534e-05
10.21	-3.26279e-05
10.215	-3.25976e-05
10.22	-3.25623e-05
10.225	-3.25217e-05
10.23	-3.24758e-05
10.235	-3.24243e-05
10.24	-3.23672e-05
10.245	-3.23046e-05
10.25	-3.22365e-05
10.255	-3.2163e-05
10.26	-3.20843e-05
10.265	-3.20005e-05
10.27	-3.19117e-05
10.275	-3.18181e-05
10.28	-3.17198e-05
10.285	-3.16167e-05
10.29	-3.15087e-05
10.295	-3.13959e-05
10.3	-3.12781e-05
10.305	-3.11553e-05
10.31	-3.10273e-05
10.315	-3.08941e-05
10.32	-3.07557e-05
10.325	-3.06122e-05
10.33	-3.04639e-05
10.335	-3.03107e-05
10.34	-3.01531e-05
10.345	-2.99912e-05
10.35	-2.98252e-05
10.355	-2.96553e-05
10.36	-2.94816e-05
10.365	-2.93041e-05
10.37	-2.91229e-05
10.375	-2.8938e-05
10.38	-2.87494e-05
10.385	-2.85571e-05
10.39	-2.83611e-05
10.395	-2.81613e-05
10.4	-2.79578e-05
10.405	-2.77506e-05
10.41	-2.75398e-05
10.415	-2.73254e-05
10.42	-2.71078e-05
10.425	-2.68869e-05
10.43	-2.6663e-05
10.435	-2.64363e-05
10.44	-2.62068e-05
10.445	-2.59747e-05
10.45	-2.57401e-05
10.455	-2.55031e-05
10.46	-2.52638e-05
10.465	-2.50224e-05
10.47	-2.47788e-05
10.475	-2.45331e-05
10.48	-2.42855e-05
10.485	-2.40361e-05
10.49	-2.37848e-05
10.495	-2.35318e-05
10.5	-2.32773e-05
10.505	-2.30213e-05
10.51	-2.27639e-05
10.515	-2.25053e-05
10.52	-2.22455e-05
10.525	-2.19846e-05
10.53	-2.17227e-05
10.535	-2.14599e-05
10.54	-2.11963e-05
10.545	-2.0932e-05
10.55	-2.06672e-05
10.555	-2.04021e-05
10.56	-2.01368e-05
10.565	-1.98713e-05
10.57	-1.96059e-05
10.575	-1.93406e-05
10.58	-1.90756e-05
10.585	-1.8811e-05
10.59	-1.85469e-05
10.595	-1.82834e-05
10.6	-1.80205e-05
10.605	-1.77584e-05
10.61	-1.74969e-05
10.615	-1.72362e-05
10.62	-1.69761e-05
10.625	-1.67167e-05
10.63	-1.64578e-05
10.635	-1.61995e-05
10.64	-1.59418e-05
10.645	-1.56846e-05
10.65	-1.54279e-05
10.655	-1.51717e-05
10.66	-1.4916e-05
10.665	-1.4661e-05
10.67	-1.44067e-05
10.675	-1.41533e-05
10.68	-1.39009e-05
10.685	-1.36496e-05
10.69	-1.33996e-05
10.695	-1.31511e-05
10.7	-1.29039e-05
10.705	-1.26581e-05
10.71	-1.24137e-05
10.715	-1.21705e-05
10.72	-1.19284e-05
10.725	-1.16872e-05
10.73	-1.14468e-05
10.735	-1.1207e-05
10.74	-1.09677e-05
10.745	-1.07287e-05
10.75	-1.049e-05
10.755	-1.02515e-05
10.76	-1.00133e-05
10.765	-9.77547e-06
10.77	-9.53797e-06
10.775	-9.30089e-06
10.78	-9.06429e-06
10.785	-8.82817e-06
10.79	-8.59252e-06
10.795	-8.35729e-06
10.8	-8.12243e-06
10.805	-7.88784e-06
10.81	-7.65344e-06
10.815	-7.41911e-06
10.82	-7.18473e-06
10.825	-6.95019e-06
10.83	-6.7154e-06
10.835	-6.48026e-06
10.84	-6.24468e-06
10.845	-6.0086e-06
10.85	-5.77196e-06
10.855	-5.5347e-06
10.86	-5.29677e-06
10.865	-5.05811e-06
10.87	-4.81866e-06
10.875	-4.57832e-06
10.88	-4.33701e-06
10.885	-4.09464e-06
10.89	-3.85113e-06
10.895	-3.60639e-06
10.9	-3.36034e-06
10.905	-3.11289e-06
10.91	-2.86397e-06
10.915	-2.61349e-06
10.92	-2.3614e-06
10.925	-2.10764e-06
10.93	-1.85218e-06
10.935	-1.595e-06
10.94	-1.3361e-06
10.945	-1.07547e-06
10.95	-8.13108e-07
10.955	-5.48982e-07
10.96	-2.83039e-07
10.965	-1.51907e-08
10.97	2.54678e-07
10.975	5.26704e-07
10.98	8.01039e-07
10.985	1.07784e-06
10.99	1.35727e-06
10.995	1.63948e-06
11	1.9246e-06
11.005	2.21273e-06
11.01	2.50394e-06
11.015	2.79822e-06
11.02	3.09554e-06
11.025	3.39582e-06
11.03	3.69895e-06
11.035	4.00482e-06
11.04	4.31332e-06
11.045	4.62437e-06
11.05	4.93795e-06
11.055	5.25405e-06
11.06	5.57272e-06
11.065	5.89405e-06
11.07	6.21814e-06
11.075	6.54512e-06
11.08	6.87512e-06
11.085	7.20827e-06
11.09	7.54469e-06
11.095	7.88448e-06
11.1	8.22767e-06
11.105	8.57426e-06
11.11	8.92419e-06
11.115	9.27734e-06
11.12	9.63359e-06
11.125	9.99277e-06
11.13	1.03547e-05
11.135	1.07193e-05
11.14	1.10865e-05
11.145	1.1456e-05
11.15	1.1828e-05
11.155	1.22022e-05
11.16	1.25787e-05
11.165	1.29575e-05
11.17	1.33385e-05
11.175	1.37217e-05
11.18	1.41072e-05
11.185	1.44947e-05
11.19	1.48844e-05
11.195	1.52759e-05
11.2	1.56693e-05
11.205	1.60642e-05
11.21	1.64605e-05
11.215	1.6858e-05
11.22	1.72565e-05
11.225	1.76557e-05
11.23	1.80555e-05
11.235	1.84556e-05
11.24	1.88558e-05
11.245	1.9256e-05
11.25	1.96559e-05
11.255	2.00554e-05
11.26	2.04544e-05
11.265	2.08527e-05
11.27	2.12501e-05
11.275	2.16464e-05
11.28	2.20414e-05
11.285	2.24349e-05
11.29	2.28266e-05
11.295	2.32162e-05
11.3	2.36034e-05
11.305	2.39878e-05
11.31	2.43692e-05
11.315	2.47473e-05
11.32	2.51218e-05
11.325	2.54923e-05
11.33	2.58586e-05
11.335	2.62204e-05
11.34	2.65775e-05
11.345	2.69297e-05
11.35	2.72766e-05
11.355	2.76182e-05
11.36	2.79541e-05
11.365	2.82842e-05
11.37	2.86082e-05
11.375	2.89258e-05
11.38	2.92366e-05
11.385	2.95404e-05
11.39	2.98369e-05
11.395	3.01258e-05
11.4	3.04067e-05
11.405	3.06794e-05
11.41	3.09436e-05
11.415	3.1199e-05
11.42	3.14453e-05
11.425	3.16823e-05
11.43	3.19098e-05
11.435	3.21275e-05
11.44	3.23352e-05
11.445	3.25327e-05
11.45	3.27198e-05
11.455	3.28963e-05
11.46	3.30619e-05
11.465	3.32163e-05
11.47	3.33594e-05
11.475	3.34909e-05
11.48	3.36104e-05
11.485	3.37179e-05
11.49	3.3813e-05
11.495	3.38956e-05
11.5	3.39654e-05
11.505	3.40222e-05
11.51	3.40658e-05
11.515	3.40962e-05
11.52	3.41132e-05
11.525	3.41168e-05
11.53	3.41068e-05
11.535	3.40833e-05
11.54	3.40463e-05
11.545	3.39958e-05
11.55	3.39316e-05
11.555	3.38538e-05
11.56	3.37622e-05
11.565	3.36568e-05
11.57	3.35376e-05
11.575	3.34044e-05
11.58	3.32572e-05
11.585	3.30959e-05
11.59	3.29204e-05
11.595	3.27308e-05
11.6	3.2527e-05
11.605	3.23092e-05
11.61	3.20773e-05
11.615	3.18317e-05
11.62	3.15724e-05
11.625	3.12995e-05
11.63	3.10134e-05
11.635	3.0714e-05
11.64	3.04014e-05
11.645	3.00759e-05
11.65	2.97375e-05
11.655	2.93863e-05
11.66	2.90223e-05
11.665	2.86458e-05
11.67	2.82569e-05
11.675	2.78557e-05
11.68	2.74424e-05
11.685	2.70173e-05
11.69	2.65807e-05
11.695	2.61328e-05
11.7	2.5674e-05
11.705	2.52047e-05
11.71	2.47251e-05
11.715	2.42357e-05
11.72	2.37368e-05
11.725	2.32286e-05
11.73	2.27117e-05
11.735	2.21861e-05
11.74	2.16522e-05
11.745	2.11102e-05
11.75	2.05605e-05
11.755	2.00033e-05
11.76	1.94389e-05
11.765	1.88676e-05
11.77	1.82898e-05
11.775	1.77058e-05
11.78	1.71161e-05
11.785	1.6521e-05
11.79	1.59209e-05
11.795	1.53165e-05
11.8	1.47081e-05
11.805	1.40963e-05
11.81	1.34814e-05
11.815	1.28639e-05
11.82	1.22442e-05
11.825	1.16227e-05
11.83	1.09998e-05
11.835	1.03758e-05
11.84	9.75111e-06
11.845	9.12604e-06
11.85	8.50091e-06
11.855	7.87602e-06
11.86	7.25169e-06
11.865	6.62824e-06
11.87	6.00605e-06
11.875	5.38549e-06
11.88	4.76698e-06
11.885	4.15094e-06
11.89	3.5378e-06
11.895	2.92795e-06
11.9	2.32178e-06
11.905	1.71965e-06
11.91	1.12189e-06
11.915	5.28811e-07
11.92	-5.92695e-08
11.925	-6.42063e-07
11.93	-1.21929e-06
11.935	-1.7907e-06
11.94	-2.35603e-06
11.945	-2.91504e-06
11.95	-3.46745e-06
11.955	-4.013e-06
11.96	-4.55142e-06
11.965	-5.0824e-06
11.97	-5.60567e-06
11.975	-6.12096e-06
11.98	-6.62802e-06
11.985	-7.12666e-06
11.99	-7.61667e-06
11.995	-8.09789e-06
12	-8.57014e-06
12.005	-9.03326e-06
12.01	-9.48706e-06
12.015	-9.93138e-06
12.02	-1.0366e-05
12.025	-1.07909e-05
12.03	-1.12058e-05
12.035	-1.16106e-05
12.04	-1.20052e-05
12.045	-1.23895e-05
12.05	-1.27634e-05
12.055	-1.31267e-05
12.06	-1.34795e-05
12.065	-1.38216e-05
12.07	-1.41531e-05
12.075	-1.44741e-05
12.08	-1.47843e-05
12.085	-1.5084e-05
12.09	-1.5373e-05
12.095	-1.56513e-05
12.1	-1.59188e-05
12.105	-1.61756e-05
12.11	-1.64216e-05
12.115	-1.66568e-05
12.12	-1.68812e-05
12.125	-1.70949e-05
12.13	-1.72978e-05
12.135	-1.74902e-05
12.14	-1.7672e-05
12.145	-1.78434e-05
12.15	-1.80046e-05
12.155	-1.81556e-05
12.16	-1.82966e-05
12.165	-1.84279e-05
12.17	-1.85494e-05
12.175	-1.86613e-05
12.18	-1.87636e-05
12.185	-1.88565e-05
12.19	-1.894e-05
12.195	-1.90142e-05
12.2	-1.90792e-05
12.205	-1.91352e-05
12.21	-1.91824e-05
12.215	-1.92209e-05
12.22	-1.92509e-05
12.225	-1.92726e-05
12.23	-1.92863e-05
12.235	-1.92921e-05
12.24	-1.92901e-05
12.245	-1.92807e-05
12.25	-1.9264e-05
12.255	-1.92401e-05
12.26	-1.92092e-05
12.265	-1.91714e-05
12.27	-1.9127e-05
12.275	-1.9076e-05
12.28	-1.90187e-05
12.285	-1.89553e-05
12.29	-1.88859e-05
12.295	-1.88107e-05
12.3	-1.87301e-05
12.305	-1.86441e-05
12.31	-1.85531e-05
12.315	-1.84573e-05
12.32	-1.83568e-05
12.325	-1.82518e-05
12.33	-1.81427e-05
12.335	-1.80296e-05
12.34	-1.79127e-05
12.345	-1.77922e-05
12.35	-1.76684e-05
12.355	-1.75413e-05
12.36	-1.74111e-05
12.365	-1.72782e-05
12.37	-1.71425e-05
12.375	-1.70042e-05
12.38	-1.68636e-05
12.385	-1.67208e-05
12.39	-1.65759e-05
12.395	-1.64291e-05
12.4	-1.62806e-05
12.405	-1.61305e-05
12.41	-1.5979e-05
12.415	-1.58262e-05
12.42	-1.56724e-05
12.425	-1.55177e-05
12.43	-1.53623e-05
12.435	-1.52063e-05
12.44	-1.50501e-05
12.445	-1.48936e-05
12.45	-1.47371e-05
12.455	-1.45808e-05
12.46	-1.44247e-05
12.465	-1.42689e-05
12.47	-1.41137e-05
12.475	-1.3959e-05
12.48	-1.3805e-05
12.485	-1.36518e-05
12.49	-1.34994e-05
12.495	-1.33481e-05
12.5	-1.31979e-05
12.505	-1.30489e-05
12.51	-1.29013e-05
12.515	-1.27552e-05
12.52	-1.26108e-05
12.525	-1.24681e-05
12.53	-1.23274e-05
12.535	-1.21886e-05
12.54	-1.20518e-05
12.545	-1.19172e-05
12.55	-1.17847e-05
12.555	-1.16544e-05
12.56	-1.15264e-05
12.565	-1.14007e-05
12.57	-1.12774e-05
12.575	-1.11564e-05
12.58	-1.10379e-05
12.585	-1.09218e-05
12.59	-1.08082e-05
12.595	-1.06972e-05
12.6	-1.05889e-05
12.605	-1.04832e-05
12.61	-1.03802e-05
12.615	-1.028e-05
12.62	-1.01826e-05
12.625	-1.00881e-05
12.63	-9.99637e-06
12.635	-9.90748e-06
12.64	-9.82143e-06
12.645	-9.73818e-06
12.65	-9.65772e-06
12.655	-9.58001e-06
12.66	-9.50502e-06
12.665	-9.43272e-06
12.67	-9.36308e-06
12.675	-9.29606e-06
12.68	-9.23166e-06
12.685	-9.16986e-06
12.69	-9.11064e-06
12.695	-9.05402e-06
12.7	-8.99997e-06
12.705	-8.94847e-06
12.71	-8.8995e-06
12.715	-8.85299e-06
12.72	-8.80888e-06
12.725	-8.76709e-06
12.73	-8.72753e-06
12.735	-8.69009e-06
12.74	-8.65466e-06
12.745	-8.62109e-06
12.75	-8.58925e-06
12.755	-8.55901e-06
12.76	-8.53027e-06
12.765	-8.50293e-06
12.77	-8.47692e-06
12.775	-8.45219e-06
12.78	-8.42872e-06
12.785	-8.40648e-06
12.79	-8.38545e-06
12.795	-8.36557e-06
12.8	-8.34679e-06
12.805	-8.329e-06
12.81	-8.31208e-06
12.815	-8.29589e-06
12.82	-8.28026e-06
12.825	-8.265e-06
12.83	-8.24994e-06
12.835	-8.23488e-06
12.84	-8.21962e-06
12.845	-8.20403e-06
12.85	-8.18795e-06
12.855	-8.1713e-06
12.86	-8.15398e-06
12.865	-8.13592e-06
12.87	-8.11702e-06
12.875	-8.09722e-06
12.88	-8.07642e-06
12.885	-8.05452e-06
12.89	-8.03143e-06
12.895	-8.00704e-06
12.9	-7.98125e-06
12.905	-7.95394e-06
12.91	-7.92502e-06
12.915	-7.89438e-06
12.92	-7.86187e-06
12.925	-7.82737e-06
12.93	-7.79071e-06
12.935	-7.75173e-06
12.94	-7.71029e-06
12.945	-7.66626e-06
12.95	-7.6195e-06
12.955	-7.56991e-06
12.96	-7.51738e-06
12.965	-7.46185e-06
12.97	-7.40323e-06
12.975	-7.3415e-06
12.98	-7.2766e-06
12.985	-7.2085e-06
12.99	-7.13713e-06
12.995	-7.06246e-06
13	-6.9844e-06
13.005	-6.90291e-06
13.01	-6.81788e-06
13.015	-6.72923e-06
13.02	-6.63688e-06
13.025	-6.54075e-06
13.03	-6.44077e-06
13.035	-6.3369e-06
13.04	-6.22911e-06
13.045	-6.11738e-06
13.05	-6.00167e-06
13.055	-5.88198e-06
13.06	-5.7583e-06
13.065	-5.63062e-06
13.07	-5.49897e-06
13.075	-5.36335e-06
13.08	-5.22377e-06
13.085	-5.08025e-06
13.09	-4.9328e-06
13.095	-4.78143e-06
13.1	-4.62615e-06
13.105	-4.46697e-06
13.11	-4.30388e-06
13.115	-4.13693e-06
13.12	-3.96615e-06
13.125	-3.79159e-06
13.13	-3.61332e-06
13.135	-3.43143e-06
13.14	-3.24599e-06
13.145	-3.05708e-06
13.15	-2.86481e-06
13.155	-2.66928e-06
13.16	-2.47059e-06
13.165	-2.26884e-06
13.17	-2.06415e-06
13.175	-1.85657e-06
13.18	-1.64621e-06
13.185	-1.43312e-06
13.19	-1.21739e-06
13.195	-9.99069e-07
13.2	-7.78238e-07
13.205	-5.54975e-07
13.21	-3.29379e-07
13.215	-1.01565e-07
13.22	1.28331e-07
13.225	3.60163e-07
13.23	5.93773e-07
13.235	8.28998e-07
13.24	1.06567e-06
13.245	1.30359e-06
13.25	1.5426e-06
13.255	1.78252e-06
13.26	2.02319e-06
13.265	2.26446e-06
13.27	2.5062e-06
13.275	2.74827e-06
13.28	2.99058e-06
13.285	3.23299e-06
13.29	3.4754e-06
13.295	3.71768e-06
13.3	3.95971e-06
13.305	4.20132e-06
13.31	4.44236e-06
13.315	4.68265e-06
13.32	4.922e-06
13.325	5.16025e-06
13.33	5.39719e-06
13.335	5.63266e-06
13.34	5.86646e-06
13.345	6.09842e-06
13.35	6.32839e-06
13.355	6.55622e-06
13.36	6.78182e-06
13.365	7.00506e-06
13.37	7.22585e-06
13.375	7.44409e-06
13.38	7.65966e-06
13.385	7.87245e-06
13.39	8.08233e-06
13.395	8.28918e-06
13.4	8.49284e-06
13.405	8.69318e-06
13.41	8.89006e-06
13.415	9.08337e-06
13.42	9.27299e-06
13.425	9.4588e-06
13.43	9.6407e-06
13.435	9.81858e-06
13.44	9.99237e-06
13.445	1.0162e-05
13.45	1.03273e-05
13.455	1.04884e-05
13.46	1.06451e-05
13.465	1.07973e-05
13.47	1.0945e-05
13.475	1.10881e-05
13.48	1.12265e-05
13.485	1.136e-05
13.49	1.14888e-05
13.495	1.16125e-05
13.5	1.17313e-05
13.505	1.1845e-05
13.51	1.19536e-05
13.515	1.20571e-05
13.52	1.21555e-05
13.525	1.22488e-05
13.53	1.2337e-05
13.535	1.24201e-05
13.54	1.24981e-05
13.545	1.25711e-05
13.55	1.26391e-05
13.555	1.2702e-05
13.56	1.27598e-05
13.565	1.28126e-05
13.57	1.28602e-05
13.575	1.29027e-05
13.58	1.294e-05
13.585	1.2972e-05
13.59	1.29988e-05
13.595	1.30204e-05
13.6	1.30368e-05
13.605	1.3048e-05
13.61	1.30541e-05
13.615	1.30551e-05
13.62	1.30513e-05
13.625	1.30425e-05
13.63	1.30291e-05
13.635	1.30109e-05
13.64	1.29883e-05
13.645	1.29611e-05
13.65	1.29295e-05
13.655	1.28935e-05
13.66	1.28532e-05
13.665	1.28086e-05
13.67	1.27598e-05
13.675	1.27066e-05
13.68	1.26493e-05
13.685	1.25877e-05
13.69	1.25221e-05
13.695	1.24524e-05
13.7	1.23788e-05
13.705	1.23015e-05
13.71	1.22205e-05
13.715	1.21359e-05
13.72	1.20479e-05
13.725	1.19567e-05
13.73	1.18622e-05
13.735	1.17646e-05
13.74	1.1664e-05
13.745	1.15603e-05
13.75	1.14537e-05
13.755	1.13442e-05
13.76	1.12318e-05
13.765	1.11167e-05
13.77	1.09989e-05
13.775	1.08786e-05
13.78	1.07559e-05
13.785	1.06308e-05
13.79	1.05037e-05
13.795	1.03745e-05
13.8	1.02434e-05
13.805	1.01106e-05
13.81	9.97607e-06
13.815	9.83993e-06
13.82	9.70223e-06
13.825	9.56303e-06
13.83	9.42237e-06
13.835	9.28032e-06
13.84	9.13694e-06
13.845	8.99231e-06
13.85	8.84653e-06
13.855	8.6997e-06
13.86	8.55192e-06
13.865	8.40331e-06
13.87	8.25398e-06
13.875	8.10403e-06
13.88	7.95359e-06
13.885	7.80274e-06
13.89	7.65157e-06
13.895	7.50014e-06
13.9	7.34851e-06
13.905	7.19673e-06
13.91	7.04484e-06
13.915	6.8929e-06
13.92	6.74095e-06
13.925	6.58905e-06
13.93	6.43725e-06
13.935	6.28562e-06
13.94	6.13421e-06
13.945	5.98309e-06
13.95	5.83232e-06
13.955	5.68197e-06
13.96	5.5321e-06
13.965	5.38278e-06
13.97	5.23407e-06
13.975	5.08603e-06
13.98	4.93871e-06
13.985	4.79216e-06
13.99	4.64641e-06
13.995	4.5015e-06
14	4.35746e-06
14.005	4.21434e-06
14.01	4.07215e-06
14.015	3.93091e-06
14.02	3.79064e-06
14.025	3.65135e-06
14.03	3.51306e-06
14.035	3.3758e-06
14.04	3.23962e-06
14.045	3.10456e-06
14.05	2.9707e-06
14.055	2.83811e-06
14.06	2.70689e-06
14.065	2.57712e-06
14.07	2.44885e-06
14.075	2.32213e-06
14.08	2.19696e-06
14.085	2.07333e-06
14.09	1.95121e-06
14.095	1.83054e-06
14.1	1.71127e-06
14.105	1.59333e-06
14.11	1.47668e-06
14.115	1.3613e-06
14.12	1.24719e-06
14.125	1.13437e-06
14.13	1.02289e-06
14.135	9.12826e-07
14.14	8.04237e-07
14.145	6.97193e-07
14.15	5.91757e-07
14.155	4.87978e-07
14.16	3.85883e-07
14.165	2.8547e-07
14.17	1.86715e-07
14.175	8.95693e-08
14.18	-6.02366e-09
14.185	-1.00128e-07
14.19	-1.92811e-07
14.195	-2.84136e-07
14.2	-3.7416e-07
14.205	-4.62925e-07
14.21	-5.50453e-07
14.215	-6.36746e-07
14.22	-7.21796e-07
14.225	-8.05583e-07
14.23	-8.88085e-07
14.235	-9.6928e-07
14.24	-1.04914e-06
14.245	-1.12765e-06
14.25	-1.2048e-06
14.255	-1.28059e-06
14.26	-1.35505e-06
14.265	-1.4282e-06
14.27	-1.50009e-06
14.275	-1.57076e-06
14.28	-1.64025e-06
14.285	-1.7086e-06
14.29	-1.77586e-06
14.295	-1.84209e-06
14.3	-1.90734e-06
14.305	-1.97163e-06
14.31	-2.03501e-06
14.315	-2.09749e-06
14.32	-2.15908e-06
14.325	-2.21978e-06
14.33	-2.2796e-06
14.335	-2.33853e-06
14.34	-2.39654e-06
14.345	-2.45364e-06
14.35	-2.50983e-06
14.355	-2.56513e-06
14.36	-2.61959e-06
14.365	-2.67323e-06
14.37	-2.72613e-06
14.375	-2.77832e-06
14.38	-2.82987e-06
14.385	-2.88085e-06
14.39	-2.93129e-06
14.395	-2.98124e-06
14.4	-3.03068e-06
14.405	-3.07963e-06
14.41	-3.12807e-06
14.415	-3.17597e-06
14.42	-3.22334e-06
14.425	-3.27017e-06
14.43	-3.31646e-06
14.435	-3.36222e-06
14.44	-3.4075e-06
14.445	-3.45233e-06
14.45	-3.49676e-06
14.455	-3.54083e-06
14.46	-3.58459e-06
14.465	-3.62805e-06
14.47	-3.67124e-06
14.475	-3.71416e-06
14.48	-3.75682e-06
14.485	-3.79922e-06
14.49	-3.84135e-06
14.495	-3.88321e-06
14.5	-3.92479e-06
14.505	-3.96611e-06
14.51	-4.00718e-06
14.515	-4.04801e-06
14.52	-4.08862e-06
14.525	-4.12902e-06
14.53	-4.16923e-06
14.535	-4.20926e-06
14.54	-4.24915e-06
14.545	-4.2889e-06
14.55	-4.32853e-06
14.555	-4.36805e-06
14.56	-4.40746e-06
14.565	-4.44675e-06
14.57	-4.48593e-06
14.575	-4.52498e-06
14.58	-4.56388e-06
14.585	-4.60262e-06
14.59	-4.64116e-06
14.595	-4.6795e-06
14.6	-4.71763e-06
14.605	-4.75556e-06
14.61	-4.7933e-06
14.615	-4.83086e-06
14.62	-4.86826e-06
14.625	-4.90551e-06
14.63	-4.94261e-06
14.635	-4.97958e-06
14.64	-5.01639e-06
14.645	-5.05303e-06
14.65	-5.08946e-06
14.655	-5.12567e-06
14.66	-5.16162e-06
14.665	-5.19729e-06
14.67	-5.23265e-06
14.675	-5.26768e-06
14.68	-5.30235e-06
14.685	-5.33664e-06
14.69	-5.37055e-06
14.695	-5.40407e-06
14.7	-5.43721e-06
14.705	-5.46996e-06
14.71	-5.50234e-06
14.715	-5.53433e-06
14.72	-5.56595e-06
14.725	-5.59717e-06
14.73	-5.62799e-06
14.735	-5.65836e-06
14.74	-5.68825e-06
14.745	-5.71761e-06
14.75	-5.74639e-06
14.755	-5.77452e-06
14.76	-5.80196e-06
14.765	-5.82866e-06
14.77	-5.85458e-06
14.775	-5.87969e-06
14.78	-5.904e-06
14.785	-5.9275e-06
14.79	-5.95022e-06
14.795	-5.97218e-06
14.8	-5.99339e-06
14.805	-6.01385e-06
14.81	-6.03356e-06
14.815	-6.0525e-06
14.82	-6.07064e-06
14.825	-6.08796e-06
14.83	-6.10441e-06
14.835	-6.11995e-06
14.84	-6.13452e-06
14.845	-6.1481e-06
14.85	-6.16062e-06
14.855	-6.17207e-06
14.86	-6.1824e-06
14.865	-6.1916e-06
14.87	-6.19965e-06
14.875	-6.20656e-06
14.88	-6.21231e-06
14.885	-6.21691e-06
14.89	-6.22036e-06
14.895	-6.22265e-06
14.9	-6.22376e-06
14.905	-6.22369e-06
14.91	-6.22244e-06
14.915	-6.22002e-06
14.92	-6.21642e-06
14.925	-6.21163e-06
14.93	-6.20564e-06
14.935	-6.19844e-06
14.94	-6.19001e-06
14.945	-6.18033e-06
14.95	-6.16939e-06
14.955	-6.15717e-06
14.96	-6.14366e-06
14.965	-6.12887e-06
14.97	-6.11278e-06
14.975	-6.09541e-06
14.98	-6.07676e-06
14.985	-6.05682e-06
14.99	-6.03559e-06
14.995	-6.01307e-06
15	-5.98928e-06
15.005	-5.96422e-06
15.01	-5.93789e-06
15.015	-5.91029e-06
15.02	-5.88143e-06
15.025	-5.85129e-06
15.03	-5.81988e-06
15.035	-5.78719e-06
15.04	-5.75322e-06
15.045	-5.71799e-06
15.05	-5.68149e-06
15.055	-5.64374e-06
15.06	-5.60474e-06
15.065	-5.5645e-06
15.07	-5.52303e-06
15.075	-5.48037e-06
15.08	-5.43651e-06
15.085	-5.39148e-06
15.09	-5.3453e-06
15.095	-5.29801e-06
15.1	-5.24961e-06
15.105	-5.20012e-06
15.11	-5.14953e-06
15.115	-5.09784e-06
15.12	-5.04505e-06
15.125	-4.99117e-06
15.13	-4.93619e-06
15.135	-4.88013e-06
15.14	-4.82299e-06
15.145	-4.76479e-06
15.15	-4.70554e-06
15.155	-4.64527e-06
15.16	-4.584e-06
15.165	-4.52175e-06
15.17	-4.45854e-06
15.175	-4.3944e-06
15.18	-4.32933e-06
15.185	-4.26337e-06
15.19	-4.19655e-06
15.195	-4.12887e-06
15.2	-4.06037e-06
15.205	-3.99105e-06
15.21	-3.92093e-06
15.215	-3.85003e-06
15.22	-3.77835e-06
15.225	-3.70591e-06
15.23	-3.63272e-06
15.235	-3.55878e-06
15.24	-3.48411e-06
15.245	-3.40872e-06
15.25	-3.33264e-06
15.255	-3.2559e-06
15.26	-3.17851e-06
15.265	-3.10051e-06
15.27	-3.02191e-06
15.275	-2.94274e-06
15.28	-2.86303e-06
15.285	-2.78279e-06
15.29	-2.70204e-06
15.295	-2.62079e-06
15.3	-2.53905e-06
15.305	-2.45685e-06
15.31	-2.37421e-06
15.315	-2.29113e-06
15.32	-2.20765e-06
15.325	-2.12376e-06
15.33	-2.03949e-06
15.335	-1.95486e-06
15.34	-1.86987e-06
15.345	-1.78457e-06
15.35	-1.69896e-06
15.355	-1.61306e-06
15.36	-1.5269e-06
15.365	-1.4405e-06
15.37	-1.35388e-06
15.375	-1.26705e-06
15.38	-1.18005e-06
15.385	-1.09289e-06
15.39	-1.00561e-06
15.395	-9.1822e-07
15.4	-8.30758e-07
15.405	-7.43248e-07
15.41	-6.55709e-07
15.415	-5.6816e-07
15.42	-4.80612e-07
15.425	-3.9308e-07
15.43	-3.05577e-07
15.435	-2.18115e-07
15.44	-1.30703e-07
15.445	-4.3344e-08
15.45	4.39609e-08
15.455	1.31207e-07
15.46	2.18383e-07
15.465	3.05468e-07
15.47	3.92436e-07
15.475	4.79254e-07
15.48	5.65888e-07
15.485	6.52304e-07
15.49	7.38466e-07
15.495	8.24336e-07
15.5	9.09885e-07
15.505	9.95085e-07
15.51	1.07992e-06
15.515	1.16437e-06
15.52	1.24844e-06
15.525	1.33213e-06
15.53	1.41543e-06
15.535	1.49836e-06
15.54	1.58092e-06
15.545	1.6631e-06
15.55	1.74489e-06
15.555	1.82625e-06
15.56	1.90714e-06
15.565	1.98753e-06
15.57	2.06737e-06
15.575	2.14664e-06
15.58	2.2253e-06
15.585	2.30334e-06
15.59	2.38073e-06
15.595	2.45745e-06
15.6	2.53346e-06
15.605	2.60876e-06
15.61	2.68332e-06
15.615	2.75711e-06
15.62	2.83012e-06
15.625	2.90232e-06
15.63	2.9737e-06
15.635	3.04424e-06
15.64	3.11393e-06
15.645	3.18275e-06
15.65	3.25069e-06
15.655	3.31774e-06
15.66	3.38389e-06
15.665	3.44914e-06
15.67	3.51346e-06
15.675	3.57684e-06
15.68	3.63922e-06
15.685	3.70059e-06
15.69	3.76089e-06
15.695	3.8201e-06
15.7	3.87819e-06
15.705	3.93514e-06
15.71	3.99094e-06
15.715	4.04555e-06
15.72	4.09899e-06
15.725	4.15125e-06
15.73	4.20233e-06
15.735	4.25222e-06
15.74	4.30094e-06
15.745	4.34848e-06
15.75	4.39484e-06
15.755	4.44001e-06
15.76	4.48397e-06
15.765	4.52671e-06
15.77	4.5682e-06
15.775	4.60841e-06
15.78	4.64732e-06
15.785	4.6849e-06
15.79	4.72114e-06
15.795	4.75603e-06
15.8	4.78956e-06
15.805	4.82173e-06
15.81	4.85254e-06
15.815	4.88199e-06
15.82	4.9101e-06
15.825	4.93687e-06
15.83	4.96231e-06
15.835	4.9864e-06
15.84	5.00915e-06
15.845	5.03054e-06
15.85	5.05056e-06
15.855	5.06922e-06
15.86	5.08649e-06
15.865	5.10237e-06
15.87	5.11686e-06
15.875	5.12997e-06
15.88	5.1417e-06
15.885	5.15206e-06
15.89	5.16105e-06
15.895	5.16868e-06
15.9	5.17494e-06
15.905	5.17985e-06
15.91	5.18339e-06
15.915	5.18559e-06
15.92	5.18646e-06
15.925	5.186e-06
15.93	5.18424e-06
15.935	5.18118e-06
15.94	5.17683e-06
15.945	5.17122e-06
15.95	5.16434e-06
15.955	5.1562e-06
15.96	5.14681e-06
15.965	5.13618e-06
15.97	5.12431e-06
15.975	5.11122e-06
15.98	5.09691e-06
15.985	5.0814e-06
15.99	5.0647e-06
15.995	5.04684e-06
16	5.02783e-06
16.005	5.00771e-06
16.01	4.98648e-06
16.015	4.96417e-06
16.02	4.94079e-06
16.025	4.91635e-06
16.03	4.89085e-06
16.035	4.86432e-06
16.04	4.83675e-06
16.045	4.80819e-06
16.05	4.77863e-06
16.055	4.74812e-06
16.06	4.71666e-06
16.065	4.68429e-06
16.07	4.65102e-06
16.075	4.61687e-06
16.08	4.58184e-06
16.085	4.54595e-06
16.09	4.50923e-06
16.095	4.4717e-06
16.1	4.43338e-06
16.105	4.39432e-06
16.11	4.35453e-06
16.115	4.31405e-06
16.12	4.2729e-06
16.125	4.2311e-06
16.13	4.18866e-06
16.135	4.1456e-06
16.14	4.10193e-06
16.145	4.05765e-06
16.15	4.01277e-06
16.155	3.9673e-06
16.16	3.92127e-06
16.165	3.8747e-06
16.17	3.82763e-06
16.175	3.78007e-06
16.18	3.73206e-06
16.185	3.68362e-06
16.19	3.63478e-06
16.195	3.58557e-06
16.2	3.53599e-06
16.205	3.48607e-06
16.21	3.43581e-06
16.215	3.38524e-06
16.22	3.33438e-06
16.225	3.28324e-06
16.23	3.23185e-06
16.235	3.18022e-06
16.24	3.12839e-06
16.245	3.07637e-06
16.25	3.02417e-06
16.255	2.97183e-06
16.26	2.91935e-06
16.265	2.86673e-06
16.27	2.814e-06
16.275	2.76116e-06
16.28	2.70823e-06
16.285	2.65522e-06
16.29	2.60215e-06
16.295	2.54903e-06
16.3	2.49589e-06
16.305	2.44273e-06
16.31	2.38958e-06
16.315	2.33645e-06
16.32	2.28337e-06
16.325	2.23034e-06
16.33	2.17739e-06
16.335	2.12455e-06
16.34	2.07183e-06
16.345	2.01926e-06
16.35	1.96684e-06
16.355	1.91457e-06
16.36	1.86248e-06
16.365	1.81055e-06
16.37	1.7588e-06
16.375	1.70724e-06
16.38	1.65588e-06
16.385	1.60473e-06
16.39	1.55379e-06
16.395	1.50309e-06
16.4	1.45264e-06
16.405	1.40244e-06
16.41	1.35251e-06
16.415	1.30288e-06
16.42	1.25355e-06
16.425	1.20455e-06
16.43	1.15586e-06
16.435	1.1075e-06
16.44	1.05945e-06
16.445	1.01171e-06
16.45	9.64273e-07
16.455	9.17132e-07
16.46	8.70289e-07
16.465	8.23751e-07
16.47	7.77528e-07
16.475	7.3163e-07
16.48	6.86064e-07
16.485	6.40842e-07
16.49	5.95976e-07
16.495	5.51483e-07
16.5	5.07388e-07
16.505	4.63715e-07
16.51	4.20483e-07
16.515	3.77709e-07
16.52	3.35398e-07
16.525	2.93546e-07
16.53	2.5214e-07
16.535	2.1116e-07
16.54	1.70584e-07
16.545	1.3039e-07
16.55	9.05619e-08
16.555	5.10894e-08
16.56	1.19683e-08
16.565	-2.68019e-08
16.57	-6.52184e-08
16.575	-1.03275e-07
16.58	-1.4096e-07
16.585	-1.78255e-07
16.59	-2.1514e-07
16.595	-2.51594e-07
16.6	-2.87602e-07
16.605	-3.23157e-07
16.61	-3.58261e-07
16.615	-3.92923e-07
16.62	-4.27156e-07
16.625	-4.60976e-07
16.63	-4.94396e-07
16.635	-5.27428e-07
16.64	-5.60082e-07
16.645	-5.92364e-07
16.65	-6.24282e-07
16.655	-6.5584e-07
16.66	-6.87048e-07
16.665	-7.17912e-07
16.67	-7.48435e-07
16.675	-7.78618e-07
16.68	-8.08455e-07
16.685	-8.37944e-07
16.69	-8.67081e-07
16.695	-8.95874e-07
16.7	-9.24332e-07
16.705	-9.52474e-07
16.71	-9.80319e-07
16.715	-1.00788e-06
16.72	-1.03518e-06
16.725	-1.06223e-06
16.73	-1.08902e-06
16.735	-1.11556e-06
16.74	-1.14185e-06
16.745	-1.16789e-06
16.75	-1.19368e-06
16.755	-1.21921e-06
16.76	-1.24449e-06
16.765	-1.26953e-06
16.77	-1.29431e-06
16.775	-1.31885e-06
16.78	-1.34316e-06
16.785	-1.36726e-06
16.79	-1.39117e-06
16.795	-1.41491e-06
16.8	-1.43851e-06
16.805	-1.46199e-06
16.81	-1.48534e-06
16.815	-1.50857e-06
16.82	-1.53169e-06
16.825	-1.5547e-06
16.83	-1.57759e-06
16.835	-1.60035e-06
16.84	-1.623e-06
16.845	-1.64554e-06
16.85	-1.66795e-06
16.855	-1.69024e-06
16.86	-1.7124e-06
16.865	-1.73445e-06
16.87	-1.75639e-06
16.875	-1.77823e-06
16.88	-1.8e-06
16.885	-1.82172e-06
16.89	-1.8434e-06
16.895	-1.86505e-06
16.9	-1.88668e-06
16.905	-1.90829e-06
16.91	-1.92987e-06
16.915	-1.95141e-06
16.92	-1.97293e-06
16.925	-1.9944e-06
16.93	-2.01584e-06
16.935	-2.03724e-06
16.94	-2.0586e-06
16.945	-2.07992e-06
16.95	-2.1012e-06
16.955	-2.12244e-06
16.96	-2.14365e-06
16.965	-2.16482e-06
16.97	-2.18596e-06
16.975	-2.20709e-06
16.98	-2.22821e-06
16.985	-2.2493e-06
16.99	-2.27036e-06
16.995	-2.29138e-06
17	-2.31235e-06
17.005	-2.33326e-06
17.01	-2.3541e-06
17.015	-2.37486e-06
17.02	-2.39556e-06
17.025	-2.41617e-06
17.03	-2.4367e-06
17.035	-2.45714e-06
17.04	-2.47747e-06
17.045	-2.49771e-06
17.05	-2.51783e-06
17.055	-2.53785e-06
17.06	-2.55777e-06
17.065	-2.57757e-06
17.07	-2.59726e-06
17.075	-2.61684e-06
17.08	-2.63627e-06
17.085	-2.65555e-06
17.09	-2.67465e-06
17.095	-2.69355e-06
17.1	-2.71223e-06
17.105	-2.73067e-06
17.11	-2.74885e-06
17.115	-2.76674e-06
17.12	-2.78433e-06
17.125	-2.80161e-06
17.13	-2.81856e-06
17.135	-2.8352e-06
17.14	-2.85152e-06
17.145	-2.86752e-06
17.15	-2.88322e-06
17.155	-2.89862e-06
17.16	-2.9137e-06
17.165	-2.92846e-06
17.17	-2.94288e-06
17.175	-2.95693e-06
17.18	-2.97057e-06
17.185	-2.98377e-06
17.19	-2.9965e-06
17.195	-3.00874e-06
17.2	-3.02047e-06
17.205	-3.03165e-06
17.21	-3.04229e-06
17.215	-3.05236e-06
17.22	-3.06187e-06
17.225	-3.07081e-06
17.23	-3.0792e-06
17.235	-3.08702e-06
17.24	-3.0943e-06
17.245	-3.10101e-06
17.25	-3.10717e-06
17.255	-3.11274e-06
17.26	-3.11772e-06
17.265	-3.12208e-06
17.27	-3.1258e-06
17.275	-3.12884e-06
17.28	-3.13118e-06
17.285	-3.13281e-06
17.29	-3.13371e-06
17.295	-3.13388e-06
17.3	-3.1333e-06
17.305	-3.13198e-06
17.31	-3.12991e-06
17.315	-3.12708e-06
17.32	-3.12349e-06
17.325	-3.11914e-06
17.33	-3.11403e-06
17.335	-3.10815e-06
17.34	-3.1015e-06
17.345	-3.09408e-06
17.35	-3.08587e-06
17.355	-3.07688e-06
17.36	-3.06711e-06
17.365	-3.05654e-06
17.37	-3.04518e-06
17.375	-3.03302e-06
17.38	-3.02005e-06
17.385	-3.00626e-06
17.39	-2.99164e-06
17.395	-2.97616e-06
17.4	-2.95983e-06
17.405	-2.94264e-06
17.41	-2.92458e-06
17.415	-2.90568e-06
17.42	-2.88593e-06
17.425	-2.86537e-06
17.43	-2.84401e-06
17.435	-2.82187e-06
17.44	-2.79895e-06
17.445	-2.77526e-06
17.45	-2.7508e-06
17.455	-2.72557e-06
17.46	-2.69957e-06
17.465	-2.67279e-06
17.47	-2.64523e-06
17.475	-2.61689e-06
17.48	-2.58778e-06
17.485	-2.55789e-06
17.49	-2.52723e-06
17.495	-2.49581e-06
17.5	-2.46366e-06
17.505	-2.43081e-06
17.51	-2.39727e-06
17.515	-2.36308e-06
17.52	-2.32826e-06
17.525	-2.29281e-06
17.53	-2.25675e-06
17.535	-2.22009e-06
17.54	-2.18282e-06
17.545	-2.14495e-06
17.55	-2.10649e-06
17.555	-2.06745e-06
17.56	-2.02784e-06
17.565	-1.98767e-06
17.57	-1.94696e-06
17.575	-1.90573e-06
17.58	-1.86399e-06
17.585	-1.82177e-06
17.59	-1.77911e-06
17.595	-1.73603e-06
17.6	-1.69256e-06
17.605	-1.64874e-06
17.61	-1.60458e-06
17.615	-1.5601e-06
17.62	-1.51532e-06
17.625	-1.47023e-06
17.63	-1.42484e-06
17.635	-1.37917e-06
17.64	-1.33322e-06
17.645	-1.28701e-06
17.65	-1.24057e-06
17.655	-1.19391e-06
17.66	-1.14706e-06
17.665	-1.10004e-06
17.67	-1.05287e-06
17.675	-1.00558e-06
17.68	-9.58203e-07
17.685	-9.10756e-07
17.69	-8.63269e-07
17.695	-8.15764e-07
17.7	-7.68257e-07
17.705	-7.20763e-07
17.71	-6.73296e-07
17.715	-6.25871e-07
17.72	-5.78506e-07
17.725	-5.31223e-07
17.73	-4.84043e-07
17.735	-4.36987e-07
17.74	-3.9007e-07
17.745	-3.43308e-07
17.75	-2.96712e-07
17.755	-2.50293e-07
17.76	-2.04066e-07
17.765	-1.58048e-07
17.77	-1.12262e-07
17.775	-6.67351e-08
17.78	-2.14955e-08
17.785	2.34304e-08
17.79	6.802e-08
17.795	1.12255e-07
17.8	1.56122e-07
17.805	1.99607e-07
17.81	2.42699e-07
17.815	2.85389e-07
17.82	3.27667e-07
17.825	3.69528e-07
17.83	4.10967e-07
17.835	4.51979e-07
17.84	4.92559e-07
17.845	5.32695e-07
17.85	5.72374e-07
17.855	6.11578e-07
17.86	6.50282e-07
17.865	6.88465e-07
17.87	7.26105e-07
17.875	7.63182e-07
17.88	7.99683e-07
17.885	8.35599e-07
17.89	8.70923e-07
17.895	9.0565e-07
17.9	9.39775e-07
17.905	9.73296e-07
17.91	1.00621e-06
17.915	1.03852e-06
17.92	1.07022e-06
17.925	1.10131e-06
17.93	1.1318e-06
17.935	1.16168e-06
17.94	1.19095e-06
17.945	1.21959e-06
17.95	1.24759e-06
17.955	1.27494e-06
17.96	1.30164e-06
17.965	1.32767e-06
17.97	1.35303e-06
17.975	1.37771e-06
17.98	1.40172e-06
17.985	1.42505e-06
17.99	1.44772e-06
17.995	1.46971e-06
18	1.49105e-06
18.005	1.51172e-06
18.01	1.53175e-06
18.015	1.55113e-06
18.02	1.56987e-06
18.025	1.58797e-06
18.03	1.60545e-06
18.035	1.6223e-06
18.04	1.63853e-06
18.045	1.65413e-06
18.05	1.66911e-06
18.055	1.68346e-06
18.06	1.69719e-06
18.065	1.7103e-06
18.07	1.72278e-06
18.075	1.73466e-06
18.08	1.74593e-06
18.085	1.7566e-06
18.09	1.76668e-06
18.095	1.77619e-06
18.1	1.78514e-06
18.105	1.79355e-06
18.11	1.80141e-06
18.115	1.80876e-06
18.12	1.81558e-06
18.125	1.82189e-06
18.13	1.82769e-06
18.135	1.83297e-06
18.14	1.83774e-06
18.145	1.84202e-06
18.15	1.84579e-06
18.155	1.84909e-06
18.16	1.85193e-06
18.165	1.85432e-06
18.17	1.85629e-06
18.175	1.85785e-06
18.18	1.85901e-06
18.185	1.85979e-06
18.19	1.8602e-06
18.195	1.86025e-06
18.2	1.85996e-06
18.205	1.85932e-06
18.21	1.85835e-06
18.215	1.85703e-06
18.22	1.85539e-06
18.225	1.85341e-06
18.23	1.85111e-06
18.235	1.84851e-06
18.24	1.84561e-06
18.245	1.84243e-06
18.25	1.839e-06
18.255	1.83533e-06
18.26	1.83144e-06
18.265	1.82734e-06
18.27	1.82305e-06
18.275	1.81857e-06
18.28	1.81392e-06
18.285	1.80909e-06
18.29	1.8041e-06
18.295	1.79894e-06
18.3	1.79363e-06
18.305	1.78817e-06
18.31	1.78255e-06
18.315	1.77679e-06
18.32	1.77091e-06
18.325	1.76491e-06
18.33	1.75881e-06
18.335	1.75262e-06
18.34	1.74637e-06
18.345	1.74006e-06
18.35	1.7337e-06
18.355	1.7273e-06
18.36	1.72086e-06
18.365	1.71438e-06
18.37	1.70786e-06
18.375	1.70131e-06
18.38	1.69473e-06
18.385	1.68812e-06
18.39	1.68148e-06
18.395	1.67482e-06
18.4	1.66815e-06
18.405	1.66146e-06
18.41	1.65478e-06
18.415	1.64809e-06
18.42	1.64142e-06
18.425	1.63476e-06
18.43	1.62811e-06
18.435	1.62148e-06
18.44	1.61487e-06
18.445	1.60827e-06
18.45	1.6017e-06
18.455	1.59515e-06
18.46	1.58861e-06
18.465	1.5821e-06
18.47	1.57562e-06
18.475	1.56915e-06
18.48	1.5627e-06
18.485	1.55628e-06
18.49	1.54986e-06
18.495	1.54346e-06
18.5	1.53708e-06
18.505	1.5307e-06
18.51	1.52434e-06
18.515	1.518e-06
18.52	1.51167e-06
18.525	1.50535e-06
18.53	1.49903e-06
18.535	1.49272e-06
18.54	1.4864e-06
18.545	1.48007e-06
18.55	1.47371e-06
18.555	1.46733e-06
18.56	1.46091e-06
18.565	1.45445e-06
18.57	1.44795e-06
18.575	1.4414e-06
18.58	1.43479e-06
18.585	1.42811e-06
18.59	1.42138e-06
18.595	1.41457e-06
18.6	1.40769e-06
18.605	1.40074e-06
18.61	1.3937e-06
18.615	1.38658e-06
18.62	1.37936e-06
18.625	1.37205e-06
18.63	1.36464e-06
18.635	1.35711e-06
18.64	1.34946e-06
18.645	1.34167e-06
18.65	1.33373e-06
18.655	1.32563e-06
18.66	1.31737e-06
18.665	1.30892e-06
18.67	1.30029e-06
18.675	1.29146e-06
18.68	1.28244e-06
18.685	1.27322e-06
18.69	1.2638e-06
18.695	1.25419e-06
18.7	1.24439e-06
18.705	1.23438e-06
18.71	1.22416e-06
18.715	1.21371e-06
18.72	1.20304e-06
18.725	1.19212e-06
18.73	1.18094e-06
18.735	1.16948e-06
18.74	1.15773e-06
18.745	1.1457e-06
18.75	1.13337e-06
18.755	1.12076e-06
18.76	1.10786e-06
18.765	1.09467e-06
18.77	1.0812e-06
18.775	1.06745e-06
18.78	1.05342e-06
18.785	1.03912e-06
18.79	1.02454e-06
18.795	1.00967e-06
18.8	9.94517e-07
18.805	9.79063e-07
18.81	9.63302e-07
18.815	9.47227e-07
18.82	9.30829e-07
18.825	9.14099e-07
18.83	8.97032e-07
18.835	8.79623e-07
18.84	8.61876e-07
18.845	8.43795e-07
18.85	8.25388e-07
18.855	8.06662e-07
18.86	7.87626e-07
18.865	7.68289e-07
18.87	7.4866e-07
18.875	7.28747e-07
18.88	7.08553e-07
18.885	6.88081e-07
18.89	6.67332e-07
18.895	6.46303e-07
18.9	6.24993e-07
18.905	6.03401e-07
18.91	5.81526e-07
18.915	5.59368e-07
18.92	5.36929e-07
18.925	5.14216e-07
18.93	4.91235e-07
18.935	4.67994e-07
18.94	4.445e-07
18.945	4.20761e-07
18.95	3.9678e-07
18.955	3.72563e-07
18.96	3.48117e-07
18.965	3.23453e-07
18.97	2.98585e-07
18.975	2.73526e-07
18.98	2.48288e-07
18.985	2.22882e-07
18.99	1.97314e-07
18.995	1.71594e-07
19	1.45728e-07
19.005	1.1972e-07
19.01	9.35768e-08
19.015	6.73031e-08
19.02	4.09061e-08
19.025	1.4394e-08
19.03	-1.2224e-08
19.035	-3.89383e-08
19.04	-6.57389e-08
19.045	-9.26145e-08
19.05	-1.19551e-07
19.055	-1.46534e-07
19.06	-1.73545e-07
19.065	-2.0057e-07
19.07	-2.27597e-07
19.075	-2.54617e-07
19.08	-2.81622e-07
19.085	-3.08607e-07
19.09	-3.35566e-07
19.095	-3.6249e-07
19.1	-3.89373e-07
19.105	-4.16205e-07
19.11	-4.42977e-07
19.115	-4.69679e-07
19.12	-4.96301e-07
19.125	-5.22833e-07
19.13	-5.49263e-07
19.135	-5.7558e-07
19.14	-6.01772e-07
19.145	-6.27823e-07
19.15	-6.53716e-07
19.155	-6.79434e-07
19.16	-7.04963e-07
19.165	-7.3029e-07
19.17	-7.55409e-07
19.175	-7.80314e-07
19.18	-8.04999e-07
19.185	-8.29462e-07
19.19	-8.53698e-07
19.195	-8.77705e-07
19.2	-9.01478e-07
19.205	-9.25014e-07
19.21	-9.48306e-07
19.215	-9.71345e-07
19.22	-9.94121e-07
19.225	-1.01662e-06
19.23	-1.03884e-06
19.235	-1.06076e-06
19.24	-1.08236e-06
19.245	-1.10364e-06
19.25	-1.12458e-06
19.255	-1.14518e-06
19.26	-1.16543e-06
19.265	-1.18534e-06
19.27	-1.2049e-06
19.275	-1.22411e-06
19.28	-1.24296e-06
19.285	-1.26145e-06
19.29	-1.27957e-06
19.295	-1.29732e-06
19.3	-1.31469e-06
19.305	-1.33169e-06
19.31	-1.34831e-06
19.315	-1.36455e-06
19.32	-1.38041e-06
19.325	-1.39588e-06
19.33	-1.41095e-06
19.335	-1.42561e-06
19.34	-1.43986e-06
19.345	-1.45369e-06
19.35	-1.46709e-06
19.355	-1.48008e-06
19.36	-1.49264e-06
19.365	-1.50478e-06
19.37	-1.5165e-06
19.375	-1.52779e-06
19.38	-1.53867e-06
19.385	-1.54913e-06
19.39	-1.55917e-06
19.395	-1.56879e-06
19.4	-1.57801e-06
19.405	-1.58681e-06
19.41	-1.59519e-06
19.415	-1.60315e-06
19.42	-1.61068e-06
19.425	-1.61778e-06
19.43	-1.62445e-06
19.435	-1.63068e-06
19.44	-1.63649e-06
19.445	-1.64187e-06
19.45	-1.64684e-06
19.455	-1.65139e-06
19.46	-1.65552e-06
19.465	-1.65924e-06
19.47	-1.66254e-06
19.475	-1.66544e-06
19.48	-1.66793e-06
19.485	-1.67003e-06
19.49	-1.67173e-06
19.495	-1.67305e-06
19.5	-1.67398e-06
19.505	-1.67453e-06
19.51	-1.6747e-06
19.515	-1.67448e-06
19.52	-1.67388e-06
19.525	-1.6729e-06
19.53	-1.67154e-06
19.535	-1.66981e-06
19.54	-1.66771e-06
19.545	-1.66524e-06
19.55	-1.6624e-06
19.555	-1.65921e-06
19.56	-1.65566e-06
19.565	-1.65175e-06
19.57	-1.64751e-06
19.575	-1.64293e-06
19.58	-1.63802e-06
19.585	-1.6328e-06
19.59	-1.62726e-06
19.595	-1.62141e-06
19.6	-1.61525e-06
19.605	-1.6088e-06
19.61	-1.60205e-06
19.615	-1.59501e-06
19.62	-1.58768e-06
19.625	-1.58006e-06
19.63	-1.57216e-06
19.635	-1.56398e-06
19.64	-1.55552e-06
19.645	-1.54679e-06
19.65	-1.53777e-06
19.655	-1.52849e-06
19.66	-1.51895e-06
19.665	-1.50915e-06
19.67	-1.49912e-06
19.675	-1.48885e-06
19.68	-1.47836e-06
19.685	-1.46764e-06
19.69	-1.45669e-06
19.695	-1.44553e-06
19.7	-1.43417e-06
19.705	-1.42259e-06
19.71	-1.41082e-06
19.715	-1.39886e-06
19.72	-1.38672e-06
19.725	-1.3744e-06
19.73	-1.36192e-06
19.735	-1.34926e-06
19.74	-1.33643e-06
19.745	-1.32344e-06
19.75	-1.31028e-06
19.755	-1.29696e-06
19.76	-1.28348e-06
19.765	-1.26985e-06
19.77	-1.25607e-06
19.775	-1.24215e-06
19.78	-1.22808e-06
19.785	-1.21389e-06
19.79	-1.19957e-06
19.795	-1.18514e-06
19.8	-1.1706e-06
19.805	-1.15597e-06
19.81	-1.14123e-06
19.815	-1.12641e-06
19.82	-1.1115e-06
19.825	-1.09651e-06
19.83	-1.08142e-06
19.835	-1.06625e-06
19.84	-1.051e-06
19.845	-1.03567e-06
19.85	-1.02027e-06
19.855	-1.0048e-06
19.86	-9.89257e-07
19.865	-9.73658e-07
19.87	-9.57999e-07
19.875	-9.42284e-07
19.88	-9.26519e-07
19.885	-9.1071e-07
19.89	-8.94863e-07
19.895	-8.78981e-07
19.9	-8.63066e-07
19.905	-8.4712e-07
19.91	-8.31143e-07
19.915	-8.15136e-07
19.92	-7.99101e-07
19.925	-7.83039e-07
19.93	-7.66954e-07
19.935	-7.50853e-07
19.94	-7.34742e-07
19.945	-7.18627e-07
19.95	-7.02513e-07
19.955	-6.86401e-07
19.96	-6.70291e-07
19.965	-6.54182e-07
19.97	-6.38075e-07
19.975	-6.21971e-07
19.98	-6.05872e-07
19.985	-5.8978e-07
19.99	-5.73694e-07
19.995	-5.57616e-07
