0	0
0.005	0
0.01	0
0.015	0
0.02	0
0.025	0
0.03	0
0.035	0
0.04	0
0.045	0
0.05	0
0.055	0
0.06	0
0.065	0
0.07	0
0.075	0
0.08	0
0.085	0
0.09	0
0.095	0
0.1	0
0.105	0
0.11	0
0.115	0
0.12	0
0.125	0
0.13	0
0.135	0
0.14	0
0.145	0
0.15	0
0.155	0
0.16	0
0.165	0
0.17	0
0.175	0
0.18	0
0.185	0
0.19	0
0.195	0
0.2	0
0.205	0
0.21	0
0.215	0
0.22	0
0.225	0
0.23	0
0.235	0
0.24	0
0.245	0
0.25	0
0.255	0
0.26	0
0.265	0
0.27	0
0.275	0
0.28	0
0.285	0
0.29	0
0.295	0
0.3	0
0.305	0
0.31	0
0.315	0
0.32	0
0.325	0
0.33	0
0.335	0
0.34	0
0.345	0
0.35	0
0.355	0
0.36	0
0.365	0
0.37	0
0.375	0
0.38	0
0.385	0
0.39	0
0.395	0
0.4	0
0.405	0
0.41	0
0.415	0
0.42	0
0.425	0
0.43	0
0.435	0
0.44	0
0.445	0
0.45	0
0.455	0
0.46	0
0.465	0
0.47	0
0.475	0
0.48	0
0.485	0
0.49	0
0.495	0
0.5	0
0.505	0
0.51	0
0.515	0
0.52	0
0.525	0
0.53	0
0.535	0
0.54	0
0.545	0
0.55	0
0.555	0
0.56	0
0.565	0
0.57	0
0.575	0
0.58	0
0.585	0
0.59	0
0.595	0
0.6	0
0.605	0
0.61	0
0.615	0
0.62	0
0.625	0
0.63	0
0.635	0
0.64	0
0.645	0
0.65	0
0.655	0
0.66	0
0.665	0
0.67	0
0.675	0
0.68	0
0.685	0
0.69	0
0.695	0
0.7	0
0.705	0
0.71	0
0.715	0
0.72	0
0.725	0
0.73	0
0.735	0
0.74	0
0.745	0
0.75	0
0.755	0
0.76	0
0.765	0
0.77	0
0.775	0
0.78	0
0.785	0
0.79	0
0.795	0
0.8	0
0.805	0
0.81	0
0.815	0
0.82	0
0.825	0
0.83	0
0.835	0
0.84	0
0.845	0
0.85	0
0.855	0
0.86	0
0.865	0
0.87	0
0.875	0
0.88	0
0.885	0
0.89	0
0.895	0
0.9	0
0.905	0
0.91	0
0.915	0
0.92	0
0.925	0
0.93	0
0.935	0
0.94	0
0.945	0
0.95	0
0.955	0
0.96	0
0.965	0
0.97	0
0.975	0
0.98	0
0.985	0
0.99	0
0.995	0
1	0
1.005	0
1.01	0
1.015	0
1.02	0
1.025	0
1.03	0
1.035	0
1.04	0
1.045	0
1.05	0
1.055	0
1.06	0
1.065	0
1.07	0
1.075	0
1.08	0
1.085	0
1.09	0
1.095	0
1.1	0
1.105	0
1.11	-5.6085e-156
1.115	-1.62311e-153
1.12	-2.36536e-151
1.125	-2.31431e-149
1.13	-1.71008e-147
1.135	-1.0177e-145
1.14	-5.0796e-144
1.145	-2.1864e-142
1.15	-8.28115e-141
1.155	-2.80251e-139
1.16	-8.57578e-138
1.165	-2.3955e-136
1.17	-6.15563e-135
1.175	-1.46442e-133
1.18	-3.2425e-132
1.185	-6.71197e-131
1.19	-1.30378e-129
1.195	-2.38402e-128
1.2	-4.11443e-127
1.205	-6.71633e-126
1.21	-1.03873e-124
1.215	-1.52385e-123
1.22	-2.1219e-122
1.225	-2.80448e-121
1.23	-3.5152e-120
1.235	-4.16977e-119
1.24	-4.66235e-118
1.245	-4.87831e-117
1.25	-4.71203e-116
1.255	-4.08642e-115
1.26	-2.97031e-114
1.265	-1.38957e-113
1.27	5.70932e-113
1.275	2.77542e-111
1.28	5.05418e-110
1.285	7.22616e-109
1.29	9.12294e-108
1.295	1.06097e-106
1.3	1.15997e-105
1.305	1.20605e-104
1.31	1.2012e-103
1.315	1.15171e-102
1.32	1.06683e-101
1.325	9.57308e-101
1.33	8.33932e-100
1.335	7.06448e-99
1.34	5.82801e-98
1.345	4.68789e-97
1.35	3.6805e-96
1.355	2.82297e-95
1.36	2.11704e-94
1.365	1.55343e-93
1.37	1.11605e-92
1.375	7.85543e-92
1.38	5.41986e-91
1.385	3.66744e-90
1.39	2.43502e-89
1.395	1.58709e-88
1.4	1.01587e-87
1.405	6.38839e-87
1.41	3.94836e-86
1.415	2.39922e-85
1.42	1.43382e-84
1.425	8.4301e-84
1.43	4.87768e-83
1.435	2.7782e-82
1.44	1.55813e-81
1.445	8.60691e-81
1.45	4.68391e-80
1.455	2.51185e-79
1.46	1.32771e-78
1.465	6.91889e-78
1.47	3.5554e-77
1.475	1.80199e-76
1.48	9.00981e-76
1.485	4.44492e-75
1.49	2.16412e-74
1.495	1.04003e-73
1.5	4.93441e-73
1.505	2.31168e-72
1.51	1.06953e-71
1.515	4.88769e-71
1.52	2.20662e-70
1.525	9.84311e-70
1.53	4.33892e-69
1.535	1.89034e-68
1.54	8.14083e-68
1.545	3.46598e-67
1.55	1.45906e-66
1.555	6.07381e-66
1.56	2.50063e-65
1.565	1.01834e-64
1.57	4.10242e-64
1.575	1.6351e-63
1.58	6.44843e-63
1.585	2.51663e-62
1.59	9.72046e-62
1.595	3.71624e-61
1.6	1.40642e-60
1.605	5.26941e-60
1.61	1.95475e-59
1.615	7.18034e-59
1.62	2.61194e-58
1.625	9.40992e-58
1.63	3.35779e-57
1.635	1.18687e-56
1.64	4.15599e-56
1.645	1.44179e-55
1.65	4.95593e-55
1.655	1.68802e-54
1.66	5.6976e-54
1.665	1.90592e-53
1.67	6.31898e-53
1.675	2.0766e-52
1.68	6.76479e-52
1.685	2.18465e-51
1.69	6.99464e-51
1.695	2.22043e-50
1.7	6.98913e-50
1.705	2.1815e-49
1.71	6.75241e-49
1.715	2.07283e-48
1.72	6.31099e-48
1.725	1.90583e-47
1.73	5.7089e-47
1.735	1.69639e-46
1.74	5.0007e-46
1.745	1.46248e-45
1.75	4.24357e-45
1.755	1.22173e-44
1.76	3.49017e-44
1.765	9.8939e-44
1.77	2.7833e-43
1.775	7.77046e-43
1.78	2.15303e-42
1.785	5.92091e-42
1.79	1.61616e-41
1.795	4.37886e-41
1.8	1.1777e-40
1.805	3.14431e-40
1.81	8.334e-40
1.815	2.193e-39
1.82	5.72924e-39
1.825	1.4861e-38
1.83	3.82748e-38
1.835	9.78826e-38
1.84	2.48567e-37
1.845	6.26824e-37
1.85	1.56974e-36
1.855	3.90396e-36
1.86	9.64264e-36
1.865	2.36546e-35
1.87	5.76339e-35
1.875	1.39476e-34
1.88	3.35271e-34
1.885	8.00538e-34
1.89	1.89876e-33
1.895	4.47381e-33
1.9	1.04717e-32
1.905	2.43501e-32
1.91	5.62528e-32
1.915	1.2911e-31
1.92	2.94416e-31
1.925	6.67052e-31
1.93	1.50165e-30
1.935	3.35894e-30
1.94	7.4657e-30
1.945	1.64887e-29
1.95	3.61875e-29
1.955	7.89229e-29
1.96	1.71052e-28
1.965	3.68422e-28
1.97	7.88618e-28
1.975	1.67765e-27
1.98	3.547e-27
1.985	7.45341e-27
1.99	1.55666e-26
1.995	3.23137e-26
2	6.66721e-26
2.005	1.36734e-25
2.01	2.78734e-25
2.015	5.64802e-25
2.02	1.13764e-24
2.025	2.27783e-24
2.03	4.53375e-24
2.035	8.97059e-24
2.04	1.76449e-23
2.045	3.45033e-23
2.05	6.70739e-23
2.055	1.2963e-22
2.06	2.49072e-22
2.065	4.75792e-22
2.07	9.03631e-22
2.075	1.70629e-21
2.08	3.2034e-21
2.085	5.9796e-21
2.09	1.10979e-20
2.095	2.04798e-20
2.1	3.75779e-20
2.105	6.85595e-20
2.11	1.24376e-19
2.115	2.2436e-19
2.12	4.02439e-19
2.125	7.17806e-19
2.13	1.27312e-18
2.135	2.24542e-18
2.14	3.93813e-18
2.145	6.86842e-18
2.15	1.19125e-17
2.155	2.05461e-17
2.16	3.52406e-17
2.165	6.01104e-17
2.17	1.01965e-16
2.175	1.72011e-16
2.18	2.88579e-16
2.185	4.81484e-16
2.19	7.98937e-16
2.195	1.31844e-15
2.2	2.16385e-15
2.205	3.532e-15
2.21	5.73378e-15
2.215	9.25747e-15
2.22	1.48655e-14
2.225	2.37412e-14
2.23	3.77108e-14
2.235	5.95764e-14
2.24	9.36116e-14
2.245	1.46297e-13
2.25	2.274e-13
2.255	3.51563e-13
2.26	5.40595e-13
2.265	8.26802e-13
2.27	1.25775e-12
2.275	1.90305e-12
2.28	2.864e-12
2.285	4.28712e-12
2.29	6.38308e-12
2.295	9.45297e-12
2.3	1.39246e-11
2.305	2.0402e-11
2.31	2.97334e-11
2.315	4.31021e-11
2.32	6.21492e-11
2.325	8.91371e-11
2.33	1.27166e-10
2.335	1.80456e-10
2.34	2.54721e-10
2.345	3.57646e-10
2.35	4.99503e-10
2.355	6.93941e-10
2.36	9.58976e-10
2.365	1.31825e-09
2.37	1.80258e-09
2.375	2.45188e-09
2.38	3.31756e-09
2.385	4.46533e-09
2.39	5.9787e-09
2.395	7.96313e-09
2.4	1.05509e-08
2.405	1.39067e-08
2.41	1.82345e-08
2.415	2.37852e-08
2.42	3.08648e-08
2.425	3.98451e-08
2.43	5.11733e-08
2.435	6.53849e-08
2.44	8.31159e-08
2.445	1.05117e-07
2.45	1.32266e-07
2.455	1.65587e-07
2.46	2.06258e-07
2.465	2.55633e-07
2.47	3.1525e-07
2.475	3.86847e-07
2.48	4.72369e-07
2.485	5.73981e-07
2.49	6.94071e-07
2.495	8.35253e-07
2.5	1.00036e-06
2.505	1.19246e-06
2.51	1.41481e-06
2.515	1.67086e-06
2.52	1.96426e-06
2.525	2.29877e-06
2.53	2.67832e-06
2.535	3.10687e-06
2.54	3.5885e-06
2.545	4.12727e-06
2.55	4.72722e-06
2.555	5.39237e-06
2.56	6.12663e-06
2.565	6.93378e-06
2.57	7.81749e-06
2.575	8.78123e-06
2.58	9.82831e-06
2.585	1.09618e-05
2.59	1.21847e-05
2.595	1.34996e-05
2.6	1.49092e-05
2.605	1.64158e-05
2.61	1.80216e-05
2.615	1.97289e-05
2.62	2.15397e-05
2.625	2.34561e-05
2.63	2.54802e-05
2.635	2.7614e-05
2.64	2.98598e-05
2.645	3.22198e-05
2.65	3.46965e-05
2.655	3.72926e-05
2.66	4.00106e-05
2.665	4.28536e-05
2.67	4.58247e-05
2.675	4.8927e-05
2.68	5.21641e-05
2.685	5.55394e-05
2.69	5.90566e-05
2.695	6.27192e-05
2.7	6.65309e-05
2.705	7.04953e-05
2.71	7.46159e-05
2.715	7.88961e-05
2.72	8.33389e-05
2.725	8.79473e-05
2.73	9.27237e-05
2.735	9.76706e-05
2.74	0.00010279
2.745	0.000108082
2.75	0.00011355
2.755	0.000119193
2.76	0.000125011
2.765	0.000131005
2.77	0.000137174
2.775	0.000143517
2.78	0.000150032
2.785	0.00015672
2.79	0.000163576
2.795	0.000170601
2.8	0.000177792
2.805	0.000185147
2.81	0.000192664
2.815	0.00020034
2.82	0.000208174
2.825	0.000216163
2.83	0.000224305
2.835	0.000232597
2.84	0.000241035
2.845	0.000249618
2.85	0.00025834
2.855	0.000267199
2.86	0.00027619
2.865	0.000285307
2.87	0.000294545
2.875	0.000303898
2.88	0.000313359
2.885	0.000322921
2.89	0.000332577
2.895	0.000342317
2.9	0.000352134
2.905	0.000362017
2.91	0.000371959
2.915	0.000381949
2.92	0.000391977
2.925	0.000402033
2.93	0.000412107
2.935	0.000422189
2.94	0.000432269
2.945	0.000442335
2.95	0.000452377
2.955	0.000462385
2.96	0.000472346
2.965	0.00048225
2.97	0.000492084
2.975	0.000501837
2.98	0.000511496
2.985	0.000521049
2.99	0.000530482
2.995	0.000539782
3	0.000548935
3.005	0.000557927
3.01	0.000566744
3.015	0.000575371
3.02	0.000583793
3.025	0.000591996
3.03	0.000599965
3.035	0.000607687
3.04	0.000615145
3.045	0.000622328
3.05	0.00062922
3.055	0.000635808
3.06	0.00064208
3.065	0.000648023
3.07	0.000653624
3.075	0.000658871
3.08	0.000663754
3.085	0.00066826
3.09	0.000672379
3.095	0.000676099
3.1	0.000679411
3.105	0.000682303
3.11	0.000684766
3.115	0.00068679
3.12	0.000688365
3.125	0.000689482
3.13	0.000690133
3.135	0.000690309
3.14	0.000690003
3.145	0.000689207
3.15	0.000687915
3.155	0.00068612
3.16	0.000683817
3.165	0.000681001
3.17	0.000677667
3.175	0.000673813
3.18	0.000669433
3.185	0.000664526
3.19	0.000659088
3.195	0.000653117
3.2	0.000646611
3.205	0.000639569
3.21	0.00063199
3.215	0.000623873
3.22	0.000615217
3.225	0.000606023
3.23	0.000596293
3.235	0.000586026
3.24	0.000575225
3.245	0.000563894
3.25	0.000552035
3.255	0.000539653
3.26	0.000526753
3.265	0.000513341
3.27	0.000499423
3.275	0.000485009
3.28	0.000470105
3.285	0.000454721
3.29	0.000438868
3.295	0.000422556
3.3	0.000405797
3.305	0.000388603
3.31	0.000370988
3.315	0.000352964
3.32	0.000334547
3.325	0.000315752
3.33	0.000296594
3.335	0.000277089
3.34	0.000257254
3.345	0.000237107
3.35	0.000216664
3.355	0.000195944
3.36	0.000174965
3.365	0.000153746
3.37	0.000132305
3.375	0.000110662
3.38	8.88361e-05
3.385	6.68462e-05
3.39	4.47122e-05
3.395	2.24541e-05
3.4	9.16311e-08
3.405	-2.23549e-05
3.41	-4.48652e-05
3.415	-6.74186e-05
3.42	-8.99945e-05
3.425	-0.000112572
3.43	-0.000135129
3.435	-0.000157645
3.44	-0.000180098
3.445	-0.000202466
3.45	-0.000224728
3.455	-0.000246861
3.46	-0.000268843
3.465	-0.000290654
3.47	-0.00031227
3.475	-0.000333673
3.48	-0.00035484
3.485	-0.000375751
3.49	-0.000396387
3.495	-0.000416728
3.5	-0.000436755
3.505	-0.00045645
3.51	-0.000475795
3.515	-0.000494772
3.52	-0.000513366
3.525	-0.000531559
3.53	-0.000549335
3.535	-0.000566679
3.54	-0.000583576
3.545	-0.000600011
3.55	-0.000615972
3.555	-0.000631444
3.56	-0.000646416
3.565	-0.000660875
3.57	-0.000674811
3.575	-0.000688213
3.58	-0.000701072
3.585	-0.00071338
3.59	-0.000725129
3.595	-0.000736313
3.6	-0.000746926
3.605	-0.000756962
3.61	-0.00076642
3.615	-0.000775294
3.62	-0.000783583
3.625	-0.000791284
3.63	-0.000798398
3.635	-0.000804924
3.64	-0.000810861
3.645	-0.000816211
3.65	-0.000820976
3.655	-0.000825157
3.66	-0.000828758
3.665	-0.000831781
3.67	-0.000834231
3.675	-0.000836113
3.68	-0.000837432
3.685	-0.000838194
3.69	-0.000838407
3.695	-0.000838078
3.7	-0.000837217
3.705	-0.000835831
3.71	-0.000833931
3.715	-0.000831528
3.72	-0.000828633
3.725	-0.000825258
3.73	-0.000821415
3.735	-0.000817117
3.74	-0.000812377
3.745	-0.000807209
3.75	-0.000801628
3.755	-0.000795648
3.76	-0.000789284
3.765	-0.000782552
3.77	-0.000775466
3.775	-0.000768043
3.78	-0.0007603
3.785	-0.000752251
3.79	-0.000743915
3.795	-0.000735307
3.8	-0.000726446
3.805	-0.000717347
3.81	-0.000708029
3.815	-0.000698509
3.82	-0.000688804
3.825	-0.000678933
3.83	-0.000668913
3.835	-0.000658761
3.84	-0.000648497
3.845	-0.000638138
3.85	-0.000627701
3.855	-0.000617204
3.86	-0.000606664
3.865	-0.0005961
3.87	-0.000585526
3.875	-0.00057496
3.88	-0.000564418
3.885	-0.000553915
3.89	-0.000543466
3.895	-0.000533084
3.9	-0.000522785
3.905	-0.000512581
3.91	-0.000502485
3.915	-0.000492509
3.92	-0.000482664
3.925	-0.000472961
3.93	-0.000463412
3.935	-0.000454025
3.94	-0.00044481
3.945	-0.000435776
3.95	-0.000426932
3.955	-0.000418285
3.96	-0.000409842
3.965	-0.00040161
3.97	-0.000393596
3.975	-0.000385806
3.98	-0.000378244
3.985	-0.000370917
3.99	-0.000363827
3.995	-0.00035698
4	-0.000350378
4.005	-0.000344024
4.01	-0.000337921
4.015	-0.00033207
4.02	-0.000326473
4.025	-0.000321129
4.03	-0.000316039
4.035	-0.000311202
4.04	-0.000306618
4.045	-0.000302284
4.05	-0.000298198
4.055	-0.00029436
4.06	-0.000290764
4.065	-0.00028741
4.07	-0.000284292
4.075	-0.000281407
4.08	-0.00027875
4.085	-0.000276318
4.09	-0.000274104
4.095	-0.000272102
4.1	-0.000270307
4.105	-0.000268711
4.11	-0.000267307
4.115	-0.000266087
4.12	-0.000265041
4.125	-0.000264162
4.13	-0.000263439
4.135	-0.000262861
4.14	-0.000262419
4.145	-0.000262101
4.15	-0.000261895
4.155	-0.00026179
4.16	-0.000261775
4.165	-0.000261837
4.17	-0.000261964
4.175	-0.000262144
4.18	-0.000262366
4.185	-0.000262616
4.19	-0.000262883
4.195	-0.000263156
4.2	-0.000263423
4.205	-0.000263672
4.21	-0.000263892
4.215	-0.000264074
4.22	-0.000264205
4.225	-0.000264277
4.23	-0.00026428
4.235	-0.000264204
4.24	-0.000264041
4.245	-0.000263781
4.25	-0.000263418
4.255	-0.000262944
4.26	-0.00026235
4.265	-0.000261631
4.27	-0.000260779
4.275	-0.000259789
4.28	-0.000258655
4.285	-0.00025737
4.29	-0.000255928
4.295	-0.000254326
4.3	-0.000252556
4.305	-0.000250613
4.31	-0.000248494
4.315	-0.000246191
4.32	-0.000243702
4.325	-0.00024102
4.33	-0.000238142
4.335	-0.000235064
4.34	-0.000231783
4.345	-0.000228295
4.35	-0.000224598
4.355	-0.000220691
4.36	-0.000216573
4.365	-0.000212243
4.37	-0.000207702
4.375	-0.000202951
4.38	-0.000197992
4.385	-0.000192826
4.39	-0.000187457
4.395	-0.000181887
4.4	-0.00017612
4.405	-0.00017016
4.41	-0.00016401
4.415	-0.000157673
4.42	-0.000151155
4.425	-0.000144457
4.43	-0.000137584
4.435	-0.00013054
4.44	-0.000123328
4.445	-0.000115952
4.45	-0.000108414
4.455	-0.000100721
4.46	-9.28741e-05
4.465	-8.48792e-05
4.47	-7.67406e-05
4.475	-6.84634e-05
4.48	-6.00531e-05
4.485	-5.15157e-05
4.49	-4.28574e-05
4.495	-3.40851e-05
4.5	-2.52058e-05
4.505	-1.62269e-05
4.51	-7.15606e-06
4.515	1.99897e-06
4.52	1.12304e-05
4.525	2.05303e-05
4.53	2.9891e-05
4.535	3.93048e-05
4.54	4.87643e-05
4.545	5.82621e-05
4.55	6.77913e-05
4.555	7.73449e-05
4.56	8.69162e-05
4.565	9.64986e-05
4.57	0.000106086
4.575	0.000115671
4.58	0.000125247
4.585	0.000134808
4.59	0.000144347
4.595	0.000153857
4.6	0.00016333
4.605	0.00017276
4.61	0.000182137
4.615	0.000191455
4.62	0.000200704
4.625	0.000209878
4.63	0.000218966
4.635	0.000227962
4.64	0.000236857
4.645	0.000245643
4.65	0.000254312
4.655	0.000262856
4.66	0.000271267
4.665	0.00027954
4.67	0.000287666
4.675	0.00029564
4.68	0.000303455
4.685	0.000311104
4.69	0.000318582
4.695	0.000325883
4.7	0.000333002
4.705	0.000339932
4.71	0.00034667
4.715	0.000353209
4.72	0.000359545
4.725	0.000365675
4.73	0.000371593
4.735	0.000377296
4.74	0.00038278
4.745	0.000388043
4.75	0.000393081
4.755	0.000397894
4.76	0.000402478
4.765	0.000406833
4.77	0.000410957
4.775	0.00041485
4.78	0.000418512
4.785	0.000421943
4.79	0.000425142
4.795	0.000428111
4.8	0.00043085
4.805	0.000433359
4.81	0.00043564
4.815	0.000437695
4.82	0.000439524
4.825	0.000441128
4.83	0.00044251
4.835	0.000443671
4.84	0.000444613
4.845	0.000445336
4.85	0.000445843
4.855	0.000446136
4.86	0.000446216
4.865	0.000446084
4.87	0.000445743
4.875	0.000445195
4.88	0.000444441
4.885	0.000443483
4.89	0.000442324
4.895	0.000440966
4.9	0.000439412
4.905	0.000437666
4.91	0.000435731
4.915	0.000433611
4.92	0.000431311
4.925	0.000428835
4.93	0.000426189
4.935	0.000423378
4.94	0.000420408
4.945	0.000417285
4.95	0.000414016
4.955	0.000410606
4.96	0.000407062
4.965	0.000403389
4.97	0.000399595
4.975	0.000395685
4.98	0.000391664
4.985	0.00038754
4.99	0.000383316
4.995	0.000378998
5	0.000374593
5.005	0.000370104
5.01	0.000365538
5.015	0.0003609
5.02	0.000356194
5.025	0.000351428
5.03	0.000346606
5.035	0.000341734
5.04	0.000336819
5.045	0.000331867
5.05	0.000326884
5.055	0.000321877
5.06	0.000316853
5.065	0.000311817
5.07	0.000306776
5.075	0.000301738
5.08	0.000296707
5.085	0.000291692
5.09	0.000286697
5.095	0.00028173
5.1	0.000276795
5.105	0.000271898
5.11	0.000267047
5.115	0.000262245
5.12	0.000257498
5.125	0.000252813
5.13	0.000248194
5.135	0.000243647
5.14	0.000239178
5.145	0.000234791
5.15	0.000230493
5.155	0.000226288
5.16	0.000222183
5.165	0.000218181
5.17	0.000214289
5.175	0.00021051
5.18	0.000206848
5.185	0.000203308
5.19	0.000199892
5.195	0.000196604
5.2	0.000193447
5.205	0.000190422
5.21	0.000187532
5.215	0.000184777
5.22	0.000182159
5.225	0.000179678
5.23	0.000177335
5.235	0.000175131
5.24	0.000173063
5.245	0.000171134
5.25	0.000169341
5.255	0.000167685
5.26	0.000166165
5.265	0.000164779
5.27	0.000163526
5.275	0.000162406
5.28	0.000161415
5.285	0.000160553
5.29	0.000159817
5.295	0.000159205
5.3	0.000158714
5.305	0.000158341
5.31	0.000158083
5.315	0.000157936
5.32	0.000157896
5.325	0.000157959
5.33	0.000158121
5.335	0.000158377
5.34	0.000158722
5.345	0.000159151
5.35	0.000159659
5.355	0.000160241
5.36	0.000160891
5.365	0.000161604
5.37	0.000162374
5.375	0.000163196
5.38	0.000164065
5.385	0.000164974
5.39	0.000165919
5.395	0.000166893
5.4	0.000167892
5.405	0.00016891
5.41	0.000169942
5.415	0.000170981
5.42	0.000172023
5.425	0.000173061
5.43	0.000174089
5.435	0.000175101
5.44	0.000176091
5.445	0.000177052
5.45	0.000177977
5.455	0.000178859
5.46	0.000179691
5.465	0.000180467
5.47	0.000181179
5.475	0.000181821
5.48	0.000182386
5.485	0.000182867
5.49	0.000183258
5.495	0.000183554
5.5	0.000183747
5.505	0.000183832
5.51	0.000183805
5.515	0.000183659
5.52	0.000183391
5.525	0.000182994
5.53	0.000182466
5.535	0.000181803
5.54	0.000180999
5.545	0.000180052
5.55	0.000178958
5.555	0.000177715
5.56	0.000176318
5.565	0.000174766
5.57	0.000173056
5.575	0.000171185
5.58	0.000169151
5.585	0.000166952
5.59	0.000164586
5.595	0.000162052
5.6	0.000159347
5.605	0.000156473
5.61	0.000153426
5.615	0.000150208
5.62	0.000146818
5.625	0.000143256
5.63	0.000139523
5.635	0.000135619
5.64	0.000131546
5.645	0.000127303
5.65	0.000122892
5.655	0.000118315
5.66	0.000113572
5.665	0.000108666
5.67	0.000103597
5.675	9.83683e-05
5.68	9.29806e-05
5.685	8.74364e-05
5.69	8.17382e-05
5.695	7.58884e-05
5.7	6.98901e-05
5.705	6.37463e-05
5.71	5.74606e-05
5.715	5.10368e-05
5.72	4.44791e-05
5.725	3.77918e-05
5.73	3.09797e-05
5.735	2.40477e-05
5.74	1.7001e-05
5.745	9.84491e-06
5.75	2.58484e-06
5.755	-4.77363e-06
5.76	-1.22248e-05
5.765	-1.9763e-05
5.77	-2.73823e-05
5.775	-3.5077e-05
5.78	-4.28411e-05
5.785	-5.06685e-05
5.79	-5.85534e-05
5.795	-6.64895e-05
5.8	-7.44705e-05
5.805	-8.24901e-05
5.81	-9.05418e-05
5.815	-9.8619e-05
5.82	-0.000106715
5.825	-0.000114822
5.83	-0.000122935
5.835	-0.000131046
5.84	-0.000139147
5.845	-0.000147233
5.85	-0.000155295
5.855	-0.000163328
5.86	-0.000171325
5.865	-0.000179279
5.87	-0.000187183
5.875	-0.000195032
5.88	-0.000202819
5.885	-0.000210538
5.89	-0.000218183
5.895	-0.000225748
5.9	-0.000233228
5.905	-0.000240616
5.91	-0.000247907
5.915	-0.000255096
5.92	-0.000262176
5.925	-0.000269143
5.93	-0.00027599
5.935	-0.000282711
5.94	-0.000289303
5.945	-0.000295758
5.95	-0.000302073
5.955	-0.000308241
5.96	-0.000314259
5.965	-0.000320121
5.97	-0.000325823
5.975	-0.000331362
5.98	-0.000336734
5.985	-0.000341935
5.99	-0.000346962
5.995	-0.000351813
6	-0.000356486
6.005	-0.000360978
6.01	-0.000365288
6.015	-0.000369413
6.02	-0.000373352
6.025	-0.000377104
6.03	-0.000380667
6.035	-0.00038404
6.04	-0.000387221
6.045	-0.000390211
6.05	-0.000393007
6.055	-0.000395609
6.06	-0.000398016
6.065	-0.000400228
6.07	-0.000402244
6.075	-0.000404065
6.08	-0.000405689
6.085	-0.000407118
6.09	-0.000408352
6.095	-0.00040939
6.1	-0.000410233
6.105	-0.000410883
6.11	-0.000411339
6.115	-0.000411603
6.12	-0.000411676
6.125	-0.000411558
6.13	-0.000411252
6.135	-0.000410757
6.14	-0.000410076
6.145	-0.00040921
6.15	-0.00040816
6.155	-0.000406929
6.16	-0.000405519
6.165	-0.000403931
6.17	-0.000402167
6.175	-0.000400231
6.18	-0.000398123
6.185	-0.000395847
6.19	-0.000393405
6.195	-0.0003908
6.2	-0.000388033
6.205	-0.000385108
6.21	-0.000382027
6.215	-0.000378792
6.22	-0.000375407
6.225	-0.000371875
6.23	-0.000368198
6.235	-0.00036438
6.24	-0.000360423
6.245	-0.000356333
6.25	-0.000352112
6.255	-0.000347765
6.26	-0.000343296
6.265	-0.00033871
6.27	-0.000334011
6.275	-0.000329203
6.28	-0.000324291
6.285	-0.00031928
6.29	-0.000314174
6.295	-0.000308978
6.3	-0.000303697
6.305	-0.000298333
6.31	-0.000292893
6.315	-0.000287379
6.32	-0.000281796
6.325	-0.000276148
6.33	-0.00027044
6.335	-0.000264674
6.34	-0.000258856
6.345	-0.000252989
6.35	-0.000247078
6.355	-0.000241128
6.36	-0.000235142
6.365	-0.000229125
6.37	-0.000223083
6.375	-0.00021702
6.38	-0.000210939
6.385	-0.000204848
6.39	-0.000198748
6.395	-0.000192646
6.4	-0.000186545
6.405	-0.00018045
6.41	-0.000174364
6.415	-0.000168291
6.42	-0.000162235
6.425	-0.000156199
6.43	-0.000150187
6.435	-0.000144202
6.44	-0.000138247
6.445	-0.000132327
6.45	-0.000126444
6.455	-0.000120602
6.46	-0.000114805
6.465	-0.000109056
6.47	-0.000103359
6.475	-9.77191e-05
6.48	-9.2139e-05
6.485	-8.6623e-05
6.49	-8.11747e-05
6.495	-7.57979e-05
6.5	-7.04959e-05
6.505	-6.52721e-05
6.51	-6.01294e-05
6.515	-5.50707e-05
6.52	-5.00986e-05
6.525	-4.52156e-05
6.53	-4.0424e-05
6.535	-3.57259e-05
6.54	-3.11234e-05
6.545	-2.66184e-05
6.55	-2.2213e-05
6.555	-1.7909e-05
6.56	-1.37083e-05
6.565	-9.61263e-06
6.57	-5.62372e-06
6.575	-1.74323e-06
6.58	2.0273e-06
6.585	5.68644e-06
6.59	9.2329e-06
6.595	1.26655e-05
6.6	1.59833e-05
6.605	1.91853e-05
6.61	2.2271e-05
6.615	2.52397e-05
6.62	2.8091e-05
6.625	3.08246e-05
6.63	3.34402e-05
6.635	3.59378e-05
6.64	3.83171e-05
6.645	4.05784e-05
6.65	4.27215e-05
6.655	4.47468e-05
6.66	4.66545e-05
6.665	4.84451e-05
6.67	5.01189e-05
6.675	5.16768e-05
6.68	5.31195e-05
6.685	5.4448e-05
6.69	5.56634e-05
6.695	5.67669e-05
6.7	5.77602e-05
6.705	5.86446e-05
6.71	5.94222e-05
6.715	6.00948e-05
6.72	6.06646e-05
6.725	6.1134e-05
6.73	6.15053e-05
6.735	6.1781e-05
6.74	6.19639e-05
6.745	6.20567e-05
6.75	6.20622e-05
6.755	6.19834e-05
6.76	6.18232e-05
6.765	6.15847e-05
6.77	6.1271e-05
6.775	6.08855e-05
6.78	6.04314e-05
6.785	5.99121e-05
6.79	5.93313e-05
6.795	5.86925e-05
6.8	5.79994e-05
6.805	5.72556e-05
6.81	5.6465e-05
6.815	5.56312e-05
6.82	5.47582e-05
6.825	5.38498e-05
6.83	5.29098e-05
6.835	5.19421e-05
6.84	5.09503e-05
6.845	4.99385e-05
6.85	4.89103e-05
6.855	4.78695e-05
6.86	4.682e-05
6.865	4.57656e-05
6.87	4.47101e-05
6.875	4.36574e-05
6.88	4.26114e-05
6.885	4.1576e-05
6.89	4.05551e-05
6.895	3.95525e-05
6.9	3.85721e-05
6.905	3.76176e-05
6.91	3.66929e-05
6.915	3.58017e-05
6.92	3.49477e-05
6.925	3.41344e-05
6.93	3.33653e-05
6.935	3.26439e-05
6.94	3.19734e-05
6.945	3.13572e-05
6.95	3.07981e-05
6.955	3.02991e-05
6.96	2.98631e-05
6.965	2.94927e-05
6.97	2.91905e-05
6.975	2.89589e-05
6.98	2.88004e-05
6.985	2.87175e-05
6.99	2.87123e-05
6.995	2.87873e-05
7	2.89445e-05
7.005	2.9186e-05
7.01	2.95138e-05
7.015	2.99294e-05
7.02	3.04346e-05
7.025	3.10307e-05
7.03	3.17187e-05
7.035	3.24996e-05
7.04	3.3374e-05
7.045	3.43422e-05
7.05	3.54043e-05
7.055	3.65604e-05
7.06	3.78102e-05
7.065	3.91533e-05
7.07	4.05894e-05
7.075	4.21179e-05
7.08	4.37384e-05
7.085	4.54501e-05
7.09	4.72526e-05
7.095	4.9145e-05
7.1	5.11266e-05
7.105	5.31964e-05
7.11	5.53535e-05
7.115	5.75965e-05
7.12	5.99241e-05
7.125	6.23345e-05
7.13	6.48259e-05
7.135	6.73961e-05
7.14	7.00427e-05
7.145	7.27631e-05
7.15	7.55544e-05
7.155	7.84135e-05
7.16	8.13372e-05
7.165	8.43223e-05
7.17	8.73651e-05
7.175	9.04623e-05
7.18	9.36103e-05
7.185	9.68055e-05
7.19	0.000100044
7.195	0.000103324
7.2	0.000106639
7.205	0.000109988
7.21	0.000113366
7.215	0.000116769
7.22	0.000120195
7.225	0.000123639
7.23	0.000127097
7.235	0.000130566
7.24	0.000134042
7.245	0.000137521
7.25	0.000140998
7.255	0.000144471
7.26	0.000147935
7.265	0.000151386
7.27	0.00015482
7.275	0.000158232
7.28	0.000161619
7.285	0.000164976
7.29	0.0001683
7.295	0.000171586
7.3	0.00017483
7.305	0.000178028
7.31	0.000181177
7.315	0.000184272
7.32	0.000187309
7.325	0.000190285
7.33	0.000193195
7.335	0.000196037
7.34	0.000198806
7.345	0.0002015
7.35	0.000204115
7.355	0.000206648
7.36	0.000209096
7.365	0.000211455
7.37	0.000213724
7.375	0.000215899
7.38	0.000217979
7.385	0.000219961
7.39	0.000221842
7.395	0.000223621
7.4	0.000225296
7.405	0.000226865
7.41	0.000228326
7.415	0.000229679
7.42	0.000230922
7.425	0.000232052
7.43	0.000233071
7.435	0.000233975
7.44	0.000234765
7.445	0.000235439
7.45	0.000235998
7.455	0.00023644
7.46	0.000236765
7.465	0.000236973
7.47	0.000237064
7.475	0.000237039
7.48	0.000236897
7.485	0.000236639
7.49	0.000236265
7.495	0.000235776
7.5	0.000235173
7.505	0.000234455
7.51	0.000233624
7.515	0.000232682
7.52	0.000231628
7.525	0.000230464
7.53	0.000229191
7.535	0.000227812
7.54	0.000226326
7.545	0.000224737
7.55	0.000223046
7.555	0.000221254
7.56	0.000219364
7.565	0.000217378
7.57	0.000215298
7.575	0.000213126
7.58	0.000210864
7.585	0.000208514
7.59	0.00020608
7.595	0.000203563
7.6	0.000200966
7.605	0.000198292
7.61	0.000195543
7.615	0.000192723
7.62	0.000189833
7.625	0.000186878
7.63	0.00018386
7.635	0.000180781
7.64	0.000177646
7.645	0.000174456
7.65	0.000171214
7.655	0.000167924
7.66	0.000164588
7.665	0.000161209
7.67	0.000157788
7.675	0.00015433
7.68	0.000150836
7.685	0.000147309
7.69	0.000143751
7.695	0.000140165
7.7	0.000136554
7.705	0.000132919
7.71	0.000129264
7.715	0.000125591
7.72	0.000121903
7.725	0.000118203
7.73	0.000114492
7.735	0.000110773
7.74	0.000107048
7.745	0.00010332
7.75	9.95914e-05
7.755	9.58632e-05
7.76	9.21377e-05
7.765	8.84168e-05
7.77	8.47024e-05
7.775	8.09962e-05
7.78	7.73e-05
7.785	7.36155e-05
7.79	6.99445e-05
7.795	6.62887e-05
7.8	6.26498e-05
7.805	5.90296e-05
7.81	5.54297e-05
7.815	5.18519e-05
7.82	4.82978e-05
7.825	4.47689e-05
7.83	4.12667e-05
7.835	3.77926e-05
7.84	3.43477e-05
7.845	3.09334e-05
7.85	2.75506e-05
7.855	2.42003e-05
7.86	2.08834e-05
7.865	1.76008e-05
7.87	1.43531e-05
7.875	1.11411e-05
7.88	7.96545e-06
7.885	4.82676e-06
7.89	1.72567e-06
7.895	-1.33726e-06
7.9	-4.36144e-06
7.905	-7.34638e-06
7.91	-1.02916e-05
7.915	-1.31967e-05
7.92	-1.60613e-05
7.925	-1.88852e-05
7.93	-2.16681e-05
7.935	-2.44099e-05
7.94	-2.71104e-05
7.945	-2.97696e-05
7.95	-3.23877e-05
7.955	-3.49645e-05
7.96	-3.75003e-05
7.965	-3.99952e-05
7.97	-4.24492e-05
7.975	-4.48625e-05
7.98	-4.72352e-05
7.985	-4.95674e-05
7.99	-5.18593e-05
7.995	-5.4111e-05
8	-5.63225e-05
8.005	-5.84941e-05
8.01	-6.06259e-05
8.015	-6.2718e-05
8.02	-6.47704e-05
8.025	-6.67833e-05
8.03	-6.87568e-05
8.035	-7.06908e-05
8.04	-7.25855e-05
8.045	-7.4441e-05
8.05	-7.62572e-05
8.055	-7.80343e-05
8.06	-7.97723e-05
8.065	-8.14712e-05
8.07	-8.31311e-05
8.075	-8.47521e-05
8.08	-8.63341e-05
8.085	-8.78773e-05
8.09	-8.93818e-05
8.095	-9.08477e-05
8.1	-9.22749e-05
8.105	-9.36636e-05
8.11	-9.50137e-05
8.115	-9.63252e-05
8.12	-9.75981e-05
8.125	-9.88323e-05
8.13	-0.000100028
8.135	-0.000101185
8.14	-0.000102303
8.145	-0.000103383
8.15	-0.000104423
8.155	-0.000105426
8.16	-0.000106389
8.165	-0.000107314
8.17	-0.000108201
8.175	-0.000109049
8.18	-0.000109859
8.185	-0.000110631
8.19	-0.000111366
8.195	-0.000112063
8.2	-0.000112722
8.205	-0.000113343
8.21	-0.000113927
8.215	-0.000114473
8.22	-0.000114982
8.225	-0.000115454
8.23	-0.000115888
8.235	-0.000116285
8.24	-0.000116645
8.245	-0.000116968
8.25	-0.000117255
8.255	-0.000117505
8.26	-0.000117721
8.265	-0.000117901
8.27	-0.000118047
8.275	-0.000118159
8.28	-0.000118238
8.285	-0.000118285
8.29	-0.0001183
8.295	-0.000118284
8.3	-0.000118238
8.305	-0.000118162
8.31	-0.000118057
8.315	-0.000117924
8.32	-0.000117762
8.325	-0.000117573
8.33	-0.000117357
8.335	-0.000117115
8.34	-0.000116847
8.345	-0.000116553
8.35	-0.000116236
8.355	-0.000115894
8.36	-0.00011553
8.365	-0.000115144
8.37	-0.000114737
8.375	-0.000114309
8.38	-0.000113862
8.385	-0.000113396
8.39	-0.000112912
8.395	-0.000112412
8.4	-0.000111895
8.405	-0.000111363
8.41	-0.000110816
8.415	-0.000110255
8.42	-0.000109681
8.425	-0.000109095
8.43	-0.000108497
8.435	-0.000107887
8.44	-0.000107268
8.445	-0.000106639
8.45	-0.000106002
8.455	-0.000105357
8.46	-0.000104705
8.465	-0.000104047
8.47	-0.000103384
8.475	-0.000102718
8.48	-0.000102048
8.485	-0.000101375
8.49	-0.000100701
8.495	-0.000100026
8.5	-9.93501e-05
8.505	-9.86751e-05
8.51	-9.80013e-05
8.515	-9.73292e-05
8.52	-9.66595e-05
8.525	-9.59929e-05
8.53	-9.53301e-05
8.535	-9.46716e-05
8.54	-9.40182e-05
8.545	-9.33704e-05
8.55	-9.27289e-05
8.555	-9.20941e-05
8.56	-9.14666e-05
8.565	-9.08468e-05
8.57	-9.02351e-05
8.575	-8.96316e-05
8.58	-8.90365e-05
8.585	-8.845e-05
8.59	-8.78719e-05
8.595	-8.73023e-05
8.6	-8.67409e-05
8.605	-8.61876e-05
8.61	-8.56422e-05
8.615	-8.51044e-05
8.62	-8.45741e-05
8.625	-8.40509e-05
8.63	-8.35348e-05
8.635	-8.30256e-05
8.64	-8.25232e-05
8.645	-8.20274e-05
8.65	-8.15383e-05
8.655	-8.10558e-05
8.66	-8.05797e-05
8.665	-8.01099e-05
8.67	-7.96461e-05
8.675	-7.91879e-05
8.68	-7.87351e-05
8.685	-7.82871e-05
8.69	-7.78434e-05
8.695	-7.74035e-05
8.7	-7.69666e-05
8.705	-7.65321e-05
8.71	-7.60992e-05
8.715	-7.56671e-05
8.72	-7.52352e-05
8.725	-7.48026e-05
8.73	-7.43689e-05
8.735	-7.39332e-05
8.74	-7.34951e-05
8.745	-7.30539e-05
8.75	-7.26089e-05
8.755	-7.21596e-05
8.76	-7.17052e-05
8.765	-7.12452e-05
8.77	-7.07791e-05
8.775	-7.03061e-05
8.78	-6.98258e-05
8.785	-6.93374e-05
8.79	-6.88403e-05
8.795	-6.83339e-05
8.8	-6.78175e-05
8.805	-6.72904e-05
8.81	-6.67519e-05
8.815	-6.62016e-05
8.82	-6.56388e-05
8.825	-6.50629e-05
8.83	-6.44733e-05
8.835	-6.38693e-05
8.84	-6.32504e-05
8.845	-6.2616e-05
8.85	-6.19655e-05
8.855	-6.12984e-05
8.86	-6.06144e-05
8.865	-5.99128e-05
8.87	-5.91934e-05
8.875	-5.84555e-05
8.88	-5.76989e-05
8.885	-5.69231e-05
8.89	-5.61277e-05
8.895	-5.53123e-05
8.9	-5.44768e-05
8.905	-5.36209e-05
8.91	-5.27443e-05
8.915	-5.1847e-05
8.92	-5.09289e-05
8.925	-4.99899e-05
8.93	-4.90301e-05
8.935	-4.80495e-05
8.94	-4.70485e-05
8.945	-4.60272e-05
8.95	-4.49859e-05
8.955	-4.39251e-05
8.96	-4.2845e-05
8.965	-4.17459e-05
8.97	-4.06282e-05
8.975	-3.94922e-05
8.98	-3.83382e-05
8.985	-3.71666e-05
8.99	-3.59776e-05
8.995	-3.47717e-05
9	-3.3549e-05
9.005	-3.23099e-05
9.01	-3.10547e-05
9.015	-2.97839e-05
9.02	-2.84977e-05
9.025	-2.71967e-05
9.03	-2.58816e-05
9.035	-2.45529e-05
9.04	-2.32114e-05
9.045	-2.18577e-05
9.05	-2.04927e-05
9.055	-1.91171e-05
9.06	-1.77317e-05
9.065	-1.63374e-05
9.07	-1.49351e-05
9.075	-1.35256e-05
9.08	-1.21098e-05
9.085	-1.06886e-05
9.09	-9.26289e-06
9.095	-7.83336e-06
9.1	-6.40086e-06
9.105	-4.96617e-06
9.11	-3.53008e-06
9.115	-2.09339e-06
9.12	-6.56911e-07
9.125	7.78563e-07
9.13	2.21226e-06
9.135	3.6434e-06
9.14	5.07125e-06
9.145	6.49504e-06
9.15	7.91399e-06
9.155	9.32735e-06
9.16	1.07344e-05
9.165	1.21344e-05
9.17	1.35266e-05
9.175	1.49105e-05
9.18	1.62856e-05
9.185	1.76511e-05
9.19	1.90066e-05
9.195	2.03517e-05
9.2	2.16858e-05
9.205	2.30084e-05
9.21	2.43191e-05
9.215	2.56172e-05
9.22	2.69025e-05
9.225	2.81743e-05
9.23	2.94322e-05
9.235	3.06757e-05
9.24	3.19044e-05
9.245	3.31177e-05
9.25	3.43153e-05
9.255	3.54969e-05
9.26	3.66622e-05
9.265	3.78109e-05
9.27	3.8943e-05
9.275	4.00583e-05
9.28	4.11568e-05
9.285	4.22385e-05
9.29	4.33034e-05
9.295	4.43515e-05
9.3	4.53828e-05
9.305	4.63973e-05
9.31	4.7395e-05
9.315	4.83757e-05
9.32	4.93394e-05
9.325	5.02859e-05
9.33	5.12151e-05
9.335	5.21267e-05
9.34	5.30208e-05
9.345	5.38972e-05
9.35	5.47558e-05
9.355	5.55967e-05
9.36	5.64199e-05
9.365	5.72255e-05
9.37	5.80136e-05
9.375	5.87845e-05
9.38	5.95384e-05
9.385	6.02755e-05
9.39	6.09959e-05
9.395	6.16999e-05
9.4	6.23877e-05
9.405	6.30594e-05
9.41	6.37152e-05
9.415	6.43553e-05
9.42	6.49798e-05
9.425	6.55888e-05
9.43	6.61825e-05
9.435	6.67608e-05
9.44	6.7324e-05
9.445	6.78723e-05
9.45	6.84059e-05
9.455	6.89251e-05
9.46	6.94302e-05
9.465	6.99214e-05
9.47	7.03991e-05
9.475	7.08637e-05
9.48	7.13153e-05
9.485	7.17542e-05
9.49	7.21808e-05
9.495	7.25953e-05
9.5	7.2998e-05
9.505	7.3389e-05
9.51	7.37684e-05
9.515	7.41364e-05
9.52	7.4493e-05
9.525	7.48383e-05
9.53	7.51723e-05
9.535	7.54953e-05
9.54	7.58072e-05
9.545	7.61083e-05
9.55	7.63985e-05
9.555	7.66781e-05
9.56	7.69471e-05
9.565	7.72058e-05
9.57	7.74542e-05
9.575	7.76924e-05
9.58	7.79204e-05
9.585	7.81383e-05
9.59	7.8346e-05
9.595	7.85434e-05
9.6	7.87304e-05
9.605	7.89067e-05
9.61	7.90721e-05
9.615	7.92265e-05
9.62	7.93695e-05
9.625	7.95009e-05
9.63	7.96206e-05
9.635	7.97284e-05
9.64	7.98241e-05
9.645	7.99075e-05
9.65	7.99786e-05
9.655	8.00372e-05
9.66	8.00832e-05
9.665	8.01165e-05
9.67	8.01368e-05
9.675	8.01443e-05
9.68	8.01388e-05
9.685	8.01201e-05
9.69	8.00882e-05
9.695	8.00429e-05
9.7	7.99841e-05
9.705	7.99115e-05
9.71	7.98251e-05
9.715	7.97246e-05
9.72	7.96101e-05
9.725	7.94812e-05
9.73	7.93378e-05
9.735	7.91797e-05
9.74	7.90067e-05
9.745	7.88187e-05
9.75	7.86154e-05
9.755	7.83969e-05
9.76	7.81629e-05
9.765	7.79135e-05
9.77	7.76486e-05
9.775	7.73682e-05
9.78	7.70722e-05
9.785	7.67605e-05
9.79	7.64333e-05
9.795	7.60906e-05
9.8	7.57326e-05
9.805	7.53593e-05
9.81	7.49708e-05
9.815	7.45673e-05
9.82	7.41489e-05
9.825	7.37154e-05
9.83	7.32671e-05
9.835	7.28039e-05
9.84	7.23258e-05
9.845	7.1833e-05
9.85	7.13253e-05
9.855	7.08029e-05
9.86	7.02656e-05
9.865	6.97135e-05
9.87	6.91465e-05
9.875	6.85646e-05
9.88	6.7968e-05
9.885	6.73567e-05
9.89	6.67309e-05
9.895	6.60909e-05
9.9	6.54368e-05
9.905	6.47689e-05
9.91	6.40874e-05
9.915	6.33925e-05
9.92	6.26845e-05
9.925	6.19636e-05
9.93	6.123e-05
9.935	6.04842e-05
9.94	5.97262e-05
9.945	5.89564e-05
9.95	5.81749e-05
9.955	5.73819e-05
9.96	5.65778e-05
9.965	5.57626e-05
9.97	5.49367e-05
9.975	5.41004e-05
9.98	5.32539e-05
9.985	5.23976e-05
9.99	5.15317e-05
9.995	5.06566e-05
10	4.97724e-05
10.005	4.88794e-05
10.01	4.7978e-05
10.015	4.70686e-05
10.02	4.61515e-05
10.025	4.52269e-05
10.03	4.42952e-05
10.035	4.33567e-05
10.04	4.24115e-05
10.045	4.14599e-05
10.05	4.05022e-05
10.055	3.95386e-05
10.06	3.85694e-05
10.065	3.7595e-05
10.07	3.66156e-05
10.075	3.56316e-05
10.08	3.46433e-05
10.085	3.36511e-05
10.09	3.26551e-05
10.095	3.16558e-05
10.1	3.06534e-05
10.105	2.96482e-05
10.11	2.86405e-05
10.115	2.76305e-05
10.12	2.66183e-05
10.125	2.56041e-05
10.13	2.4588e-05
10.135	2.357e-05
10.14	2.25505e-05
10.145	2.15294e-05
10.15	2.0507e-05
10.155	1.94834e-05
10.16	1.84587e-05
10.165	1.74332e-05
10.17	1.64069e-05
10.175	1.538e-05
10.18	1.43527e-05
10.185	1.33249e-05
10.19	1.2297e-05
10.195	1.12691e-05
10.2	1.02413e-05
10.205	9.21369e-06
10.21	8.18642e-06
10.215	7.1595e-06
10.22	6.13302e-06
10.225	5.10707e-06
10.23	4.08177e-06
10.235	3.05723e-06
10.24	2.03358e-06
10.245	1.01094e-06
10.25	-1.05775e-08
10.255	-1.03085e-06
10.26	-2.04976e-06
10.265	-3.0672e-06
10.27	-4.08307e-06
10.275	-5.09722e-06
10.28	-6.10951e-06
10.285	-7.11978e-06
10.29	-8.12789e-06
10.295	-9.13378e-06
10.3	-1.01374e-05
10.305	-1.11386e-05
10.31	-1.21373e-05
10.315	-1.31333e-05
10.32	-1.41264e-05
10.325	-1.51165e-05
10.33	-1.61034e-05
10.335	-1.70868e-05
10.34	-1.80667e-05
10.345	-1.90427e-05
10.35	-2.00147e-05
10.355	-2.09824e-05
10.36	-2.19455e-05
10.365	-2.29039e-05
10.37	-2.38571e-05
10.375	-2.48048e-05
10.38	-2.5747e-05
10.385	-2.66831e-05
10.39	-2.76132e-05
10.395	-2.85368e-05
10.4	-2.94538e-05
10.405	-3.03638e-05
10.41	-3.12664e-05
10.415	-3.21614e-05
10.42	-3.30483e-05
10.425	-3.39268e-05
10.43	-3.47966e-05
10.435	-3.56573e-05
10.44	-3.65085e-05
10.445	-3.735e-05
10.45	-3.81813e-05
10.455	-3.90021e-05
10.46	-3.98121e-05
10.465	-4.06109e-05
10.47	-4.13982e-05
10.475	-4.21737e-05
10.48	-4.29372e-05
10.485	-4.36882e-05
10.49	-4.44266e-05
10.495	-4.51518e-05
10.5	-4.58636e-05
10.505	-4.65615e-05
10.51	-4.72452e-05
10.515	-4.79144e-05
10.52	-4.85688e-05
10.525	-4.92079e-05
10.53	-4.98315e-05
10.535	-5.04391e-05
10.54	-5.10303e-05
10.545	-5.1605e-05
10.55	-5.21627e-05
10.555	-5.27032e-05
10.56	-5.32262e-05
10.565	-5.37316e-05
10.57	-5.42191e-05
10.575	-5.46885e-05
10.58	-5.51397e-05
10.585	-5.55723e-05
10.59	-5.59863e-05
10.595	-5.63814e-05
10.6	-5.67574e-05
10.605	-5.71142e-05
10.61	-5.74517e-05
10.615	-5.77697e-05
10.62	-5.8068e-05
10.625	-5.83465e-05
10.63	-5.8605e-05
10.635	-5.88436e-05
10.64	-5.9062e-05
10.645	-5.92604e-05
10.65	-5.94387e-05
10.655	-5.9597e-05
10.66	-5.97352e-05
10.665	-5.98536e-05
10.67	-5.99521e-05
10.675	-6.00308e-05
10.68	-6.00898e-05
10.685	-6.01293e-05
10.69	-6.01494e-05
10.695	-6.01503e-05
10.7	-6.01321e-05
10.705	-6.00951e-05
10.71	-6.00394e-05
10.715	-5.99652e-05
10.72	-5.98728e-05
10.725	-5.97625e-05
10.73	-5.96346e-05
10.735	-5.94894e-05
10.74	-5.93273e-05
10.745	-5.91488e-05
10.75	-5.89541e-05
10.755	-5.87436e-05
10.76	-5.85178e-05
10.765	-5.82771e-05
10.77	-5.80218e-05
10.775	-5.77523e-05
10.78	-5.7469e-05
10.785	-5.71724e-05
10.79	-5.68629e-05
10.795	-5.65409e-05
10.8	-5.62069e-05
10.805	-5.58612e-05
10.81	-5.55044e-05
10.815	-5.5137e-05
10.82	-5.47594e-05
10.825	-5.43722e-05
10.83	-5.39759e-05
10.835	-5.3571e-05
10.84	-5.31582e-05
10.845	-5.27379e-05
10.85	-5.23106e-05
10.855	-5.18769e-05
10.86	-5.14371e-05
10.865	-5.09918e-05
10.87	-5.05415e-05
10.875	-5.00866e-05
10.88	-4.96276e-05
10.885	-4.91649e-05
10.89	-4.8699e-05
10.895	-4.82303e-05
10.9	-4.77593e-05
10.905	-4.72865e-05
10.91	-4.68124e-05
10.915	-4.63375e-05
10.92	-4.58622e-05
10.925	-4.53872e-05
10.93	-4.49128e-05
10.935	-4.44394e-05
10.94	-4.39675e-05
10.945	-4.34974e-05
10.95	-4.30294e-05
10.955	-4.2564e-05
10.96	-4.21013e-05
10.965	-4.16417e-05
10.97	-4.11854e-05
10.975	-4.07328e-05
10.98	-4.0284e-05
10.985	-3.98393e-05
10.99	-3.93988e-05
10.995	-3.8963e-05
11	-3.85319e-05
11.005	-3.81059e-05
11.01	-3.76852e-05
11.015	-3.727e-05
11.02	-3.68604e-05
11.025	-3.64564e-05
11.03	-3.60582e-05
11.035	-3.56658e-05
11.04	-3.52792e-05
11.045	-3.48983e-05
11.05	-3.45231e-05
11.055	-3.41537e-05
11.06	-3.37898e-05
11.065	-3.34316e-05
11.07	-3.30788e-05
11.075	-3.27315e-05
11.08	-3.23896e-05
11.085	-3.2053e-05
11.09	-3.17218e-05
11.095	-3.13957e-05
11.1	-3.10749e-05
11.105	-3.0759e-05
11.11	-3.0448e-05
11.115	-3.01417e-05
11.12	-2.98398e-05
11.125	-2.9542e-05
11.13	-2.92481e-05
11.135	-2.89577e-05
11.14	-2.86705e-05
11.145	-2.83862e-05
11.15	-2.81044e-05
11.155	-2.78246e-05
11.16	-2.75467e-05
11.165	-2.72701e-05
11.17	-2.69946e-05
11.175	-2.672e-05
11.18	-2.64459e-05
11.185	-2.61721e-05
11.19	-2.58984e-05
11.195	-2.56246e-05
11.2	-2.53503e-05
11.205	-2.50751e-05
11.21	-2.47989e-05
11.215	-2.45213e-05
11.22	-2.42418e-05
11.225	-2.39603e-05
11.23	-2.36763e-05
11.235	-2.33896e-05
11.24	-2.30997e-05
11.245	-2.28064e-05
11.25	-2.25092e-05
11.255	-2.22078e-05
11.26	-2.19021e-05
11.265	-2.15917e-05
11.27	-2.12765e-05
11.275	-2.09562e-05
11.28	-2.06305e-05
11.285	-2.02994e-05
11.29	-1.99624e-05
11.295	-1.96193e-05
11.3	-1.92699e-05
11.305	-1.8914e-05
11.31	-1.85512e-05
11.315	-1.81815e-05
11.32	-1.78046e-05
11.325	-1.74204e-05
11.33	-1.70285e-05
11.335	-1.6629e-05
11.34	-1.62215e-05
11.345	-1.58061e-05
11.35	-1.53827e-05
11.355	-1.49513e-05
11.36	-1.45117e-05
11.365	-1.40641e-05
11.37	-1.36083e-05
11.375	-1.31444e-05
11.38	-1.26722e-05
11.385	-1.21918e-05
11.39	-1.17031e-05
11.395	-1.12061e-05
11.4	-1.07007e-05
11.405	-1.01871e-05
11.41	-9.66504e-06
11.415	-9.1347e-06
11.42	-8.59603e-06
11.425	-8.04905e-06
11.43	-7.49385e-06
11.435	-6.93055e-06
11.44	-6.35932e-06
11.445	-5.78037e-06
11.45	-5.19387e-06
11.455	-4.60003e-06
11.46	-3.99904e-06
11.465	-3.39112e-06
11.47	-2.77651e-06
11.475	-2.15545e-06
11.48	-1.52817e-06
11.485	-8.94913e-07
11.49	-2.55934e-07
11.495	3.88506e-07
11.5	1.03814e-06
11.505	1.69272e-06
11.51	2.35199e-06
11.515	3.01566e-06
11.52	3.68344e-06
11.525	4.35499e-06
11.53	5.02997e-06
11.535	5.70801e-06
11.54	6.38879e-06
11.545	7.07201e-06
11.55	7.75733e-06
11.555	8.44443e-06
11.56	9.13299e-06
11.565	9.82266e-06
11.57	1.05131e-05
11.575	1.12041e-05
11.58	1.18951e-05
11.585	1.2586e-05
11.59	1.32764e-05
11.595	1.39659e-05
11.6	1.46543e-05
11.605	1.53411e-05
11.61	1.6026e-05
11.615	1.67087e-05
11.62	1.73886e-05
11.625	1.80655e-05
11.63	1.87389e-05
11.635	1.94086e-05
11.64	2.00741e-05
11.645	2.07351e-05
11.65	2.13912e-05
11.655	2.2042e-05
11.66	2.26873e-05
11.665	2.33268e-05
11.67	2.39602e-05
11.675	2.45873e-05
11.68	2.52077e-05
11.685	2.58212e-05
11.69	2.64276e-05
11.695	2.70266e-05
11.7	2.76179e-05
11.705	2.82014e-05
11.71	2.87767e-05
11.715	2.93436e-05
11.72	2.99019e-05
11.725	3.04511e-05
11.73	3.09913e-05
11.735	3.15219e-05
11.74	3.20429e-05
11.745	3.25539e-05
11.75	3.30546e-05
11.755	3.3545e-05
11.76	3.40248e-05
11.765	3.44939e-05
11.77	3.4952e-05
11.775	3.5399e-05
11.78	3.58349e-05
11.785	3.62595e-05
11.79	3.66727e-05
11.795	3.70744e-05
11.8	3.74645e-05
11.805	3.78428e-05
11.81	3.82093e-05
11.815	3.85639e-05
11.82	3.89063e-05
11.825	3.92365e-05
11.83	3.95543e-05
11.835	3.98596e-05
11.84	4.01522e-05
11.845	4.04321e-05
11.85	4.0699e-05
11.855	4.0953e-05
11.86	4.11939e-05
11.865	4.14216e-05
11.87	4.16361e-05
11.875	4.18373e-05
11.88	4.20253e-05
11.885	4.22e-05
11.89	4.23615e-05
11.895	4.25097e-05
11.9	4.26448e-05
11.905	4.27666e-05
11.91	4.28754e-05
11.915	4.2971e-05
11.92	4.30537e-05
11.925	4.31233e-05
11.93	4.318e-05
11.935	4.32236e-05
11.94	4.32542e-05
11.945	4.32719e-05
11.95	4.32766e-05
11.955	4.32683e-05
11.96	4.3247e-05
11.965	4.32127e-05
11.97	4.31656e-05
11.975	4.31056e-05
11.98	4.30327e-05
11.985	4.29472e-05
11.99	4.28489e-05
11.995	4.27381e-05
12	4.26148e-05
12.005	4.24793e-05
12.01	4.23317e-05
12.015	4.2172e-05
12.02	4.20005e-05
12.025	4.18172e-05
12.03	4.16223e-05
12.035	4.1416e-05
12.04	4.11984e-05
12.045	4.09696e-05
12.05	4.07298e-05
12.055	4.04792e-05
12.06	4.02178e-05
12.065	3.9946e-05
12.07	3.96638e-05
12.075	3.93715e-05
12.08	3.90691e-05
12.085	3.87569e-05
12.09	3.8435e-05
12.095	3.81036e-05
12.1	3.77629e-05
12.105	3.7413e-05
12.11	3.70543e-05
12.115	3.66867e-05
12.12	3.63106e-05
12.125	3.59261e-05
12.13	3.55336e-05
12.135	3.51332e-05
12.14	3.47251e-05
12.145	3.43096e-05
12.15	3.38868e-05
12.155	3.34571e-05
12.16	3.30207e-05
12.165	3.25778e-05
12.17	3.21287e-05
12.175	3.16736e-05
12.18	3.12127e-05
12.185	3.07464e-05
12.19	3.0275e-05
12.195	2.97988e-05
12.2	2.9318e-05
12.205	2.88329e-05
12.21	2.83437e-05
12.215	2.78507e-05
12.22	2.73542e-05
12.225	2.68545e-05
12.23	2.63519e-05
12.235	2.58465e-05
12.24	2.53386e-05
12.245	2.48286e-05
12.25	2.43166e-05
12.255	2.3803e-05
12.26	2.3288e-05
12.265	2.27719e-05
12.27	2.2255e-05
12.275	2.17376e-05
12.28	2.122e-05
12.285	2.07025e-05
12.29	2.01854e-05
12.295	1.96688e-05
12.3	1.9153e-05
12.305	1.86383e-05
12.31	1.8125e-05
12.315	1.76133e-05
12.32	1.71035e-05
12.325	1.65958e-05
12.33	1.60905e-05
12.335	1.55877e-05
12.34	1.50878e-05
12.345	1.4591e-05
12.35	1.40976e-05
12.355	1.36077e-05
12.36	1.31217e-05
12.365	1.26396e-05
12.37	1.21618e-05
12.375	1.16885e-05
12.38	1.12198e-05
12.385	1.07559e-05
12.39	1.02968e-05
12.395	9.84294e-06
12.4	9.3943e-06
12.405	8.95107e-06
12.41	8.51338e-06
12.415	8.08133e-06
12.42	7.655e-06
12.425	7.2345e-06
12.43	6.81994e-06
12.435	6.41143e-06
12.44	6.00907e-06
12.445	5.61293e-06
12.45	5.2231e-06
12.455	4.83966e-06
12.46	4.46269e-06
12.465	4.09228e-06
12.47	3.72845e-06
12.475	3.37123e-06
12.48	3.02064e-06
12.485	2.6767e-06
12.49	2.33944e-06
12.495	2.00886e-06
12.5	1.68493e-06
12.505	1.36756e-06
12.51	1.05668e-06
12.515	7.52207e-07
12.52	4.54105e-07
12.525	1.62328e-07
12.53	-1.23186e-07
12.535	-4.02526e-07
12.54	-6.75801e-07
12.545	-9.43115e-07
12.55	-1.20457e-06
12.555	-1.46026e-06
12.56	-1.71031e-06
12.565	-1.95485e-06
12.57	-2.19403e-06
12.575	-2.428e-06
12.58	-2.6569e-06
12.585	-2.88086e-06
12.59	-3.10005e-06
12.595	-3.31465e-06
12.6	-3.52486e-06
12.605	-3.73086e-06
12.61	-3.93281e-06
12.615	-4.13084e-06
12.62	-4.32512e-06
12.625	-4.51582e-06
12.63	-4.70314e-06
12.635	-4.8873e-06
12.64	-5.06847e-06
12.645	-5.24683e-06
12.65	-5.42255e-06
12.655	-5.59581e-06
12.66	-5.76682e-06
12.665	-5.93581e-06
12.67	-6.10298e-06
12.675	-6.26855e-06
12.68	-6.43274e-06
12.685	-6.59577e-06
12.69	-6.7579e-06
12.695	-6.91936e-06
12.7	-7.08033e-06
12.705	-7.24103e-06
12.71	-7.40163e-06
12.715	-7.56235e-06
12.72	-7.72339e-06
12.725	-7.88495e-06
12.73	-8.04719e-06
12.735	-8.21023e-06
12.74	-8.37415e-06
12.745	-8.53906e-06
12.75	-8.70509e-06
12.755	-8.87237e-06
12.76	-9.04103e-06
12.765	-9.21118e-06
12.77	-9.3829e-06
12.775	-9.55629e-06
12.78	-9.73146e-06
12.785	-9.90851e-06
12.79	-1.00876e-05
12.795	-1.02687e-05
12.8	-1.04519e-05
12.805	-1.06374e-05
12.81	-1.08253e-05
12.815	-1.10156e-05
12.82	-1.12084e-05
12.825	-1.14036e-05
12.83	-1.16014e-05
12.835	-1.18017e-05
12.84	-1.20044e-05
12.845	-1.22098e-05
12.85	-1.24176e-05
12.855	-1.2628e-05
12.86	-1.28409e-05
12.865	-1.30562e-05
12.87	-1.32738e-05
12.875	-1.34938e-05
12.88	-1.3716e-05
12.885	-1.39405e-05
12.89	-1.4167e-05
12.895	-1.43956e-05
12.9	-1.46262e-05
12.905	-1.48587e-05
12.91	-1.5093e-05
12.915	-1.53289e-05
12.92	-1.55664e-05
12.925	-1.58053e-05
12.93	-1.60454e-05
12.935	-1.62866e-05
12.94	-1.65288e-05
12.945	-1.67719e-05
12.95	-1.70156e-05
12.955	-1.72599e-05
12.96	-1.75045e-05
12.965	-1.77494e-05
12.97	-1.79943e-05
12.975	-1.82391e-05
12.98	-1.84837e-05
12.985	-1.87279e-05
12.99	-1.89716e-05
12.995	-1.92145e-05
13	-1.94564e-05
13.005	-1.96973e-05
13.01	-1.99368e-05
13.015	-2.01747e-05
13.02	-2.04109e-05
13.025	-2.06451e-05
13.03	-2.08772e-05
13.035	-2.11069e-05
13.04	-2.13341e-05
13.045	-2.15586e-05
13.05	-2.178e-05
13.055	-2.19983e-05
13.06	-2.22132e-05
13.065	-2.24246e-05
13.07	-2.26323e-05
13.075	-2.28361e-05
13.08	-2.30358e-05
13.085	-2.32313e-05
13.09	-2.34224e-05
13.095	-2.36088e-05
13.1	-2.37905e-05
13.105	-2.39671e-05
13.11	-2.41386e-05
13.115	-2.43048e-05
13.12	-2.44654e-05
13.125	-2.46205e-05
13.13	-2.47697e-05
13.135	-2.49129e-05
13.14	-2.50499e-05
13.145	-2.51807e-05
13.15	-2.53051e-05
13.155	-2.5423e-05
13.16	-2.55343e-05
13.165	-2.56389e-05
13.17	-2.57367e-05
13.175	-2.58275e-05
13.18	-2.59112e-05
13.185	-2.59877e-05
13.19	-2.6057e-05
13.195	-2.6119e-05
13.2	-2.61735e-05
13.205	-2.62205e-05
13.21	-2.62598e-05
13.215	-2.62916e-05
13.22	-2.63157e-05
13.225	-2.6332e-05
13.23	-2.63406e-05
13.235	-2.63414e-05
13.24	-2.63343e-05
13.245	-2.63195e-05
13.25	-2.62968e-05
13.255	-2.62664e-05
13.26	-2.62281e-05
13.265	-2.6182e-05
13.27	-2.6128e-05
13.275	-2.60661e-05
13.28	-2.59964e-05
13.285	-2.59188e-05
13.29	-2.58333e-05
13.295	-2.574e-05
13.3	-2.56389e-05
13.305	-2.553e-05
13.31	-2.54133e-05
13.315	-2.5289e-05
13.32	-2.5157e-05
13.325	-2.50175e-05
13.33	-2.48706e-05
13.335	-2.47163e-05
13.34	-2.45548e-05
13.345	-2.43862e-05
13.35	-2.42106e-05
13.355	-2.40281e-05
13.36	-2.38387e-05
13.365	-2.36426e-05
13.37	-2.34398e-05
13.375	-2.32304e-05
13.38	-2.30146e-05
13.385	-2.27923e-05
13.39	-2.25638e-05
13.395	-2.23291e-05
13.4	-2.20883e-05
13.405	-2.18415e-05
13.41	-2.15888e-05
13.415	-2.13304e-05
13.42	-2.10663e-05
13.425	-2.07968e-05
13.43	-2.0522e-05
13.435	-2.02419e-05
13.44	-1.99569e-05
13.445	-1.96669e-05
13.45	-1.93722e-05
13.455	-1.90727e-05
13.46	-1.87688e-05
13.465	-1.84606e-05
13.47	-1.81482e-05
13.475	-1.78318e-05
13.48	-1.75116e-05
13.485	-1.71875e-05
13.49	-1.68599e-05
13.495	-1.65288e-05
13.5	-1.61944e-05
13.505	-1.58569e-05
13.51	-1.55163e-05
13.515	-1.51728e-05
13.52	-1.48267e-05
13.525	-1.44779e-05
13.53	-1.41268e-05
13.535	-1.37733e-05
13.54	-1.34177e-05
13.545	-1.306e-05
13.55	-1.27005e-05
13.555	-1.23393e-05
13.56	-1.19766e-05
13.565	-1.16125e-05
13.57	-1.12472e-05
13.575	-1.08808e-05
13.58	-1.05135e-05
13.585	-1.01453e-05
13.59	-9.77645e-06
13.595	-9.40709e-06
13.6	-9.03737e-06
13.605	-8.66743e-06
13.61	-8.29745e-06
13.615	-7.92758e-06
13.62	-7.55797e-06
13.625	-7.18872e-06
13.63	-6.81995e-06
13.635	-6.45177e-06
13.64	-6.08432e-06
13.645	-5.71775e-06
13.65	-5.3522e-06
13.655	-4.98783e-06
13.66	-4.62472e-06
13.665	-4.263e-06
13.67	-3.90279e-06
13.675	-3.54419e-06
13.68	-3.18736e-06
13.685	-2.83242e-06
13.69	-2.4795e-06
13.695	-2.12874e-06
13.7	-1.78026e-06
13.705	-1.43418e-06
13.71	-1.0906e-06
13.715	-7.49603e-07
13.72	-4.11248e-07
13.725	-7.56195e-08
13.73	2.57176e-07
13.735	5.8701e-07
13.74	9.13751e-07
13.745	1.23729e-06
13.75	1.55757e-06
13.755	1.87451e-06
13.76	2.18808e-06
13.765	2.4982e-06
13.77	2.80478e-06
13.775	3.10771e-06
13.78	3.40691e-06
13.785	3.70228e-06
13.79	3.99377e-06
13.795	4.28129e-06
13.8	4.56481e-06
13.805	4.84427e-06
13.81	5.11962e-06
13.815	5.39082e-06
13.82	5.65777e-06
13.825	5.9204e-06
13.83	6.17864e-06
13.835	6.43242e-06
13.84	6.68175e-06
13.845	6.92662e-06
13.85	7.16705e-06
13.855	7.40302e-06
13.86	7.63448e-06
13.865	7.86138e-06
13.87	8.08369e-06
13.875	8.30139e-06
13.88	8.51447e-06
13.885	8.72296e-06
13.89	8.92685e-06
13.895	9.12614e-06
13.9	9.32083e-06
13.905	9.5109e-06
13.91	9.69636e-06
13.915	9.87718e-06
13.92	1.00533e-05
13.925	1.02249e-05
13.93	1.03918e-05
13.935	1.05542e-05
13.94	1.07121e-05
13.945	1.08655e-05
13.95	1.10144e-05
13.955	1.11589e-05
13.96	1.12989e-05
13.965	1.14345e-05
13.97	1.15657e-05
13.975	1.16927e-05
13.98	1.18154e-05
13.985	1.19339e-05
13.99	1.20482e-05
13.995	1.21585e-05
14	1.22647e-05
14.005	1.23669e-05
14.01	1.24651e-05
14.015	1.25595e-05
14.02	1.26501e-05
14.025	1.27371e-05
14.03	1.28204e-05
14.035	1.29003e-05
14.04	1.29767e-05
14.045	1.30497e-05
14.05	1.31194e-05
14.055	1.31858e-05
14.06	1.3249e-05
14.065	1.33092e-05
14.07	1.33664e-05
14.075	1.34206e-05
14.08	1.34721e-05
14.085	1.35207e-05
14.09	1.35665e-05
14.095	1.36097e-05
14.1	1.36503e-05
14.105	1.36885e-05
14.11	1.37243e-05
14.115	1.37579e-05
14.12	1.37894e-05
14.125	1.38188e-05
14.13	1.38463e-05
14.135	1.38719e-05
14.14	1.38956e-05
14.145	1.39177e-05
14.15	1.3938e-05
14.155	1.39568e-05
14.16	1.39741e-05
14.165	1.399e-05
14.17	1.40044e-05
14.175	1.40174e-05
14.18	1.40291e-05
14.185	1.40396e-05
14.19	1.40488e-05
14.195	1.4057e-05
14.2	1.40642e-05
14.205	1.40704e-05
14.21	1.40758e-05
14.215	1.40803e-05
14.22	1.40842e-05
14.225	1.40873e-05
14.23	1.40899e-05
14.235	1.40918e-05
14.24	1.40932e-05
14.245	1.4094e-05
14.25	1.40944e-05
14.255	1.40943e-05
14.26	1.40937e-05
14.265	1.40927e-05
14.27	1.40911e-05
14.275	1.40891e-05
14.28	1.40867e-05
14.285	1.40838e-05
14.29	1.40806e-05
14.295	1.4077e-05
14.3	1.40731e-05
14.305	1.40688e-05
14.31	1.40642e-05
14.315	1.40592e-05
14.32	1.40539e-05
14.325	1.40483e-05
14.33	1.40422e-05
14.335	1.40358e-05
14.34	1.4029e-05
14.345	1.40217e-05
14.35	1.40139e-05
14.355	1.40056e-05
14.36	1.39966e-05
14.365	1.39871e-05
14.37	1.39769e-05
14.375	1.3966e-05
14.38	1.39545e-05
14.385	1.39422e-05
14.39	1.39292e-05
14.395	1.39154e-05
14.4	1.39007e-05
14.405	1.38851e-05
14.41	1.38686e-05
14.415	1.3851e-05
14.42	1.38324e-05
14.425	1.38127e-05
14.43	1.37919e-05
14.435	1.37697e-05
14.44	1.37463e-05
14.445	1.37214e-05
14.45	1.36951e-05
14.455	1.36672e-05
14.46	1.36377e-05
14.465	1.36066e-05
14.47	1.35738e-05
14.475	1.35393e-05
14.48	1.35029e-05
14.485	1.34647e-05
14.49	1.34245e-05
14.495	1.33823e-05
14.5	1.33381e-05
14.505	1.32918e-05
14.51	1.32433e-05
14.515	1.31927e-05
14.52	1.31397e-05
14.525	1.30845e-05
14.53	1.30268e-05
14.535	1.29667e-05
14.54	1.29042e-05
14.545	1.2839e-05
14.55	1.27713e-05
14.555	1.27009e-05
14.56	1.26278e-05
14.565	1.2552e-05
14.57	1.24735e-05
14.575	1.23921e-05
14.58	1.23079e-05
14.585	1.22208e-05
14.59	1.21308e-05
14.595	1.2038e-05
14.6	1.19421e-05
14.605	1.18433e-05
14.61	1.17415e-05
14.615	1.16367e-05
14.62	1.15288e-05
14.625	1.14178e-05
14.63	1.13038e-05
14.635	1.11867e-05
14.64	1.10666e-05
14.645	1.09434e-05
14.65	1.08171e-05
14.655	1.06878e-05
14.66	1.05555e-05
14.665	1.04201e-05
14.67	1.02818e-05
14.675	1.01404e-05
14.68	9.99617e-06
14.685	9.84895e-06
14.69	9.69881e-06
14.695	9.54577e-06
14.7	9.38986e-06
14.705	9.23111e-06
14.71	9.06957e-06
14.715	8.90527e-06
14.72	8.73827e-06
14.725	8.5686e-06
14.73	8.39629e-06
14.735	8.2214e-06
14.74	8.04399e-06
14.745	7.86412e-06
14.75	7.68184e-06
14.755	7.49722e-06
14.76	7.31029e-06
14.765	7.12113e-06
14.77	6.9298e-06
14.775	6.73636e-06
14.78	6.54088e-06
14.785	6.34343e-06
14.79	6.14409e-06
14.795	5.94295e-06
14.8	5.74009e-06
14.805	5.53561e-06
14.81	5.3296e-06
14.815	5.12213e-06
14.82	4.91328e-06
14.825	4.70314e-06
14.83	4.4918e-06
14.835	4.27934e-06
14.84	4.06585e-06
14.845	3.85144e-06
14.85	3.63616e-06
14.855	3.42011e-06
14.86	3.20334e-06
14.865	2.98594e-06
14.87	2.76796e-06
14.875	2.5495e-06
14.88	2.33063e-06
14.885	2.11145e-06
14.89	1.89206e-06
14.895	1.67255e-06
14.9	1.453e-06
14.905	1.2335e-06
14.91	1.01411e-06
14.915	7.94919e-07
14.92	5.7602e-07
14.925	3.57507e-07
14.93	1.39474e-07
14.935	-7.79923e-08
14.94	-2.94815e-07
14.945	-5.10927e-07
14.95	-7.26264e-07
14.955	-9.40761e-07
14.96	-1.15435e-06
14.965	-1.36695e-06
14.97	-1.57849e-06
14.975	-1.78889e-06
14.98	-1.99807e-06
14.985	-2.20596e-06
14.99	-2.41251e-06
14.995	-2.61766e-06
15	-2.82136e-06
15.005	-3.02355e-06
15.01	-3.22415e-06
15.015	-3.42309e-06
15.02	-3.6203e-06
15.025	-3.81572e-06
15.03	-4.00929e-06
15.035	-4.20097e-06
15.04	-4.39073e-06
15.045	-4.57851e-06
15.05	-4.76428e-06
15.055	-4.948e-06
15.06	-5.12962e-06
15.065	-5.30909e-06
15.07	-5.48639e-06
15.075	-5.66147e-06
15.08	-5.83431e-06
15.085	-6.0049e-06
15.09	-6.17319e-06
15.095	-6.33916e-06
15.1	-6.50274e-06
15.105	-6.66389e-06
15.11	-6.82255e-06
15.115	-6.97868e-06
15.12	-7.13226e-06
15.125	-7.28327e-06
15.13	-7.4317e-06
15.135	-7.57754e-06
15.14	-7.72075e-06
15.145	-7.8613e-06
15.15	-7.99917e-06
15.155	-8.13433e-06
15.16	-8.26676e-06
15.165	-8.39647e-06
15.17	-8.52346e-06
15.175	-8.64774e-06
15.18	-8.76932e-06
15.185	-8.88821e-06
15.19	-9.00438e-06
15.195	-9.11783e-06
15.2	-9.22854e-06
15.205	-9.3365e-06
15.21	-9.44171e-06
15.215	-9.5442e-06
15.22	-9.64398e-06
15.225	-9.74104e-06
15.23	-9.83537e-06
15.235	-9.92694e-06
15.24	-1.00157e-05
15.245	-1.01017e-05
15.25	-1.01849e-05
15.255	-1.02652e-05
15.26	-1.03428e-05
15.265	-1.04177e-05
15.27	-1.04898e-05
15.275	-1.05592e-05
15.28	-1.06259e-05
15.285	-1.06898e-05
15.29	-1.07511e-05
15.295	-1.08096e-05
15.3	-1.08655e-05
15.305	-1.09188e-05
15.31	-1.09696e-05
15.315	-1.10178e-05
15.32	-1.10635e-05
15.325	-1.11067e-05
15.33	-1.11474e-05
15.335	-1.11855e-05
15.34	-1.12211e-05
15.345	-1.12542e-05
15.35	-1.12849e-05
15.355	-1.13132e-05
15.36	-1.1339e-05
15.365	-1.13624e-05
15.37	-1.13833e-05
15.375	-1.14018e-05
15.38	-1.14178e-05
15.385	-1.14315e-05
15.39	-1.14428e-05
15.395	-1.14518e-05
15.4	-1.14586e-05
15.405	-1.14631e-05
15.41	-1.14654e-05
15.415	-1.14655e-05
15.42	-1.14634e-05
15.425	-1.14592e-05
15.43	-1.14528e-05
15.435	-1.14443e-05
15.44	-1.14338e-05
15.445	-1.14212e-05
15.45	-1.14066e-05
15.455	-1.139e-05
15.46	-1.13714e-05
15.465	-1.13508e-05
15.47	-1.13282e-05
15.475	-1.13037e-05
15.48	-1.12773e-05
15.485	-1.12491e-05
15.49	-1.1219e-05
15.495	-1.11872e-05
15.5	-1.11535e-05
15.505	-1.1118e-05
15.51	-1.10808e-05
15.515	-1.10418e-05
15.52	-1.10012e-05
15.525	-1.09588e-05
15.53	-1.09149e-05
15.535	-1.08693e-05
15.54	-1.08222e-05
15.545	-1.07735e-05
15.55	-1.07233e-05
15.555	-1.06715e-05
15.56	-1.06182e-05
15.565	-1.05635e-05
15.57	-1.05074e-05
15.575	-1.04499e-05
15.58	-1.0391e-05
15.585	-1.03308e-05
15.59	-1.02693e-05
15.595	-1.02065e-05
15.6	-1.01424e-05
15.605	-1.0077e-05
15.61	-1.00103e-05
15.615	-9.94248e-06
15.62	-9.87344e-06
15.625	-9.80323e-06
15.63	-9.73185e-06
15.635	-9.6593e-06
15.64	-9.58559e-06
15.645	-9.51076e-06
15.65	-9.43483e-06
15.655	-9.35786e-06
15.66	-9.27988e-06
15.665	-9.20091e-06
15.67	-9.12097e-06
15.675	-9.04009e-06
15.68	-8.95826e-06
15.685	-8.87552e-06
15.69	-8.79187e-06
15.695	-8.70735e-06
15.7	-8.62198e-06
15.705	-8.53579e-06
15.71	-8.4488e-06
15.715	-8.36101e-06
15.72	-8.27241e-06
15.725	-8.18301e-06
15.73	-8.09281e-06
15.735	-8.00183e-06
15.74	-7.91008e-06
15.745	-7.8176e-06
15.75	-7.72441e-06
15.755	-7.63052e-06
15.76	-7.53594e-06
15.765	-7.44065e-06
15.77	-7.34466e-06
15.775	-7.24798e-06
15.78	-7.15063e-06
15.785	-7.05262e-06
15.79	-6.95397e-06
15.795	-6.8547e-06
15.8	-6.75482e-06
15.805	-6.65433e-06
15.81	-6.55323e-06
15.815	-6.4515e-06
15.82	-6.34916e-06
15.825	-6.24621e-06
15.83	-6.14269e-06
15.835	-6.03861e-06
15.84	-5.93399e-06
15.845	-5.82881e-06
15.85	-5.72309e-06
15.855	-5.61681e-06
15.86	-5.50997e-06
15.865	-5.40258e-06
15.87	-5.29464e-06
15.875	-5.18617e-06
15.88	-5.07719e-06
15.885	-4.96768e-06
15.89	-4.85765e-06
15.895	-4.7471e-06
15.9	-4.63602e-06
15.905	-4.5244e-06
15.91	-4.41225e-06
15.915	-4.29957e-06
15.92	-4.18639e-06
15.925	-4.07273e-06
15.93	-3.9586e-06
15.935	-3.84401e-06
15.94	-3.72894e-06
15.945	-3.6134e-06
15.95	-3.49738e-06
15.955	-3.38091e-06
15.96	-3.264e-06
15.965	-3.14666e-06
15.97	-3.02892e-06
15.975	-2.91077e-06
15.98	-2.79223e-06
15.985	-2.67328e-06
15.99	-2.55394e-06
15.995	-2.4342e-06
16	-2.31407e-06
16.005	-2.19359e-06
16.01	-2.07277e-06
16.015	-1.95165e-06
16.02	-1.83023e-06
16.025	-1.70853e-06
16.03	-1.58655e-06
16.035	-1.46429e-06
16.04	-1.34176e-06
16.045	-1.21898e-06
16.05	-1.096e-06
16.055	-9.72838e-07
16.06	-8.49511e-07
16.065	-7.26032e-07
16.07	-6.02412e-07
16.075	-4.78661e-07
16.08	-3.54795e-07
16.085	-2.30832e-07
16.09	-1.06794e-07
16.095	1.72979e-08
16.1	1.41417e-07
16.105	2.65538e-07
16.11	3.89632e-07
16.115	5.13678e-07
16.12	6.37655e-07
16.125	7.61542e-07
16.13	8.85309e-07
16.135	1.00892e-06
16.14	1.13233e-06
16.145	1.25551e-06
16.15	1.37842e-06
16.155	1.50104e-06
16.16	1.62336e-06
16.165	1.74534e-06
16.17	1.86697e-06
16.175	1.9882e-06
16.18	2.10901e-06
16.185	2.22936e-06
16.19	2.34922e-06
16.195	2.46855e-06
16.2	2.58732e-06
16.205	2.70551e-06
16.21	2.82307e-06
16.215	2.93998e-06
16.22	3.05621e-06
16.225	3.17171e-06
16.23	3.28646e-06
16.235	3.40042e-06
16.24	3.51356e-06
16.245	3.62586e-06
16.25	3.73728e-06
16.255	3.84781e-06
16.26	3.95739e-06
16.265	4.06598e-06
16.27	4.17354e-06
16.275	4.28003e-06
16.28	4.38543e-06
16.285	4.48969e-06
16.29	4.59279e-06
16.295	4.69468e-06
16.3	4.79532e-06
16.305	4.89469e-06
16.31	4.99275e-06
16.315	5.08948e-06
16.32	5.18484e-06
16.325	5.27882e-06
16.33	5.37139e-06
16.335	5.46252e-06
16.34	5.5522e-06
16.345	5.64041e-06
16.35	5.72711e-06
16.355	5.81228e-06
16.36	5.89589e-06
16.365	5.97792e-06
16.37	6.05834e-06
16.375	6.13713e-06
16.38	6.21427e-06
16.385	6.28973e-06
16.39	6.36346e-06
16.395	6.43543e-06
16.4	6.50563e-06
16.405	6.57403e-06
16.41	6.64063e-06
16.415	6.70543e-06
16.42	6.76841e-06
16.425	6.82955e-06
16.43	6.88885e-06
16.435	6.9463e-06
16.44	7.00188e-06
16.445	7.0556e-06
16.45	7.10744e-06
16.455	7.15741e-06
16.46	7.20549e-06
16.465	7.25171e-06
16.47	7.29604e-06
16.475	7.33847e-06
16.48	7.37899e-06
16.485	7.41759e-06
16.49	7.45425e-06
16.495	7.489e-06
16.5	7.52185e-06
16.505	7.5528e-06
16.51	7.58186e-06
16.515	7.60901e-06
16.52	7.63424e-06
16.525	7.65757e-06
16.53	7.67899e-06
16.535	7.69853e-06
16.54	7.71621e-06
16.545	7.73202e-06
16.55	7.746e-06
16.555	7.75815e-06
16.56	7.76848e-06
16.565	7.777e-06
16.57	7.78372e-06
16.575	7.78862e-06
16.58	7.79174e-06
16.585	7.79309e-06
16.59	7.79271e-06
16.595	7.7906e-06
16.6	7.78679e-06
16.605	7.78128e-06
16.61	7.77407e-06
16.615	7.76518e-06
16.62	7.75463e-06
16.625	7.74246e-06
16.63	7.72869e-06
16.635	7.71337e-06
16.64	7.69651e-06
16.645	7.67813e-06
16.65	7.65825e-06
16.655	7.63688e-06
16.66	7.61404e-06
16.665	7.58975e-06
16.67	7.56403e-06
16.675	7.53692e-06
16.68	7.50846e-06
16.685	7.47867e-06
16.69	7.44757e-06
16.695	7.41518e-06
16.7	7.38148e-06
16.705	7.34651e-06
16.71	7.31029e-06
16.715	7.27286e-06
16.72	7.23427e-06
16.725	7.19455e-06
16.73	7.1537e-06
16.735	7.11174e-06
16.74	7.06869e-06
16.745	7.02455e-06
16.75	6.97936e-06
16.755	6.93316e-06
16.76	6.88597e-06
16.765	6.83783e-06
16.77	6.78877e-06
16.775	6.73881e-06
16.78	6.68798e-06
16.785	6.63627e-06
16.79	6.5837e-06
16.795	6.53028e-06
16.8	6.47604e-06
16.805	6.42103e-06
16.81	6.36528e-06
16.815	6.30883e-06
16.82	6.25168e-06
16.825	6.19383e-06
16.83	6.13529e-06
16.835	6.07607e-06
16.84	6.0162e-06
16.845	5.95572e-06
16.85	5.89464e-06
16.855	5.83301e-06
16.86	5.77083e-06
16.865	5.70812e-06
16.87	5.64488e-06
16.875	5.58111e-06
16.88	5.51683e-06
16.885	5.45204e-06
16.89	5.38676e-06
16.895	5.32103e-06
16.9	5.25487e-06
16.905	5.18831e-06
16.91	5.12133e-06
16.915	5.05394e-06
16.92	4.98613e-06
16.925	4.9179e-06
16.93	4.84929e-06
16.935	4.78033e-06
16.94	4.71105e-06
16.945	4.64146e-06
16.95	4.57156e-06
16.955	4.50136e-06
16.96	4.43084e-06
16.965	4.36002e-06
16.97	4.2889e-06
16.975	4.2175e-06
16.98	4.14584e-06
16.985	4.07392e-06
16.99	4.00178e-06
16.995	3.92942e-06
17	3.85683e-06
17.005	3.78402e-06
17.01	3.71096e-06
17.015	3.63768e-06
17.02	3.56418e-06
17.025	3.4905e-06
17.03	3.41665e-06
17.035	3.34263e-06
17.04	3.26845e-06
17.045	3.19408e-06
17.05	3.11951e-06
17.055	3.04476e-06
17.06	2.96982e-06
17.065	2.89472e-06
17.07	2.81947e-06
17.075	2.74408e-06
17.08	2.66856e-06
17.085	2.59291e-06
17.09	2.51714e-06
17.095	2.44125e-06
17.1	2.36523e-06
17.105	2.28908e-06
17.11	2.21283e-06
17.115	2.13649e-06
17.12	2.06009e-06
17.125	1.98361e-06
17.13	1.90707e-06
17.135	1.83044e-06
17.14	1.75371e-06
17.145	1.67689e-06
17.15	1.59999e-06
17.155	1.52301e-06
17.16	1.44598e-06
17.165	1.36889e-06
17.17	1.29175e-06
17.175	1.21455e-06
17.18	1.13729e-06
17.185	1.05998e-06
17.19	9.82619e-07
17.195	9.0522e-07
17.2	8.27797e-07
17.205	7.5037e-07
17.21	6.72956e-07
17.215	5.95568e-07
17.22	5.18206e-07
17.225	4.4086e-07
17.23	3.63527e-07
17.235	2.86209e-07
17.24	2.08924e-07
17.245	1.3169e-07
17.25	5.45231e-08
17.255	-2.25726e-08
17.26	-9.95998e-08
17.265	-1.76562e-07
17.27	-2.53458e-07
17.275	-3.30281e-07
17.28	-4.07024e-07
17.285	-4.83677e-07
17.29	-5.60232e-07
17.295	-6.36673e-07
17.3	-7.12984e-07
17.305	-7.89148e-07
17.31	-8.65158e-07
17.315	-9.41012e-07
17.32	-1.01671e-06
17.325	-1.09225e-06
17.33	-1.1676e-06
17.335	-1.24274e-06
17.34	-1.31765e-06
17.345	-1.39231e-06
17.35	-1.46671e-06
17.355	-1.54086e-06
17.36	-1.61474e-06
17.365	-1.68836e-06
17.37	-1.7617e-06
17.375	-1.83474e-06
17.38	-1.90748e-06
17.385	-1.97989e-06
17.39	-2.05198e-06
17.395	-2.12372e-06
17.4	-2.1951e-06
17.405	-2.26611e-06
17.41	-2.33676e-06
17.415	-2.40704e-06
17.42	-2.47692e-06
17.425	-2.54639e-06
17.43	-2.61541e-06
17.435	-2.68395e-06
17.44	-2.75202e-06
17.445	-2.81959e-06
17.45	-2.88667e-06
17.455	-2.95326e-06
17.46	-3.01932e-06
17.465	-3.08484e-06
17.47	-3.14978e-06
17.475	-3.21414e-06
17.48	-3.27789e-06
17.485	-3.34101e-06
17.49	-3.40351e-06
17.495	-3.46537e-06
17.5	-3.52657e-06
17.505	-3.58712e-06
17.51	-3.64699e-06
17.515	-3.70616e-06
17.52	-3.7646e-06
17.525	-3.82229e-06
17.53	-3.87921e-06
17.535	-3.93535e-06
17.54	-3.99073e-06
17.545	-4.04532e-06
17.55	-4.09911e-06
17.555	-4.15207e-06
17.56	-4.20418e-06
17.565	-4.2554e-06
17.57	-4.30573e-06
17.575	-4.35517e-06
17.58	-4.4037e-06
17.585	-4.45131e-06
17.59	-4.49799e-06
17.595	-4.54373e-06
17.6	-4.5885e-06
17.605	-4.63229e-06
17.61	-4.67506e-06
17.615	-4.71681e-06
17.62	-4.75751e-06
17.625	-4.79716e-06
17.63	-4.83577e-06
17.635	-4.87333e-06
17.64	-4.90983e-06
17.645	-4.94525e-06
17.65	-4.97956e-06
17.655	-5.01275e-06
17.66	-5.0448e-06
17.665	-5.07572e-06
17.67	-5.1055e-06
17.675	-5.13414e-06
17.68	-5.16162e-06
17.685	-5.18793e-06
17.69	-5.21305e-06
17.695	-5.23697e-06
17.7	-5.25968e-06
17.705	-5.28116e-06
17.71	-5.3014e-06
17.715	-5.32041e-06
17.72	-5.33817e-06
17.725	-5.35471e-06
17.73	-5.37e-06
17.735	-5.38404e-06
17.74	-5.39679e-06
17.745	-5.40826e-06
17.75	-5.41843e-06
17.755	-5.42732e-06
17.76	-5.43494e-06
17.765	-5.44129e-06
17.77	-5.44637e-06
17.775	-5.45016e-06
17.78	-5.45267e-06
17.785	-5.4539e-06
17.79	-5.45383e-06
17.795	-5.45249e-06
17.8	-5.44987e-06
17.805	-5.44597e-06
17.81	-5.4408e-06
17.815	-5.43436e-06
17.82	-5.42665e-06
17.825	-5.41767e-06
17.83	-5.40742e-06
17.835	-5.39588e-06
17.84	-5.38307e-06
17.845	-5.36899e-06
17.85	-5.35366e-06
17.855	-5.3371e-06
17.86	-5.31931e-06
17.865	-5.3003e-06
17.87	-5.28006e-06
17.875	-5.25862e-06
17.88	-5.23598e-06
17.885	-5.21215e-06
17.89	-5.18717e-06
17.895	-5.16103e-06
17.9	-5.13375e-06
17.905	-5.10534e-06
17.91	-5.07583e-06
17.915	-5.04523e-06
17.92	-5.01355e-06
17.925	-4.9808e-06
17.93	-4.94698e-06
17.935	-4.9121e-06
17.94	-4.87619e-06
17.945	-4.83928e-06
17.95	-4.80137e-06
17.955	-4.76249e-06
17.96	-4.72265e-06
17.965	-4.68186e-06
17.97	-4.64015e-06
17.975	-4.59753e-06
17.98	-4.55404e-06
17.985	-4.5097e-06
17.99	-4.46452e-06
17.995	-4.41853e-06
18	-4.37175e-06
18.005	-4.32419e-06
18.01	-4.2759e-06
18.015	-4.22686e-06
18.02	-4.17711e-06
18.025	-4.12666e-06
18.03	-4.07553e-06
18.035	-4.02375e-06
18.04	-3.97136e-06
18.045	-3.91838e-06
18.05	-3.86481e-06
18.055	-3.81069e-06
18.06	-3.75602e-06
18.065	-3.70083e-06
18.07	-3.64514e-06
18.075	-3.58899e-06
18.08	-3.53239e-06
18.085	-3.47537e-06
18.09	-3.41794e-06
18.095	-3.36014e-06
18.1	-3.30199e-06
18.105	-3.24351e-06
18.11	-3.18472e-06
18.115	-3.12563e-06
18.12	-3.06627e-06
18.125	-3.00668e-06
18.13	-2.94687e-06
18.135	-2.88687e-06
18.14	-2.82671e-06
18.145	-2.76638e-06
18.15	-2.70591e-06
18.155	-2.6453e-06
18.16	-2.58458e-06
18.165	-2.52377e-06
18.17	-2.46289e-06
18.175	-2.40197e-06
18.18	-2.34102e-06
18.185	-2.28005e-06
18.19	-2.21909e-06
18.195	-2.15815e-06
18.2	-2.09725e-06
18.205	-2.0364e-06
18.21	-1.97562e-06
18.215	-1.91492e-06
18.22	-1.85433e-06
18.225	-1.79387e-06
18.23	-1.73357e-06
18.235	-1.67343e-06
18.24	-1.61344e-06
18.245	-1.55364e-06
18.25	-1.49402e-06
18.255	-1.43461e-06
18.26	-1.37543e-06
18.265	-1.3165e-06
18.27	-1.25783e-06
18.275	-1.19941e-06
18.28	-1.14125e-06
18.285	-1.08335e-06
18.29	-1.02573e-06
18.295	-9.68375e-07
18.3	-9.1131e-07
18.305	-8.54539e-07
18.31	-7.98078e-07
18.315	-7.41939e-07
18.32	-6.8613e-07
18.325	-6.30653e-07
18.33	-5.75504e-07
18.335	-5.20686e-07
18.34	-4.66208e-07
18.345	-4.1209e-07
18.35	-3.5835e-07
18.355	-3.05001e-07
18.36	-2.52044e-07
18.365	-1.99472e-07
18.37	-1.47279e-07
18.375	-9.54608e-08
18.38	-4.40189e-08
18.385	7.04246e-09
18.39	5.77198e-08
18.395	1.08011e-07
18.4	1.57913e-07
18.405	2.07425e-07
18.41	2.56547e-07
18.415	3.05285e-07
18.42	3.53647e-07
18.425	4.01641e-07
18.43	4.49267e-07
18.435	4.9652e-07
18.44	5.43388e-07
18.445	5.89864e-07
18.45	6.3595e-07
18.455	6.81659e-07
18.46	7.27002e-07
18.465	7.71988e-07
18.47	8.16617e-07
18.475	8.6088e-07
18.48	9.04771e-07
18.485	9.48285e-07
18.49	9.91422e-07
18.495	1.03419e-06
18.5	1.07658e-06
18.505	1.11862e-06
18.51	1.1603e-06
18.515	1.20165e-06
18.52	1.24266e-06
18.525	1.28333e-06
18.53	1.32365e-06
18.535	1.36362e-06
18.54	1.40325e-06
18.545	1.44253e-06
18.55	1.4815e-06
18.555	1.52015e-06
18.56	1.5585e-06
18.565	1.59653e-06
18.57	1.63423e-06
18.575	1.6716e-06
18.58	1.70863e-06
18.585	1.74535e-06
18.59	1.78174e-06
18.595	1.81782e-06
18.6	1.85359e-06
18.605	1.88905e-06
18.61	1.92421e-06
18.615	1.95906e-06
18.62	1.99359e-06
18.625	2.02781e-06
18.63	2.0617e-06
18.635	2.09527e-06
18.64	2.12854e-06
18.645	2.16151e-06
18.65	2.19419e-06
18.655	2.22657e-06
18.66	2.25862e-06
18.665	2.29036e-06
18.67	2.32177e-06
18.675	2.35286e-06
18.68	2.38365e-06
18.685	2.41412e-06
18.69	2.44428e-06
18.695	2.47413e-06
18.7	2.50365e-06
18.705	2.53285e-06
18.71	2.56171e-06
18.715	2.59022e-06
18.72	2.61839e-06
18.725	2.64621e-06
18.73	2.67369e-06
18.735	2.70083e-06
18.74	2.72764e-06
18.745	2.7541e-06
18.75	2.78019e-06
18.755	2.8059e-06
18.76	2.83123e-06
18.765	2.85617e-06
18.77	2.88072e-06
18.775	2.9049e-06
18.78	2.92869e-06
18.785	2.95209e-06
18.79	2.97507e-06
18.795	2.99765e-06
18.8	3.0198e-06
18.805	3.04152e-06
18.81	3.06281e-06
18.815	3.08366e-06
18.82	3.10407e-06
18.825	3.12405e-06
18.83	3.14358e-06
18.835	3.16267e-06
18.84	3.18129e-06
18.845	3.19943e-06
18.85	3.21708e-06
18.855	3.23424e-06
18.86	3.25091e-06
18.865	3.26709e-06
18.87	3.28277e-06
18.875	3.29794e-06
18.88	3.31258e-06
18.885	3.32668e-06
18.89	3.34024e-06
18.895	3.35324e-06
18.9	3.36568e-06
18.905	3.37756e-06
18.91	3.38889e-06
18.915	3.39965e-06
18.92	3.40985e-06
18.925	3.41947e-06
18.93	3.42851e-06
18.935	3.43696e-06
18.94	3.44479e-06
18.945	3.45202e-06
18.95	3.45863e-06
18.955	3.46463e-06
18.96	3.47003e-06
18.965	3.4748e-06
18.97	3.47894e-06
18.975	3.48243e-06
18.98	3.48526e-06
18.985	3.48743e-06
18.99	3.48893e-06
18.995	3.48978e-06
19	3.48996e-06
19.005	3.48948e-06
19.01	3.48834e-06
19.015	3.48653e-06
19.02	3.48404e-06
19.025	3.48086e-06
19.03	3.47698e-06
19.035	3.4724e-06
19.04	3.46712e-06
19.045	3.46114e-06
19.05	3.45448e-06
19.055	3.44713e-06
19.06	3.43909e-06
19.065	3.43033e-06
19.07	3.42084e-06
19.075	3.41064e-06
19.08	3.39972e-06
19.085	3.3881e-06
19.09	3.37578e-06
19.095	3.36276e-06
19.1	3.34904e-06
19.105	3.33461e-06
19.11	3.31947e-06
19.115	3.30363e-06
19.12	3.28708e-06
19.125	3.26983e-06
19.13	3.25188e-06
19.135	3.23324e-06
19.14	3.21392e-06
19.145	3.19393e-06
19.15	3.17325e-06
19.155	3.15188e-06
19.16	3.12981e-06
19.165	3.10705e-06
19.17	3.08362e-06
19.175	3.05952e-06
19.18	3.03477e-06
19.185	3.00937e-06
19.19	2.98332e-06
19.195	2.95663e-06
19.2	2.92929e-06
19.205	2.90132e-06
19.21	2.87272e-06
19.215	2.8435e-06
19.22	2.81368e-06
19.225	2.78326e-06
19.23	2.75226e-06
19.235	2.72069e-06
19.24	2.68855e-06
19.245	2.65584e-06
19.25	2.62256e-06
19.255	2.58872e-06
19.26	2.55435e-06
19.265	2.51945e-06
19.27	2.48404e-06
19.275	2.44814e-06
19.28	2.41175e-06
19.285	2.37486e-06
19.29	2.33747e-06
19.295	2.2996e-06
19.3	2.26127e-06
19.305	2.22249e-06
19.31	2.18327e-06
19.315	2.14364e-06
19.32	2.10359e-06
19.325	2.06316e-06
19.33	2.02234e-06
19.335	1.98114e-06
19.34	1.93958e-06
19.345	1.89766e-06
19.35	1.85541e-06
19.355	1.81284e-06
19.36	1.76998e-06
19.365	1.72684e-06
19.37	1.68343e-06
19.375	1.63976e-06
19.38	1.59581e-06
19.385	1.55162e-06
19.39	1.5072e-06
19.395	1.46256e-06
19.4	1.41773e-06
19.405	1.37272e-06
19.41	1.32754e-06
19.415	1.2822e-06
19.42	1.23672e-06
19.425	1.1911e-06
19.43	1.14535e-06
19.435	1.0995e-06
19.44	1.05354e-06
19.445	1.00752e-06
19.45	9.61435e-07
19.455	9.1532e-07
19.46	8.69182e-07
19.465	8.23029e-07
19.47	7.76867e-07
19.475	7.30708e-07
19.48	6.84571e-07
19.485	6.38478e-07
19.49	5.92446e-07
19.495	5.46488e-07
19.5	5.00613e-07
19.505	4.5483e-07
19.51	4.0915e-07
19.515	3.63585e-07
19.52	3.18147e-07
19.525	2.72849e-07
19.53	2.27703e-07
19.535	1.82726e-07
19.54	1.37935e-07
19.545	9.33455e-08
19.55	4.8968e-08
19.555	4.80751e-09
19.56	-3.91323e-08
19.565	-8.28433e-08
19.57	-1.2631e-07
19.575	-1.69512e-07
19.58	-2.1243e-07
19.585	-2.55051e-07
19.59	-2.9737e-07
19.595	-3.39382e-07
19.6	-3.81081e-07
19.605	-4.22456e-07
19.61	-4.63495e-07
19.615	-5.04186e-07
19.62	-5.4452e-07
19.625	-5.84489e-07
19.63	-6.24087e-07
19.635	-6.63304e-07
19.64	-7.02133e-07
19.645	-7.40567e-07
19.65	-7.78602e-07
19.655	-8.16235e-07
19.66	-8.53456e-07
19.665	-8.90256e-07
19.67	-9.26623e-07
19.675	-9.62548e-07
19.68	-9.98028e-07
19.685	-1.03306e-06
19.69	-1.06764e-06
19.695	-1.10176e-06
19.7	-1.13542e-06
19.705	-1.1686e-06
19.71	-1.20129e-06
19.715	-1.2335e-06
19.72	-1.26523e-06
19.725	-1.29646e-06
19.73	-1.32718e-06
19.735	-1.35741e-06
19.74	-1.38713e-06
19.745	-1.41635e-06
19.75	-1.44508e-06
19.755	-1.47332e-06
19.76	-1.50106e-06
19.765	-1.52829e-06
19.77	-1.55502e-06
19.775	-1.58125e-06
19.78	-1.60697e-06
19.785	-1.6322e-06
19.79	-1.65693e-06
19.795	-1.68116e-06
19.8	-1.70487e-06
19.805	-1.72807e-06
19.81	-1.75076e-06
19.815	-1.77293e-06
19.82	-1.79458e-06
19.825	-1.81571e-06
19.83	-1.83633e-06
19.835	-1.85643e-06
19.84	-1.87604e-06
19.845	-1.89516e-06
19.85	-1.91378e-06
19.855	-1.9319e-06
19.86	-1.94953e-06
19.865	-1.96667e-06
19.87	-1.98334e-06
19.875	-1.99953e-06
19.88	-2.01526e-06
19.885	-2.03052e-06
19.89	-2.04531e-06
19.895	-2.05963e-06
19.9	-2.07348e-06
19.905	-2.08685e-06
19.91	-2.09976e-06
19.915	-2.11221e-06
19.92	-2.12419e-06
19.925	-2.13573e-06
19.93	-2.14683e-06
19.935	-2.15749e-06
19.94	-2.16773e-06
19.945	-2.17753e-06
19.95	-2.18691e-06
19.955	-2.19586e-06
19.96	-2.2044e-06
19.965	-2.21253e-06
19.97	-2.22026e-06
19.975	-2.22759e-06
19.98	-2.23452e-06
19.985	-2.24105e-06
19.99	-2.24718e-06
19.995	-2.25291e-06
