0	0
0.005	0
0.01	0
0.015	0
0.02	0
0.025	0
0.03	0
0.035	0
0.04	0
0.045	0
0.05	0
0.055	0
0.06	0
0.065	0
0.07	0
0.075	0
0.08	0
0.085	0
0.09	0
0.095	0
0.1	0
0.105	0
0.11	0
0.115	0
0.12	0
0.125	0
0.13	0
0.135	0
0.14	0
0.145	0
0.15	0
0.155	0
0.16	0
0.165	0
0.17	0
0.175	0
0.18	0
0.185	0
0.19	0
0.195	0
0.2	0
0.205	0
0.21	0
0.215	0
0.22	0
0.225	0
0.23	0
0.235	0
0.24	0
0.245	0
0.25	0
0.255	0
0.26	0
0.265	0
0.27	0
0.275	0
0.28	0
0.285	0
0.29	0
0.295	0
0.3	0
0.305	0
0.31	0
0.315	0
0.32	0
0.325	0
0.33	0
0.335	0
0.34	0
0.345	0
0.35	0
0.355	0
0.36	0
0.365	0
0.37	0
0.375	0
0.38	0
0.385	0
0.39	0
0.395	0
0.4	0
0.405	0
0.41	0
0.415	0
0.42	0
0.425	0
0.43	0
0.435	0
0.44	0
0.445	0
0.45	0
0.455	0
0.46	0
0.465	0
0.47	0
0.475	0
0.48	0
0.485	0
0.49	0
0.495	0
0.5	0
0.505	0
0.51	0
0.515	0
0.52	0
0.525	0
0.53	0
0.535	0
0.54	0
0.545	0
0.55	0
0.555	0
0.56	0
0.565	0
0.57	0
0.575	0
0.58	0
0.585	0
0.59	0
0.595	0
0.6	0
0.605	0
0.61	0
0.615	0
0.62	0
0.625	0
0.63	0
0.635	0
0.64	0
0.645	0
0.65	0
0.655	0
0.66	0
0.665	0
0.67	0
0.675	0
0.68	0
0.685	0
0.69	0
0.695	0
0.7	0
0.705	0
0.71	0
0.715	0
0.72	0
0.725	0
0.73	0
0.735	0
0.74	0
0.745	0
0.75	0
0.755	0
0.76	0
0.765	0
0.77	0
0.775	0
0.78	0
0.785	0
0.79	0
0.795	0
0.8	0
0.805	0
0.81	0
0.815	0
0.82	0
0.825	0
0.83	0
0.835	0
0.84	0
0.845	0
0.85	0
0.855	0
0.86	0
0.865	0
0.87	0
0.875	0
0.88	0
0.885	0
0.89	0
0.895	0
0.9	0
0.905	0
0.91	0
0.915	0
0.92	0
0.925	0
0.93	0
0.935	0
0.94	0
0.945	0
0.95	0
0.955	0
0.96	0
0.965	0
0.97	0
0.975	0
0.98	0
0.985	0
0.99	0
0.995	0
1	0
1.005	0
1.01	0
1.015	0
1.02	0
1.025	0
1.03	0
1.035	0
1.04	0
1.045	0
1.05	0
1.055	0
1.06	0
1.065	0
1.07	0
1.075	0
1.08	0
1.085	0
1.09	0
1.095	0
1.1	0
1.105	0
1.11	0
1.115	0
1.12	0
1.125	0
1.13	0
1.135	0
1.14	0
1.145	0
1.15	0
1.155	0
1.16	0
1.165	0
1.17	0
1.175	0
1.18	0
1.185	0
1.19	0
1.195	0
1.2	0
1.205	0
1.21	0
1.215	0
1.22	0
1.225	0
1.23	0
1.235	0
1.24	0
1.245	0
1.25	0
1.255	0
1.26	0
1.265	0
1.27	0
1.275	0
1.28	0
1.285	0
1.29	0
1.295	0
1.3	0
1.305	0
1.31	0
1.315	0
1.32	0
1.325	0
1.33	0
1.335	0
1.34	0
1.345	0
1.35	0
1.355	0
1.36	0
1.365	0
1.37	0
1.375	0
1.38	0
1.385	0
1.39	0
1.395	0
1.4	0
1.405	0
1.41	0
1.415	0
1.42	0
1.425	0
1.43	0
1.435	0
1.44	0
1.445	0
1.45	0
1.455	0
1.46	0
1.465	0
1.47	0
1.475	0
1.48	0
1.485	0
1.49	0
1.495	0
1.5	0
1.505	0
1.51	0
1.515	0
1.52	0
1.525	0
1.53	0
1.535	0
1.54	0
1.545	0
1.55	0
1.555	0
1.56	0
1.565	0
1.57	0
1.575	0
1.58	0
1.585	0
1.59	0
1.595	0
1.6	0
1.605	0
1.61	0
1.615	0
1.62	0
1.625	0
1.63	0
1.635	0
1.64	0
1.645	0
1.65	0
1.655	0
1.66	0
1.665	0
1.67	0
1.675	0
1.68	0
1.685	0
1.69	0
1.695	0
1.7	0
1.705	0
1.71	0
1.715	0
1.72	0
1.725	0
1.73	0
1.735	0
1.74	0
1.745	0
1.75	0
1.755	0
1.76	0
1.765	0
1.77	0
1.775	0
1.78	0
1.785	0
1.79	0
1.795	0
1.8	0
1.805	0
1.81	0
1.815	0
1.82	0
1.825	0
1.83	0
1.835	0
1.84	0
1.845	0
1.85	0
1.855	0
1.86	0
1.865	0
1.87	0
1.875	0
1.88	0
1.885	0
1.89	0
1.895	0
1.9	0
1.905	0
1.91	0
1.915	-5.8072e-253
1.92	-2.90342e-250
1.925	-7.26059e-248
1.93	-1.21084e-245
1.935	-1.51497e-243
1.94	-1.51686e-241
1.945	-1.26599e-239
1.95	-9.05913e-238
1.955	-5.67362e-236
1.96	-3.15924e-234
1.965	-1.58357e-232
1.97	-7.21732e-231
1.975	-3.01573e-229
1.98	-1.16332e-227
1.985	-4.16732e-226
1.99	-1.39338e-224
1.995	-4.36771e-223
2	-1.28851e-221
2.005	-3.58966e-220
2.01	-9.47255e-219
2.015	-2.37413e-217
2.02	-5.66527e-216
2.025	-1.28993e-214
2.03	-2.808e-213
2.035	-5.85453e-212
2.04	-1.17099e-210
2.045	-2.25017e-209
2.05	-4.15965e-208
2.055	-7.40625e-207
2.06	-1.27147e-205
2.065	-2.10666e-204
2.07	-3.37155e-203
2.075	-5.21584e-202
2.08	-7.80437e-201
2.085	-1.12999e-199
2.09	-1.58368e-198
2.095	-2.14873e-197
2.1	-2.82222e-196
2.105	-3.58719e-195
2.11	-4.40939e-194
2.115	-5.23565e-193
2.12	-5.99433e-192
2.125	-6.59863e-191
2.13	-6.95281e-190
2.135	-6.96096e-189
2.14	-6.53755e-188
2.145	-5.61846e-187
2.15	-4.17102e-186
2.155	-2.20136e-185
2.16	2.41912e-185
2.165	3.06878e-183
2.17	6.15359e-182
2.175	9.34497e-181
2.18	1.24788e-179
2.185	1.53925e-178
2.19	1.7939e-177
2.195	1.99988e-176
2.2	2.14883e-175
2.205	2.23649e-174
2.21	2.26267e-173
2.215	2.23096e-172
2.22	2.14803e-171
2.225	2.02275e-170
2.23	1.86531e-169
2.235	1.68626e-168
2.24	1.49571e-167
2.245	1.30272e-166
2.25	1.11488e-165
2.255	9.38063e-165
2.26	7.7641e-164
2.265	6.32429e-163
2.27	5.07202e-162
2.275	4.00654e-161
2.28	3.11842e-160
2.285	2.39234e-159
2.29	1.80956e-158
2.295	1.34992e-157
2.3	9.93461e-157
2.305	7.21463e-156
2.31	5.17135e-155
2.315	3.6595e-154
2.32	2.5572e-153
2.325	1.76492e-152
2.33	1.20335e-151
2.335	8.1067e-151
2.34	5.39719e-150
2.345	3.55171e-149
2.35	2.31063e-148
2.355	1.48633e-147
2.36	9.4551e-147
2.365	5.94902e-146
2.37	3.7027e-145
2.375	2.28008e-144
2.38	1.38931e-143
2.385	8.37771e-143
2.39	5.00017e-142
2.395	2.95416e-141
2.4	1.72792e-140
2.405	1.00072e-139
2.41	5.7391e-139
2.415	3.25965e-138
2.42	1.83376e-137
2.425	1.02189e-136
2.43	5.6416e-136
2.435	3.0859e-135
2.44	1.67257e-134
2.445	8.98368e-134
2.45	4.78225e-133
2.455	2.52324e-132
2.46	1.3197e-131
2.465	6.84253e-131
2.47	3.51741e-130
2.475	1.7928e-129
2.48	9.06106e-129
2.485	4.5415e-128
2.49	2.2575e-127
2.495	1.11301e-126
2.5	5.44305e-126
2.505	2.64056e-125
2.51	1.27083e-124
2.515	6.0681e-124
2.52	2.87487e-123
2.525	1.3515e-122
2.53	6.30485e-122
2.535	2.91893e-121
2.54	1.34119e-120
2.545	6.11654e-120
2.55	2.76881e-119
2.555	1.24418e-118
2.56	5.55007e-118
2.565	2.45792e-117
2.57	1.08073e-116
2.575	4.7181e-116
2.58	2.04525e-115
2.585	8.80395e-115
2.59	3.76344e-114
2.595	1.59769e-113
2.6	6.73631e-113
2.605	2.82096e-112
2.61	1.17338e-111
2.615	4.84806e-111
2.62	1.9898e-110
2.625	8.113e-110
2.63	3.2863e-109
2.635	1.32253e-108
2.64	5.28805e-108
2.645	2.10087e-107
2.65	8.29347e-107
2.655	3.25331e-106
2.66	1.26819e-105
2.665	4.91284e-105
2.67	1.89142e-104
2.675	7.23721e-104
2.68	2.75231e-103
2.685	1.04036e-102
2.69	3.90887e-102
2.695	1.45987e-101
2.7	5.41986e-101
2.705	2.00029e-100
2.71	7.33909e-100
2.715	2.67703e-99
2.72	9.70831e-99
2.725	3.50047e-98
2.73	1.25493e-97
2.735	4.47337e-97
2.74	1.58559e-96
2.745	5.58857e-96
2.75	1.95875e-95
2.755	6.82719e-95
2.76	2.36648e-94
2.765	8.15782e-94
2.77	2.79687e-93
2.775	9.53693e-93
2.78	3.23444e-92
2.785	1.09108e-91
2.79	3.66093e-91
2.795	1.22186e-90
2.8	4.05653e-90
2.805	1.3397e-89
2.81	4.40141e-89
2.815	1.43853e-88
2.82	4.67737e-88
2.825	1.51305e-87
2.83	4.86947e-87
2.835	1.55921e-86
2.84	4.96739e-86
2.845	1.57459e-85
2.85	4.96631e-85
2.855	1.55861e-84
2.86	4.86731e-84
2.865	1.51252e-83
2.87	4.67716e-83
2.875	1.43928e-82
2.88	4.40759e-82
2.885	1.34325e-81
2.89	4.07407e-81
2.895	1.22976e-80
2.9	3.69444e-80
2.905	1.10463e-79
2.91	3.28731e-79
2.915	9.73705e-79
2.92	2.87069e-78
2.925	8.42417e-78
2.93	2.46071e-77
2.935	7.15475e-77
2.94	2.07081e-76
2.945	5.96629e-76
2.95	1.71119e-75
2.955	4.88573e-75
2.96	1.3887e-74
2.965	3.92954e-74
2.97	1.10698e-73
2.975	3.10463e-73
2.98	8.66888e-73
2.985	2.40993e-72
2.99	6.67031e-72
2.995	1.8382e-71
3	5.04377e-71
3.005	1.37797e-70
3.01	3.74848e-70
3.015	1.01534e-69
3.02	2.73849e-69
3.025	7.35472e-69
3.03	1.96691e-68
3.035	5.23807e-68
3.04	1.38911e-67
3.045	3.66847e-67
3.05	9.64775e-67
3.055	2.52678e-66
3.06	6.59044e-66
3.065	1.71189e-65
3.07	4.42852e-65
3.075	1.14096e-64
3.08	2.92761e-64
3.085	7.48171e-64
3.09	1.90431e-63
3.095	4.82756e-63
3.1	1.21894e-62
3.105	3.06552e-62
3.11	7.67894e-62
3.115	1.91593e-61
3.12	4.76154e-61
3.125	1.17872e-60
3.13	2.90652e-60
3.135	7.1391e-60
3.14	1.74674e-59
3.145	4.25726e-59
3.15	1.03362e-58
3.155	2.49988e-58
3.16	6.02307e-58
3.165	1.44564e-57
3.17	3.45661e-57
3.175	8.23373e-57
3.18	1.95391e-56
3.185	4.61931e-56
3.19	1.08799e-55
3.195	2.55297e-55
3.2	5.96834e-55
3.205	1.39011e-54
3.21	3.22581e-54
3.215	7.45809e-54
3.22	1.71799e-53
3.225	3.94299e-53
3.23	9.01665e-53
3.235	2.0544e-52
3.24	4.66392e-52
3.245	1.05499e-51
3.25	2.37782e-51
3.255	5.34013e-51
3.26	1.19501e-50
3.265	2.66464e-50
3.27	5.92057e-50
3.275	1.31083e-49
3.28	2.89199e-49
3.285	6.35793e-49
3.29	1.39286e-48
3.295	3.04075e-48
3.3	6.61508e-48
3.305	1.4341e-47
3.31	3.09823e-47
3.315	6.6703e-47
3.32	1.43113e-46
3.325	3.05997e-46
3.33	6.52028e-46
3.335	1.38461e-45
3.34	2.93029e-45
3.345	6.18036e-45
3.35	1.2991e-44
3.355	2.72148e-44
3.36	5.68199e-44
3.365	1.18232e-43
3.37	2.45195e-43
3.375	5.06799e-43
3.38	1.04402e-42
3.385	2.14358e-42
3.39	4.38659e-42
3.395	8.94699e-42
3.4	1.81883e-41
3.405	3.68533e-41
3.41	7.44277e-41
3.415	1.4982e-40
3.42	3.00597e-40
3.425	6.01152e-40
3.43	1.19831e-39
3.435	2.38094e-39
3.44	4.71541e-39
3.445	9.30871e-39
3.45	1.83172e-38
3.455	3.59282e-38
3.46	7.02455e-38
3.465	1.36903e-37
3.47	2.65963e-37
3.475	5.15046e-37
3.48	9.94242e-37
3.485	1.91321e-36
3.49	3.66994e-36
3.495	7.01754e-36
3.5	1.33765e-35
3.505	2.54178e-35
3.51	4.81473e-35
3.515	9.09173e-35
3.52	1.71146e-34
3.525	3.21168e-34
3.53	6.00827e-34
3.535	1.12052e-33
3.54	2.08326e-33
3.545	3.86124e-33
3.55	7.13461e-33
3.555	1.31425e-32
3.56	2.41352e-32
3.565	4.41868e-32
3.57	8.06503e-32
3.575	1.46755e-31
3.58	2.66229e-31
3.585	4.815e-31
3.59	8.68196e-31
3.595	1.56071e-30
3.6	2.79713e-30
3.605	4.99793e-30
3.61	8.90345e-30
3.615	1.58131e-29
3.62	2.80009e-29
3.625	4.94337e-29
3.63	8.70105e-29
3.635	1.52694e-28
3.64	2.67161e-28
3.645	4.66047e-28
3.65	8.10575e-28
3.655	1.40561e-27
3.66	2.43022e-27
3.665	4.18929e-27
3.67	7.20026e-27
3.675	1.23388e-26
3.68	2.10821e-26
3.685	3.59148e-26
3.69	6.10035e-26
3.695	1.03314e-25
3.7	1.74456e-25
3.705	2.93724e-25
3.71	4.93083e-25
3.715	8.25333e-25
3.72	1.37743e-24
3.725	2.29213e-24
3.73	3.80315e-24
3.735	6.2919e-24
3.74	1.0379e-23
3.745	1.70713e-23
3.75	2.79972e-23
3.755	4.57829e-23
3.76	7.46503e-23
3.765	1.21367e-22
3.77	1.9675e-22
3.775	3.18032e-22
3.78	5.12593e-22
3.785	8.23796e-22
3.79	1.32012e-21
3.795	2.10938e-21
3.8	3.36081e-21
3.805	5.33928e-21
3.81	8.45808e-21
3.815	1.33602e-20
3.82	2.10428e-20
3.825	3.3048e-20
3.83	5.17537e-20
3.835	8.08148e-20
3.84	1.25833e-19
3.845	1.95367e-19
3.85	3.02457e-19
3.855	4.66908e-19
3.86	7.18712e-19
3.865	1.10315e-18
3.87	1.68838e-18
3.875	2.57668e-18
3.88	3.92112e-18
3.885	5.94998e-18
3.89	9.0028e-18
3.895	1.35831e-17
3.9	2.0435e-17
3.905	3.06555e-17
3.91	4.58563e-17
3.915	6.83985e-17
3.92	1.01731e-16
3.925	1.50873e-16
3.93	2.23116e-16
3.935	3.29007e-16
3.94	4.83765e-16
3.945	7.09283e-16
3.95	1.03695e-15
3.955	1.51166e-15
3.96	2.19737e-15
3.965	3.18497e-15
3.97	4.60321e-15
3.975	6.6339e-15
3.98	9.53296e-15
3.985	1.36596e-14
3.99	1.95163e-14
3.995	2.7804e-14
4	3.9497e-14
4.005	5.59461e-14
4.01	7.9017e-14
4.015	1.1128e-13
4.02	1.56264e-13
4.025	2.18797e-13
4.03	3.0547e-13
4.035	4.2524e-13
4.04	5.90256e-13
4.045	8.16929e-13
4.05	1.12737e-12
4.055	1.55125e-12
4.06	2.12829e-12
4.065	2.91147e-12
4.07	3.97124e-12
4.075	5.40092e-12
4.08	7.32381e-12
4.085	9.9022e-12
4.09	1.33491e-11
4.095	1.79429e-11
4.1	2.40466e-11
4.105	3.21316e-11
4.11	4.28084e-11
4.115	5.68643e-11
4.12	7.53118e-11
4.125	9.94481e-11
4.13	1.3093e-10
4.135	1.71865e-10
4.14	2.24926e-10
4.145	2.93491e-10
4.15	3.81812e-10
4.155	4.95223e-10
4.16	6.40396e-10
4.165	8.25637e-10
4.17	1.06126e-09
4.175	1.36001e-09
4.18	1.73759e-09
4.185	2.21329e-09
4.19	2.81069e-09
4.195	3.55848e-09
4.2	4.49154e-09
4.205	5.65199e-09
4.21	7.09056e-09
4.215	8.86811e-09
4.22	1.10574e-08
4.225	1.37448e-08
4.23	1.7033e-08
4.235	2.1043e-08
4.24	2.59172e-08
4.245	3.1822e-08
4.25	3.89518e-08
4.255	4.75319e-08
4.26	5.7823e-08
4.265	7.0125e-08
4.27	8.47814e-08
4.275	1.02184e-07
4.28	1.22779e-07
4.285	1.47068e-07
4.29	1.75618e-07
4.295	2.09063e-07
4.3	2.4811e-07
4.305	2.93543e-07
4.31	3.46228e-07
4.315	4.07116e-07
4.32	4.77245e-07
4.325	5.57748e-07
4.33	6.49846e-07
4.335	7.54857e-07
4.34	8.7419e-07
4.345	1.00935e-06
4.35	1.16193e-06
4.355	1.3336e-06
4.36	1.52612e-06
4.365	1.74133e-06
4.37	1.98113e-06
4.375	2.24748e-06
4.38	2.54239e-06
4.385	2.86792e-06
4.39	3.22615e-06
4.395	3.6192e-06
4.4	4.04919e-06
4.405	4.51823e-06
4.41	5.02846e-06
4.415	5.58197e-06
4.42	6.18085e-06
4.425	6.82717e-06
4.43	7.52296e-06
4.435	8.27022e-06
4.44	9.07094e-06
4.445	9.92705e-06
4.45	1.08405e-05
4.455	1.18131e-05
4.46	1.28468e-05
4.465	1.39435e-05
4.47	1.5105e-05
4.475	1.63331e-05
4.48	1.76296e-05
4.485	1.89966e-05
4.49	2.04356e-05
4.495	2.19486e-05
4.5	2.35374e-05
4.505	2.52038e-05
4.51	2.69496e-05
4.515	2.87764e-05
4.52	3.06859e-05
4.525	3.26799e-05
4.53	3.47598e-05
4.535	3.6927e-05
4.54	3.91831e-05
4.545	4.15292e-05
4.55	4.39665e-05
4.555	4.6496e-05
4.56	4.91188e-05
4.565	5.18357e-05
4.57	5.46474e-05
4.575	5.75546e-05
4.58	6.05581e-05
4.585	6.36582e-05
4.59	6.68556e-05
4.595	7.01508e-05
4.6	7.35443e-05
4.605	7.70364e-05
4.61	8.06277e-05
4.615	8.43185e-05
4.62	8.81093e-05
4.625	9.20002e-05
4.63	9.59916e-05
4.635	0.000100084
4.64	0.000104276
4.645	0.000108568
4.65	0.000112961
4.655	0.000117452
4.66	0.000122041
4.665	0.000126726
4.67	0.000131506
4.675	0.000136379
4.68	0.000141341
4.685	0.000146391
4.69	0.000151524
4.695	0.000156738
4.7	0.000162029
4.705	0.000167393
4.71	0.000172825
4.715	0.000178321
4.72	0.000183877
4.725	0.000189488
4.73	0.000195149
4.735	0.000200856
4.74	0.000206603
4.745	0.000212386
4.75	0.000218199
4.755	0.000224038
4.76	0.000229896
4.765	0.000235769
4.77	0.000241651
4.775	0.000247535
4.78	0.000253415
4.785	0.000259285
4.79	0.000265138
4.795	0.000270967
4.8	0.000276763
4.805	0.000282521
4.81	0.00028823
4.815	0.000293885
4.82	0.000299476
4.825	0.000304995
4.83	0.000310434
4.835	0.000315784
4.84	0.000321038
4.845	0.000326187
4.85	0.000331222
4.855	0.000336137
4.86	0.000340922
4.865	0.000345569
4.87	0.000350072
4.875	0.00035442
4.88	0.000358608
4.885	0.000362626
4.89	0.000366467
4.895	0.000370122
4.9	0.000373585
4.905	0.000376847
4.91	0.0003799
4.915	0.000382736
4.92	0.000385349
4.925	0.000387731
4.93	0.000389874
4.935	0.000391771
4.94	0.000393416
4.945	0.000394802
4.95	0.000395923
4.955	0.000396773
4.96	0.000397345
4.965	0.000397635
4.97	0.000397638
4.975	0.000397347
4.98	0.00039676
4.985	0.000395871
4.99	0.000394676
4.995	0.000393171
5	0.000391354
5.005	0.000389221
5.01	0.00038677
5.015	0.000383997
5.02	0.000380901
5.025	0.000377479
5.03	0.000373732
5.035	0.000369656
5.04	0.000365252
5.045	0.00036052
5.05	0.000355458
5.055	0.000350067
5.06	0.000344348
5.065	0.000338302
5.07	0.000331931
5.075	0.000325235
5.08	0.000318217
5.085	0.00031088
5.09	0.000303227
5.095	0.000295261
5.1	0.000286987
5.105	0.000278409
5.11	0.000269533
5.115	0.000260362
5.12	0.000250905
5.125	0.000241166
5.13	0.000231153
5.135	0.000220873
5.14	0.000210333
5.145	0.000199542
5.15	0.000188507
5.155	0.000177237
5.16	0.000165742
5.165	0.000154029
5.17	0.000142109
5.175	0.000129991
5.18	0.000117686
5.185	0.000105203
5.19	9.25546e-05
5.195	7.97507e-05
5.2	6.6803e-05
5.205	5.37231e-05
5.21	4.0523e-05
5.215	2.72151e-05
5.22	1.38117e-05
5.225	3.25631e-07
5.23	-1.32304e-05
5.235	-2.68432e-05
5.24	-4.04997e-05
5.245	-5.41866e-05
5.25	-6.78905e-05
5.255	-8.1598e-05
5.26	-9.52955e-05
5.265	-0.000108969
5.27	-0.000122606
5.275	-0.000136193
5.28	-0.000149715
5.285	-0.00016316
5.29	-0.000176514
5.295	-0.000189764
5.3	-0.000202897
5.305	-0.000215901
5.31	-0.000228762
5.315	-0.000241469
5.32	-0.000254008
5.325	-0.000266368
5.33	-0.000278538
5.335	-0.000290505
5.34	-0.000302258
5.345	-0.000313787
5.35	-0.000325079
5.355	-0.000336125
5.36	-0.000346914
5.365	-0.000357435
5.37	-0.000367678
5.375	-0.000377635
5.38	-0.000387296
5.385	-0.000396652
5.39	-0.000405695
5.395	-0.000414417
5.4	-0.000422811
5.405	-0.000430871
5.41	-0.000438589
5.415	-0.000445962
5.42	-0.000452982
5.425	-0.000459647
5.43	-0.000465953
5.435	-0.000471895
5.44	-0.00047747
5.445	-0.000482678
5.45	-0.000487514
5.455	-0.000491979
5.46	-0.00049607
5.465	-0.000499787
5.47	-0.000503131
5.475	-0.000506101
5.48	-0.000508698
5.485	-0.000510925
5.49	-0.000512782
5.495	-0.000514273
5.5	-0.000515401
5.505	-0.000516169
5.51	-0.000516581
5.515	-0.000516641
5.52	-0.000516356
5.525	-0.000515729
5.53	-0.000514767
5.535	-0.000513475
5.54	-0.000511861
5.545	-0.00050993
5.55	-0.000507691
5.555	-0.00050515
5.56	-0.000502314
5.565	-0.000499193
5.57	-0.000495794
5.575	-0.000492125
5.58	-0.000488197
5.585	-0.000484017
5.59	-0.000479596
5.595	-0.000474944
5.6	-0.00047007
5.605	-0.000464985
5.61	-0.0004597
5.615	-0.000454226
5.62	-0.000448573
5.625	-0.000442752
5.63	-0.000436774
5.635	-0.000430652
5.64	-0.000424395
5.645	-0.000418015
5.65	-0.000411524
5.655	-0.000404933
5.66	-0.000398254
5.665	-0.000391497
5.67	-0.000384675
5.675	-0.000377798
5.68	-0.000370878
5.685	-0.000363927
5.69	-0.000356955
5.695	-0.000349973
5.7	-0.000342992
5.705	-0.000336024
5.71	-0.000329078
5.715	-0.000322164
5.72	-0.000315293
5.725	-0.000308475
5.73	-0.000301717
5.735	-0.000295031
5.74	-0.000288423
5.745	-0.000281904
5.75	-0.00027548
5.755	-0.00026916
5.76	-0.000262951
5.765	-0.000256859
5.77	-0.000250892
5.775	-0.000245056
5.78	-0.000239356
5.785	-0.000233797
5.79	-0.000228386
5.795	-0.000223126
5.8	-0.000218021
5.805	-0.000213076
5.81	-0.000208293
5.815	-0.000203676
5.82	-0.000199228
5.825	-0.000194951
5.83	-0.000190847
5.835	-0.000186918
5.84	-0.000183164
5.845	-0.000179588
5.85	-0.000176189
5.855	-0.000172967
5.86	-0.000169923
5.865	-0.000167055
5.87	-0.000164361
5.875	-0.000161841
5.88	-0.000159493
5.885	-0.000157312
5.89	-0.000155298
5.895	-0.000153447
5.9	-0.000151755
5.905	-0.000150218
5.91	-0.000148833
5.915	-0.000147596
5.92	-0.000146502
5.925	-0.000145547
5.93	-0.000144725
5.935	-0.000144033
5.94	-0.000143465
5.945	-0.000143015
5.95	-0.000142679
5.955	-0.000142449
5.96	-0.000142321
5.965	-0.000142287
5.97	-0.000142341
5.975	-0.000142475
5.98	-0.000142683
5.985	-0.000142957
5.99	-0.000143289
5.995	-0.000143672
6	-0.000144097
6.005	-0.000144556
6.01	-0.00014504
6.015	-0.000145543
6.02	-0.000146055
6.025	-0.000146568
6.03	-0.000147074
6.035	-0.000147566
6.04	-0.000148035
6.045	-0.000148473
6.05	-0.000148874
6.055	-0.000149228
6.06	-0.00014953
6.065	-0.000149772
6.07	-0.000149946
6.075	-0.000150046
6.08	-0.000150065
6.085	-0.000149997
6.09	-0.000149835
6.095	-0.000149574
6.1	-0.000149207
6.105	-0.000148729
6.11	-0.000148135
6.115	-0.000147419
6.12	-0.000146577
6.125	-0.000145604
6.13	-0.000144497
6.135	-0.00014325
6.14	-0.00014186
6.145	-0.000140324
6.15	-0.00013864
6.155	-0.000136804
6.16	-0.000134814
6.165	-0.00013267
6.17	-0.000130369
6.175	-0.000127911
6.18	-0.000125296
6.185	-0.000122524
6.19	-0.000119596
6.195	-0.000116512
6.2	-0.000113274
6.205	-0.000109883
6.21	-0.000106341
6.215	-0.00010265
6.22	-9.88107e-05
6.225	-9.48254e-05
6.23	-9.06959e-05
6.235	-8.6424e-05
6.24	-8.20115e-05
6.245	-7.74605e-05
6.25	-7.27731e-05
6.255	-6.79517e-05
6.26	-6.29989e-05
6.265	-5.79176e-05
6.27	-5.27111e-05
6.275	-4.73832e-05
6.28	-4.1938e-05
6.285	-3.63799e-05
6.29	-3.07138e-05
6.295	-2.49448e-05
6.3	-1.90783e-05
6.305	-1.31198e-05
6.31	-7.07511e-06
6.315	-9.49937e-07
6.32	5.24992e-06
6.325	1.15187e-05
6.33	1.78505e-05
6.335	2.42398e-05
6.34	3.06807e-05
6.345	3.71677e-05
6.35	4.3695e-05
6.355	5.02569e-05
6.36	5.68478e-05
6.365	6.34616e-05
6.37	7.00927e-05
6.375	7.67349e-05
6.38	8.33822e-05
6.385	9.00285e-05
6.39	9.66675e-05
6.395	0.000103293
6.4	0.000109899
6.405	0.000116478
6.41	0.000123025
6.415	0.000129533
6.42	0.000135996
6.425	0.000142407
6.43	0.000148761
6.435	0.000155051
6.44	0.000161271
6.445	0.000167416
6.45	0.000173478
6.455	0.000179453
6.46	0.000185335
6.465	0.000191118
6.47	0.000196797
6.475	0.000202367
6.48	0.000207822
6.485	0.000213158
6.49	0.00021837
6.495	0.000223453
6.5	0.000228402
6.505	0.000233214
6.51	0.000237885
6.515	0.00024241
6.52	0.000246786
6.525	0.000251009
6.53	0.000255077
6.535	0.000258985
6.54	0.000262731
6.545	0.000266312
6.55	0.000269726
6.555	0.000272971
6.56	0.000276045
6.565	0.000278945
6.57	0.000281671
6.575	0.000284222
6.58	0.000286595
6.585	0.000288792
6.59	0.000290812
6.595	0.000292654
6.6	0.000294319
6.605	0.000295807
6.61	0.000297119
6.615	0.000298255
6.62	0.000299217
6.625	0.000300006
6.63	0.000300624
6.635	0.000301071
6.64	0.00030135
6.645	0.000301462
6.65	0.000301409
6.655	0.000301193
6.66	0.000300818
6.665	0.000300284
6.67	0.000299595
6.675	0.000298753
6.68	0.000297762
6.685	0.000296625
6.69	0.000295344
6.695	0.000293923
6.7	0.000292367
6.705	0.000290677
6.71	0.000288859
6.715	0.000286916
6.72	0.000284851
6.725	0.000282671
6.73	0.000280377
6.735	0.000277976
6.74	0.00027547
6.745	0.000272865
6.75	0.000270165
6.755	0.000267375
6.76	0.000264498
6.765	0.00026154
6.77	0.000258504
6.775	0.000255397
6.78	0.000252221
6.785	0.000248982
6.79	0.000245684
6.795	0.000242332
6.8	0.00023893
6.805	0.000235484
6.81	0.000231996
6.815	0.000228473
6.82	0.000224918
6.825	0.000221336
6.83	0.000217732
6.835	0.000214109
6.84	0.000210473
6.845	0.000206828
6.85	0.000203179
6.855	0.000199529
6.86	0.000195884
6.865	0.000192247
6.87	0.000188623
6.875	0.000185016
6.88	0.00018143
6.885	0.000177869
6.89	0.000174337
6.895	0.000170837
6.9	0.000167373
6.905	0.000163948
6.91	0.000160565
6.915	0.000157227
6.92	0.000153938
6.925	0.000150699
6.93	0.000147514
6.935	0.000144385
6.94	0.000141315
6.945	0.000138306
6.95	0.00013536
6.955	0.00013248
6.96	0.000129669
6.965	0.000126927
6.97	0.000124259
6.975	0.000121665
6.98	0.000119147
6.985	0.000116708
6.99	0.000114349
6.995	0.000112072
7	0.000109878
7.005	0.000107768
7.01	0.000105743
7.015	0.000103804
7.02	0.000101952
7.025	0.000100187
7.03	9.85106e-05
7.035	9.6922e-05
7.04	9.54217e-05
7.045	9.40099e-05
7.05	9.26865e-05
7.055	9.14514e-05
7.06	9.03043e-05
7.065	8.92447e-05
7.07	8.82719e-05
7.075	8.7385e-05
7.08	8.65828e-05
7.085	8.58641e-05
7.09	8.52273e-05
7.095	8.46705e-05
7.1	8.41919e-05
7.105	8.37892e-05
7.11	8.34601e-05
7.115	8.32022e-05
7.12	8.30127e-05
7.125	8.2889e-05
7.13	8.28282e-05
7.135	8.28275e-05
7.14	8.28838e-05
7.145	8.29943e-05
7.15	8.31559e-05
7.155	8.33654e-05
7.16	8.36197e-05
7.165	8.39156e-05
7.17	8.42498e-05
7.175	8.4619e-05
7.18	8.50198e-05
7.185	8.54489e-05
7.19	8.59026e-05
7.195	8.63777e-05
7.2	8.68704e-05
7.205	8.73773e-05
7.21	8.78948e-05
7.215	8.84192e-05
7.22	8.89468e-05
7.225	8.94739e-05
7.23	8.99968e-05
7.235	9.05117e-05
7.24	9.10149e-05
7.245	9.15027e-05
7.25	9.19714e-05
7.255	9.24175e-05
7.26	9.28373e-05
7.265	9.32273e-05
7.27	9.35842e-05
7.275	9.39046e-05
7.28	9.41851e-05
7.285	9.44225e-05
7.29	9.46136e-05
7.295	9.47552e-05
7.3	9.48443e-05
7.305	9.48777e-05
7.31	9.48524e-05
7.315	9.47655e-05
7.32	9.46139e-05
7.325	9.43947e-05
7.33	9.41051e-05
7.335	9.37424e-05
7.34	9.3304e-05
7.345	9.27873e-05
7.35	9.219e-05
7.355	9.151e-05
7.36	9.07453e-05
7.365	8.98941e-05
7.37	8.89548e-05
7.375	8.79261e-05
7.38	8.68065e-05
7.385	8.55951e-05
7.39	8.42907e-05
7.395	8.28926e-05
7.4	8.14e-05
7.405	7.98121e-05
7.41	7.81284e-05
7.415	7.63484e-05
7.42	7.44717e-05
7.425	7.24977e-05
7.43	7.04264e-05
7.435	6.82575e-05
7.44	6.5991e-05
7.445	6.3627e-05
7.45	6.11657e-05
7.455	5.86078e-05
7.46	5.59537e-05
7.465	5.32044e-05
7.47	5.03608e-05
7.475	4.74242e-05
7.48	4.4396e-05
7.485	4.12778e-05
7.49	3.80713e-05
7.495	3.47784e-05
7.5	3.1401e-05
7.505	2.79413e-05
7.51	2.44015e-05
7.515	2.07838e-05
7.52	1.70908e-05
7.525	1.33248e-05
7.53	9.48832e-06
7.535	5.58408e-06
7.54	1.61473e-06
7.545	-2.417e-06
7.55	-6.50828e-06
7.555	-1.06563e-05
7.56	-1.4858e-05
7.565	-1.91106e-05
7.57	-2.34111e-05
7.575	-2.77563e-05
7.58	-3.21433e-05
7.585	-3.6569e-05
7.59	-4.103e-05
7.595	-4.55232e-05
7.6	-5.00453e-05
7.605	-5.45927e-05
7.61	-5.9162e-05
7.615	-6.37494e-05
7.62	-6.83513e-05
7.625	-7.29637e-05
7.63	-7.75826e-05
7.635	-8.22041e-05
7.64	-8.68239e-05
7.645	-9.14379e-05
7.65	-9.60419e-05
7.655	-0.000100632
7.66	-0.000105203
7.665	-0.000109753
7.67	-0.000114275
7.675	-0.000118768
7.68	-0.000123226
7.685	-0.000127646
7.69	-0.000132024
7.695	-0.000136356
7.7	-0.000140638
7.705	-0.000144868
7.71	-0.00014904
7.715	-0.000153152
7.72	-0.0001572
7.725	-0.00016118
7.73	-0.000165088
7.735	-0.000168922
7.74	-0.000172677
7.745	-0.000176349
7.75	-0.000179937
7.755	-0.000183435
7.76	-0.000186842
7.765	-0.000190154
7.77	-0.000193368
7.775	-0.000196481
7.78	-0.000199492
7.785	-0.000202397
7.79	-0.000205194
7.795	-0.000207882
7.8	-0.000210457
7.805	-0.00021292
7.81	-0.000215266
7.815	-0.000217496
7.82	-0.000219607
7.825	-0.000221598
7.83	-0.000223467
7.835	-0.000225214
7.84	-0.000226837
7.845	-0.000228335
7.85	-0.000229709
7.855	-0.000230956
7.86	-0.000232076
7.865	-0.00023307
7.87	-0.000233937
7.875	-0.000234676
7.88	-0.000235289
7.885	-0.000235776
7.89	-0.000236136
7.895	-0.000236371
7.9	-0.00023648
7.905	-0.000236464
7.91	-0.000236324
7.915	-0.000236061
7.92	-0.000235675
7.925	-0.000235167
7.93	-0.000234538
7.935	-0.000233789
7.94	-0.000232922
7.945	-0.000231937
7.95	-0.000230836
7.955	-0.000229621
7.96	-0.000228293
7.965	-0.000226855
7.97	-0.000225307
7.975	-0.000223652
7.98	-0.000221892
7.985	-0.000220029
7.99	-0.000218064
7.995	-0.000215999
8	-0.000213837
8.005	-0.000211579
8.01	-0.000209228
8.015	-0.000206785
8.02	-0.000204253
8.025	-0.000201634
8.03	-0.00019893
8.035	-0.000196143
8.04	-0.000193276
8.045	-0.000190331
8.05	-0.000187312
8.055	-0.00018422
8.06	-0.000181058
8.065	-0.00017783
8.07	-0.000174539
8.075	-0.000171186
8.08	-0.000167775
8.085	-0.00016431
8.09	-0.000160792
8.095	-0.000157226
8.1	-0.000153613
8.105	-0.000149958
8.11	-0.000146264
8.115	-0.000142533
8.12	-0.000138769
8.125	-0.000134974
8.13	-0.000131153
8.135	-0.000127307
8.14	-0.000123441
8.145	-0.000119557
8.15	-0.000115658
8.155	-0.000111748
8.16	-0.000107828
8.165	-0.000103902
8.17	-9.99735e-05
8.175	-9.60442e-05
8.18	-9.21173e-05
8.185	-8.81955e-05
8.19	-8.42817e-05
8.195	-8.03786e-05
8.2	-7.64889e-05
8.205	-7.26155e-05
8.21	-6.87611e-05
8.215	-6.49285e-05
8.22	-6.11204e-05
8.225	-5.73395e-05
8.23	-5.35885e-05
8.235	-4.98698e-05
8.24	-4.61861e-05
8.245	-4.25396e-05
8.25	-3.89326e-05
8.255	-3.53675e-05
8.26	-3.18462e-05
8.265	-2.83708e-05
8.27	-2.49434e-05
8.275	-2.15658e-05
8.28	-1.824e-05
8.285	-1.49678e-05
8.29	-1.17511e-05
8.295	-8.59162e-06
8.3	-5.49113e-06
8.305	-2.45138e-06
8.31	5.25947e-07
8.315	3.4392e-06
8.32	6.28679e-06
8.325	9.06718e-06
8.33	1.17789e-05
8.335	1.44206e-05
8.34	1.69908e-05
8.345	1.94884e-05
8.35	2.19122e-05
8.355	2.42611e-05
8.36	2.65342e-05
8.365	2.87304e-05
8.37	3.0849e-05
8.375	3.28894e-05
8.38	3.48508e-05
8.385	3.67327e-05
8.39	3.85347e-05
8.395	4.02565e-05
8.4	4.18977e-05
8.405	4.34582e-05
8.41	4.49378e-05
8.415	4.63366e-05
8.42	4.76546e-05
8.425	4.88918e-05
8.43	5.00487e-05
8.435	5.11252e-05
8.44	5.21218e-05
8.445	5.30389e-05
8.45	5.38767e-05
8.455	5.46358e-05
8.46	5.53167e-05
8.465	5.59198e-05
8.47	5.64458e-05
8.475	5.68954e-05
8.48	5.72692e-05
8.485	5.75682e-05
8.49	5.77931e-05
8.495	5.79451e-05
8.5	5.80254e-05
8.505	5.8035e-05
8.51	5.79755e-05
8.515	5.78483e-05
8.52	5.76548e-05
8.525	5.73967e-05
8.53	5.70756e-05
8.535	5.66931e-05
8.54	5.62508e-05
8.545	5.57505e-05
8.55	5.51939e-05
8.555	5.45828e-05
8.56	5.39191e-05
8.565	5.32046e-05
8.57	5.24413e-05
8.575	5.16311e-05
8.58	5.0776e-05
8.585	4.98779e-05
8.59	4.89391e-05
8.595	4.79615e-05
8.6	4.69472e-05
8.605	4.58985e-05
8.61	4.48175e-05
8.615	4.37065e-05
8.62	4.25678e-05
8.625	4.14037e-05
8.63	4.02166e-05
8.635	3.90089e-05
8.64	3.7783e-05
8.645	3.65414e-05
8.65	3.52866e-05
8.655	3.4021e-05
8.66	3.27472e-05
8.665	3.14678e-05
8.67	3.01851e-05
8.675	2.89019e-05
8.68	2.76207e-05
8.685	2.63438e-05
8.69	2.50739e-05
8.695	2.38133e-05
8.7	2.25644e-05
8.705	2.13296e-05
8.71	2.01112e-05
8.715	1.89115e-05
8.72	1.77327e-05
8.725	1.65769e-05
8.73	1.54462e-05
8.735	1.43428e-05
8.74	1.32686e-05
8.745	1.22255e-05
8.75	1.12156e-05
8.755	1.02406e-05
8.76	9.30248e-06
8.765	8.40309e-06
8.77	7.54429e-06
8.775	6.72788e-06
8.78	5.95565e-06
8.785	5.22934e-06
8.79	4.55061e-06
8.795	3.92106e-06
8.8	3.3422e-06
8.805	2.81542e-06
8.81	2.34205e-06
8.815	1.92328e-06
8.82	1.56021e-06
8.825	1.25387e-06
8.83	1.00514e-06
8.835	8.14847e-07
8.84	6.83697e-07
8.845	6.12311e-07
8.85	6.01219e-07
8.855	6.50862e-07
8.86	7.61594e-07
8.865	9.33681e-07
8.87	1.1673e-06
8.875	1.46253e-06
8.88	1.81936e-06
8.885	2.23763e-06
8.89	2.7171e-06
8.895	3.25739e-06
8.9	3.858e-06
8.905	4.51833e-06
8.91	5.23768e-06
8.915	6.01527e-06
8.92	6.85024e-06
8.925	7.74171e-06
8.93	8.68873e-06
8.935	9.69033e-06
8.94	1.07455e-05
8.945	1.1853e-05
8.95	1.30118e-05
8.955	1.42206e-05
8.96	1.54779e-05
8.965	1.67823e-05
8.97	1.81322e-05
8.975	1.95259e-05
8.98	2.09615e-05
8.985	2.24371e-05
8.99	2.39508e-05
8.995	2.55003e-05
9	2.70837e-05
9.005	2.86987e-05
9.01	3.03431e-05
9.015	3.20147e-05
9.02	3.37113e-05
9.025	3.54308e-05
9.03	3.71707e-05
9.035	3.89291e-05
9.04	4.07036e-05
9.045	4.24919e-05
9.05	4.42919e-05
9.055	4.61011e-05
9.06	4.79173e-05
9.065	4.97379e-05
9.07	5.15606e-05
9.075	5.33828e-05
9.08	5.5202e-05
9.085	5.70156e-05
9.09	5.8821e-05
9.095	6.06155e-05
9.1	6.23965e-05
9.105	6.41614e-05
9.11	6.59077e-05
9.115	6.76328e-05
9.12	6.93345e-05
9.125	7.10103e-05
9.13	7.26581e-05
9.135	7.42758e-05
9.14	7.58612e-05
9.145	7.74123e-05
9.15	7.89273e-05
9.155	8.04041e-05
9.16	8.18407e-05
9.165	8.32352e-05
9.17	8.45858e-05
9.175	8.58904e-05
9.18	8.71471e-05
9.185	8.83543e-05
9.19	8.95099e-05
9.195	9.06125e-05
9.2	9.16603e-05
9.205	9.2652e-05
9.21	9.3586e-05
9.215	9.44611e-05
9.22	9.52762e-05
9.225	9.60302e-05
9.23	9.6722e-05
9.235	9.73506e-05
9.24	9.79153e-05
9.245	9.84151e-05
9.25	9.88491e-05
9.255	9.92167e-05
9.26	9.95172e-05
9.265	9.975e-05
9.27	9.99146e-05
9.275	0.000100011
9.28	0.000100038
9.285	9.99958e-05
9.29	9.9885e-05
9.295	9.97053e-05
9.3	9.9457e-05
9.305	9.91405e-05
9.31	9.87562e-05
9.315	9.83046e-05
9.32	9.77862e-05
9.325	9.72019e-05
9.33	9.65521e-05
9.335	9.58375e-05
9.34	9.50589e-05
9.345	9.42169e-05
9.35	9.33123e-05
9.355	9.23459e-05
9.36	9.13187e-05
9.365	9.02317e-05
9.37	8.9086e-05
9.375	8.78828e-05
9.38	8.66236e-05
9.385	8.53097e-05
9.39	8.39428e-05
9.395	8.25244e-05
9.4	8.10563e-05
9.405	7.95402e-05
9.41	7.79777e-05
9.415	7.63708e-05
9.42	7.47211e-05
9.425	7.30305e-05
9.43	7.13007e-05
9.435	6.95335e-05
9.44	6.77307e-05
9.445	6.58942e-05
9.45	6.40259e-05
9.455	6.21275e-05
9.46	6.02012e-05
9.465	5.82488e-05
9.47	5.62725e-05
9.475	5.42742e-05
9.48	5.22559e-05
9.485	5.02198e-05
9.49	4.81678e-05
9.495	4.61019e-05
9.5	4.40241e-05
9.505	4.19363e-05
9.51	3.98406e-05
9.515	3.77388e-05
9.52	3.56328e-05
9.525	3.35245e-05
9.53	3.14156e-05
9.535	2.93081e-05
9.54	2.72036e-05
9.545	2.51038e-05
9.55	2.30106e-05
9.555	2.09255e-05
9.56	1.88504e-05
9.565	1.67868e-05
9.57	1.47364e-05
9.575	1.27009e-05
9.58	1.06818e-05
9.585	8.68067e-06
9.59	6.69905e-06
9.595	4.7384e-06
9.6	2.80011e-06
9.605	8.85517e-07
9.61	-1.00411e-06
9.615	-2.86757e-06
9.62	-4.70371e-06
9.625	-6.51146e-06
9.63	-8.28976e-06
9.635	-1.00376e-05
9.64	-1.17541e-05
9.645	-1.34383e-05
9.65	-1.50892e-05
9.655	-1.67059e-05
9.66	-1.82877e-05
9.665	-1.98336e-05
9.67	-2.13429e-05
9.675	-2.28149e-05
9.68	-2.4249e-05
9.685	-2.56447e-05
9.69	-2.70015e-05
9.695	-2.83191e-05
9.7	-2.95971e-05
9.705	-3.08352e-05
9.71	-3.20334e-05
9.715	-3.31914e-05
9.72	-3.43092e-05
9.725	-3.53867e-05
9.73	-3.64239e-05
9.735	-3.74205e-05
9.74	-3.83766e-05
9.745	-3.92922e-05
9.75	-4.01672e-05
9.755	-4.10016e-05
9.76	-4.17955e-05
9.765	-4.2549e-05
9.77	-4.32622e-05
9.775	-4.39355e-05
9.78	-4.45691e-05
9.785	-4.51635e-05
9.79	-4.57191e-05
9.795	-4.62363e-05
9.8	-4.67158e-05
9.805	-4.7158e-05
9.81	-4.75635e-05
9.815	-4.79329e-05
9.82	-4.82668e-05
9.825	-4.85658e-05
9.83	-4.88306e-05
9.835	-4.90618e-05
9.84	-4.92599e-05
9.845	-4.94257e-05
9.85	-4.95598e-05
9.855	-4.96629e-05
9.86	-4.97357e-05
9.865	-4.97788e-05
9.87	-4.97929e-05
9.875	-4.97788e-05
9.88	-4.97371e-05
9.885	-4.96686e-05
9.89	-4.9574e-05
9.895	-4.94539e-05
9.9	-4.93092e-05
9.905	-4.91406e-05
9.91	-4.89488e-05
9.915	-4.87347e-05
9.92	-4.84992e-05
9.925	-4.8243e-05
9.93	-4.7967e-05
9.935	-4.76719e-05
9.94	-4.73587e-05
9.945	-4.70282e-05
9.95	-4.6681e-05
9.955	-4.6318e-05
9.96	-4.59399e-05
9.965	-4.55475e-05
9.97	-4.51413e-05
9.975	-4.4722e-05
9.98	-4.42903e-05
9.985	-4.38467e-05
9.99	-4.33917e-05
9.995	-4.29259e-05
10	-4.24497e-05
10.005	-4.19638e-05
10.01	-4.14686e-05
10.015	-4.09645e-05
10.02	-4.04521e-05
10.025	-3.99319e-05
10.03	-3.94044e-05
10.035	-3.88702e-05
10.04	-3.83297e-05
10.045	-3.77837e-05
10.05	-3.72325e-05
10.055	-3.66769e-05
10.06	-3.61173e-05
10.065	-3.55543e-05
10.07	-3.49884e-05
10.075	-3.442e-05
10.08	-3.38496e-05
10.085	-3.32777e-05
10.09	-3.27046e-05
10.095	-3.21306e-05
10.1	-3.15564e-05
10.105	-3.09821e-05
10.11	-3.04082e-05
10.115	-2.98352e-05
10.12	-2.92633e-05
10.125	-2.8693e-05
10.13	-2.81247e-05
10.135	-2.75588e-05
10.14	-2.69956e-05
10.145	-2.64357e-05
10.15	-2.58793e-05
10.155	-2.5327e-05
10.16	-2.4779e-05
10.165	-2.42357e-05
10.17	-2.36974e-05
10.175	-2.31645e-05
10.18	-2.26373e-05
10.185	-2.2116e-05
10.19	-2.16009e-05
10.195	-2.10924e-05
10.2	-2.05908e-05
10.205	-2.00964e-05
10.21	-1.96095e-05
10.215	-1.91304e-05
10.22	-1.86596e-05
10.225	-1.81974e-05
10.23	-1.77441e-05
10.235	-1.73e-05
10.24	-1.68654e-05
10.245	-1.64406e-05
10.25	-1.60257e-05
10.255	-1.5621e-05
10.26	-1.52266e-05
10.265	-1.48427e-05
10.27	-1.44693e-05
10.275	-1.41066e-05
10.28	-1.37548e-05
10.285	-1.3414e-05
10.29	-1.30843e-05
10.295	-1.27661e-05
10.3	-1.24594e-05
10.305	-1.21646e-05
10.31	-1.18818e-05
10.315	-1.16112e-05
10.32	-1.1353e-05
10.325	-1.11073e-05
10.33	-1.08741e-05
10.335	-1.06534e-05
10.34	-1.04453e-05
10.345	-1.02497e-05
10.35	-1.00665e-05
10.355	-9.89561e-06
10.36	-9.73708e-06
10.365	-9.59082e-06
10.37	-9.45681e-06
10.375	-9.33501e-06
10.38	-9.22541e-06
10.385	-9.12801e-06
10.39	-9.04281e-06
10.395	-8.9698e-06
10.4	-8.90897e-06
10.405	-8.86029e-06
10.41	-8.82368e-06
10.415	-8.79906e-06
10.42	-8.78629e-06
10.425	-8.78518e-06
10.43	-8.79553e-06
10.435	-8.81706e-06
10.44	-8.84946e-06
10.445	-8.89237e-06
10.45	-8.94542e-06
10.455	-9.00822e-06
10.46	-9.08035e-06
10.465	-9.16144e-06
10.47	-9.25109e-06
10.475	-9.34896e-06
10.48	-9.45472e-06
10.485	-9.56804e-06
10.49	-9.68864e-06
10.495	-9.81619e-06
10.5	-9.95039e-06
10.505	-1.00909e-05
10.51	-1.02372e-05
10.515	-1.0389e-05
10.52	-1.05457e-05
10.525	-1.07069e-05
10.53	-1.08719e-05
10.535	-1.10402e-05
10.54	-1.12112e-05
10.545	-1.13844e-05
10.55	-1.15592e-05
10.555	-1.17351e-05
10.56	-1.19114e-05
10.565	-1.20877e-05
10.57	-1.22635e-05
10.575	-1.24382e-05
10.58	-1.26114e-05
10.585	-1.27825e-05
10.59	-1.29511e-05
10.595	-1.31167e-05
10.6	-1.32787e-05
10.605	-1.34366e-05
10.61	-1.35899e-05
10.615	-1.3738e-05
10.62	-1.38805e-05
10.625	-1.40167e-05
10.63	-1.41462e-05
10.635	-1.42686e-05
10.64	-1.43833e-05
10.645	-1.449e-05
10.65	-1.45881e-05
10.655	-1.46773e-05
10.66	-1.4757e-05
10.665	-1.48269e-05
10.67	-1.48866e-05
10.675	-1.49356e-05
10.68	-1.49735e-05
10.685	-1.5e-05
10.69	-1.50146e-05
10.695	-1.5017e-05
10.7	-1.5007e-05
10.705	-1.49841e-05
10.71	-1.4948e-05
10.715	-1.48984e-05
10.72	-1.4835e-05
10.725	-1.47577e-05
10.73	-1.46662e-05
10.735	-1.45603e-05
10.74	-1.44398e-05
10.745	-1.43047e-05
10.75	-1.41548e-05
10.755	-1.399e-05
10.76	-1.38103e-05
10.765	-1.36155e-05
10.77	-1.34057e-05
10.775	-1.31807e-05
10.78	-1.29406e-05
10.785	-1.26853e-05
10.79	-1.24147e-05
10.795	-1.21291e-05
10.8	-1.18283e-05
10.805	-1.15126e-05
10.81	-1.11819e-05
10.815	-1.08366e-05
10.82	-1.04766e-05
10.825	-1.01024e-05
10.83	-9.71408e-06
10.835	-9.31205e-06
10.84	-8.89659e-06
10.845	-8.46804e-06
10.85	-8.02675e-06
10.855	-7.57309e-06
10.86	-7.10744e-06
10.865	-6.63021e-06
10.87	-6.14182e-06
10.875	-5.64272e-06
10.88	-5.13336e-06
10.885	-4.61424e-06
10.89	-4.08586e-06
10.895	-3.54873e-06
10.9	-3.00337e-06
10.905	-2.4503e-06
10.91	-1.89006e-06
10.915	-1.32317e-06
10.92	-7.50185e-07
10.925	-1.71666e-07
10.93	4.11819e-07
10.935	9.99691e-07
10.94	1.59137e-06
10.945	2.18626e-06
10.95	2.78379e-06
10.955	3.38337e-06
10.96	3.98442e-06
10.965	4.58636e-06
10.97	5.18861e-06
10.975	5.79057e-06
10.98	6.39163e-06
10.985	6.99115e-06
10.99	7.58851e-06
10.995	8.18304e-06
11	8.77407e-06
11.005	9.36092e-06
11.01	9.94294e-06
11.015	1.05195e-05
11.02	1.10899e-05
11.025	1.16536e-05
11.03	1.22101e-05
11.035	1.27588e-05
11.04	1.32992e-05
11.045	1.38311e-05
11.05	1.43539e-05
11.055	1.48672e-05
11.06	1.53708e-05
11.065	1.58642e-05
11.07	1.6347e-05
11.075	1.6819e-05
11.08	1.72796e-05
11.085	1.77286e-05
11.09	1.81655e-05
11.095	1.859e-05
11.1	1.90017e-05
11.105	1.94004e-05
11.11	1.97856e-05
11.115	2.01571e-05
11.12	2.05146e-05
11.125	2.0858e-05
11.13	2.1187e-05
11.135	2.15014e-05
11.14	2.18012e-05
11.145	2.20863e-05
11.15	2.23565e-05
11.155	2.26119e-05
11.16	2.28523e-05
11.165	2.30778e-05
11.17	2.32885e-05
11.175	2.34843e-05
11.18	2.36653e-05
11.185	2.38316e-05
11.19	2.39834e-05
11.195	2.41207e-05
11.2	2.42436e-05
11.205	2.43524e-05
11.21	2.4447e-05
11.215	2.45275e-05
11.22	2.45942e-05
11.225	2.46471e-05
11.23	2.46863e-05
11.235	2.47119e-05
11.24	2.47241e-05
11.245	2.47231e-05
11.25	2.47091e-05
11.255	2.46822e-05
11.26	2.46428e-05
11.265	2.45911e-05
11.27	2.45274e-05
11.275	2.44521e-05
11.28	2.43654e-05
11.285	2.42677e-05
11.29	2.41593e-05
11.295	2.40405e-05
11.3	2.39116e-05
11.305	2.3773e-05
11.31	2.36249e-05
11.315	2.34677e-05
11.32	2.33017e-05
11.325	2.31273e-05
11.33	2.29449e-05
11.335	2.27548e-05
11.34	2.25573e-05
11.345	2.23528e-05
11.35	2.21417e-05
11.355	2.19242e-05
11.36	2.17008e-05
11.365	2.14718e-05
11.37	2.12374e-05
11.375	2.09982e-05
11.38	2.07543e-05
11.385	2.05061e-05
11.39	2.0254e-05
11.395	1.99984e-05
11.4	1.97395e-05
11.405	1.94777e-05
11.41	1.92132e-05
11.415	1.89465e-05
11.42	1.86778e-05
11.425	1.84075e-05
11.43	1.81357e-05
11.435	1.78628e-05
11.44	1.7589e-05
11.445	1.73146e-05
11.45	1.70398e-05
11.455	1.67649e-05
11.46	1.64901e-05
11.465	1.62157e-05
11.47	1.59418e-05
11.475	1.56687e-05
11.48	1.53965e-05
11.485	1.51255e-05
11.49	1.48558e-05
11.495	1.45875e-05
11.5	1.43209e-05
11.505	1.40559e-05
11.51	1.37928e-05
11.515	1.35315e-05
11.52	1.32723e-05
11.525	1.30151e-05
11.53	1.27601e-05
11.535	1.25072e-05
11.54	1.22566e-05
11.545	1.20082e-05
11.55	1.17621e-05
11.555	1.15184e-05
11.56	1.12771e-05
11.565	1.10382e-05
11.57	1.08019e-05
11.575	1.05682e-05
11.58	1.03372e-05
11.585	1.01087e-05
11.59	9.88287e-06
11.595	9.65966e-06
11.6	9.43902e-06
11.605	9.22091e-06
11.61	9.00526e-06
11.615	8.792e-06
11.62	8.58106e-06
11.625	8.37235e-06
11.63	8.16578e-06
11.635	7.96125e-06
11.64	7.75868e-06
11.645	7.55797e-06
11.65	7.35903e-06
11.655	7.16181e-06
11.66	6.96622e-06
11.665	6.77222e-06
11.67	6.57973e-06
11.675	6.38872e-06
11.68	6.19914e-06
11.685	6.01097e-06
11.69	5.82417e-06
11.695	5.6387e-06
11.7	5.45451e-06
11.705	5.27154e-06
11.71	5.08974e-06
11.715	4.90904e-06
11.72	4.72936e-06
11.725	4.55065e-06
11.73	4.37283e-06
11.735	4.19585e-06
11.74	4.01965e-06
11.745	3.84417e-06
11.75	3.66939e-06
11.755	3.49525e-06
11.76	3.32173e-06
11.765	3.14882e-06
11.77	2.97649e-06
11.775	2.80475e-06
11.78	2.63359e-06
11.785	2.46303e-06
11.79	2.29306e-06
11.795	2.12365e-06
11.8	1.95477e-06
11.805	1.78637e-06
11.81	1.61838e-06
11.815	1.45072e-06
11.82	1.28332e-06
11.825	1.1161e-06
11.83	9.49013e-07
11.835	7.82037e-07
11.84	6.15171e-07
11.845	4.48438e-07
11.85	2.8188e-07
11.855	1.15546e-07
11.86	-5.05154e-08
11.865	-2.16259e-07
11.87	-3.81644e-07
11.875	-5.46633e-07
11.88	-7.11192e-07
11.885	-8.75293e-07
11.89	-1.03892e-06
11.895	-1.20206e-06
11.9	-1.36472e-06
11.905	-1.52691e-06
11.91	-1.68865e-06
11.915	-1.84995e-06
11.92	-2.01083e-06
11.925	-2.17131e-06
11.93	-2.33139e-06
11.935	-2.49106e-06
11.94	-2.65032e-06
11.945	-2.80913e-06
11.95	-2.96743e-06
11.955	-3.12519e-06
11.96	-3.28233e-06
11.965	-3.43881e-06
11.97	-3.59457e-06
11.975	-3.74957e-06
11.98	-3.90374e-06
11.985	-4.05704e-06
11.99	-4.20943e-06
11.995	-4.36088e-06
12	-4.51137e-06
12.005	-4.66088e-06
12.01	-4.80942e-06
12.015	-4.95696e-06
12.02	-5.10351e-06
12.025	-5.24905e-06
12.03	-5.39357e-06
12.035	-5.53706e-06
12.04	-5.6795e-06
12.045	-5.82086e-06
12.05	-5.96115e-06
12.055	-6.10036e-06
12.06	-6.23853e-06
12.065	-6.37568e-06
12.07	-6.51188e-06
12.075	-6.64719e-06
12.08	-6.78165e-06
12.085	-6.91532e-06
12.09	-7.04824e-06
12.095	-7.18045e-06
12.1	-7.31196e-06
12.105	-7.44278e-06
12.11	-7.57289e-06
12.115	-7.70227e-06
12.12	-7.8309e-06
12.125	-7.95875e-06
12.13	-8.0858e-06
12.135	-8.21201e-06
12.14	-8.33739e-06
12.145	-8.46191e-06
12.15	-8.58558e-06
12.155	-8.70842e-06
12.16	-8.83047e-06
12.165	-8.9518e-06
12.17	-9.07246e-06
12.175	-9.19253e-06
12.18	-9.31205e-06
12.185	-9.43105e-06
12.19	-9.54956e-06
12.195	-9.66758e-06
12.2	-9.78509e-06
12.205	-9.90208e-06
12.21	-1.00185e-05
12.215	-1.01344e-05
12.22	-1.02496e-05
12.225	-1.03641e-05
12.23	-1.04779e-05
12.235	-1.0591e-05
12.24	-1.07032e-05
12.245	-1.08145e-05
12.25	-1.09249e-05
12.255	-1.10342e-05
12.26	-1.11424e-05
12.265	-1.12495e-05
12.27	-1.13555e-05
12.275	-1.14604e-05
12.28	-1.1564e-05
12.285	-1.16665e-05
12.29	-1.17677e-05
12.295	-1.18677e-05
12.3	-1.19664e-05
12.305	-1.20637e-05
12.31	-1.21598e-05
12.315	-1.22545e-05
12.32	-1.23478e-05
12.325	-1.24396e-05
12.33	-1.25299e-05
12.335	-1.26187e-05
12.34	-1.27057e-05
12.345	-1.2791e-05
12.35	-1.28743e-05
12.355	-1.29557e-05
12.36	-1.3035e-05
12.365	-1.31121e-05
12.37	-1.31868e-05
12.375	-1.32592e-05
12.38	-1.33291e-05
12.385	-1.33962e-05
12.39	-1.34607e-05
12.395	-1.35222e-05
12.4	-1.35808e-05
12.405	-1.36364e-05
12.41	-1.36888e-05
12.415	-1.37381e-05
12.42	-1.37842e-05
12.425	-1.38271e-05
12.43	-1.38667e-05
12.435	-1.39028e-05
12.44	-1.39356e-05
12.445	-1.39647e-05
12.45	-1.39903e-05
12.455	-1.40121e-05
12.46	-1.40301e-05
12.465	-1.40442e-05
12.47	-1.40544e-05
12.475	-1.40605e-05
12.48	-1.40626e-05
12.485	-1.40606e-05
12.49	-1.40544e-05
12.495	-1.4044e-05
12.5	-1.40293e-05
12.505	-1.40103e-05
12.51	-1.39869e-05
12.515	-1.3959e-05
12.52	-1.39268e-05
12.525	-1.38901e-05
12.53	-1.38488e-05
12.535	-1.38031e-05
12.54	-1.37528e-05
12.545	-1.3698e-05
12.55	-1.36385e-05
12.555	-1.35745e-05
12.56	-1.35058e-05
12.565	-1.34326e-05
12.57	-1.33548e-05
12.575	-1.32724e-05
12.58	-1.31854e-05
12.585	-1.30941e-05
12.59	-1.29983e-05
12.595	-1.28982e-05
12.6	-1.27939e-05
12.605	-1.26854e-05
12.61	-1.25728e-05
12.615	-1.24562e-05
12.62	-1.23357e-05
12.625	-1.22114e-05
12.63	-1.20832e-05
12.635	-1.19513e-05
12.64	-1.18158e-05
12.645	-1.16767e-05
12.65	-1.15342e-05
12.655	-1.13882e-05
12.66	-1.1239e-05
12.665	-1.10866e-05
12.67	-1.09311e-05
12.675	-1.07727e-05
12.68	-1.06115e-05
12.685	-1.04477e-05
12.69	-1.02814e-05
12.695	-1.01127e-05
12.7	-9.94197e-06
12.705	-9.76918e-06
12.71	-9.59451e-06
12.715	-9.4181e-06
12.72	-9.24008e-06
12.725	-9.06058e-06
12.73	-8.87973e-06
12.735	-8.69767e-06
12.74	-8.51455e-06
12.745	-8.33051e-06
12.75	-8.14571e-06
12.755	-7.9603e-06
12.76	-7.77441e-06
12.765	-7.58818e-06
12.77	-7.40177e-06
12.775	-7.21533e-06
12.78	-7.02902e-06
12.785	-6.843e-06
12.79	-6.65743e-06
12.795	-6.47245e-06
12.8	-6.2882e-06
12.805	-6.10482e-06
12.81	-5.92241e-06
12.815	-5.7411e-06
12.82	-5.56099e-06
12.825	-5.38218e-06
12.83	-5.20478e-06
12.835	-5.0289e-06
12.84	-4.85463e-06
12.845	-4.68209e-06
12.85	-4.51136e-06
12.855	-4.34253e-06
12.86	-4.17566e-06
12.865	-4.01085e-06
12.87	-3.84819e-06
12.875	-3.68775e-06
12.88	-3.52963e-06
12.885	-3.37391e-06
12.89	-3.22067e-06
12.895	-3.06999e-06
12.9	-2.92193e-06
12.905	-2.77655e-06
12.91	-2.63389e-06
12.915	-2.49399e-06
12.92	-2.35687e-06
12.925	-2.22255e-06
12.93	-2.09104e-06
12.935	-1.96236e-06
12.94	-1.83652e-06
12.945	-1.71352e-06
12.95	-1.59336e-06
12.955	-1.47602e-06
12.96	-1.36149e-06
12.965	-1.24976e-06
12.97	-1.1408e-06
12.975	-1.03459e-06
12.98	-9.31096e-07
12.985	-8.30284e-07
12.99	-7.32103e-07
12.995	-6.36499e-07
13	-5.43416e-07
13.005	-4.52794e-07
13.01	-3.64568e-07
13.015	-2.78667e-07
13.02	-1.95015e-07
13.025	-1.13534e-07
13.03	-3.41473e-08
13.035	4.32218e-08
13.04	1.18648e-07
13.045	1.92207e-07
13.05	2.63976e-07
13.055	3.34033e-07
13.06	4.02463e-07
13.065	4.69355e-07
13.07	5.34808e-07
13.075	5.98931e-07
13.08	6.61841e-07
13.085	7.23656e-07
13.09	7.84494e-07
13.095	8.44464e-07
13.1	9.0367e-07
13.105	9.62207e-07
13.11	1.02016e-06
13.115	1.07762e-06
13.12	1.13467e-06
13.125	1.19138e-06
13.13	1.24785e-06
13.135	1.30417e-06
13.14	1.36045e-06
13.145	1.4168e-06
13.15	1.47333e-06
13.155	1.53017e-06
13.16	1.58742e-06
13.165	1.6452e-06
13.17	1.70361e-06
13.175	1.76276e-06
13.18	1.82275e-06
13.185	1.88366e-06
13.19	1.94559e-06
13.195	2.00862e-06
13.2	2.0728e-06
13.205	2.13818e-06
13.21	2.2048e-06
13.215	2.27268e-06
13.22	2.34186e-06
13.225	2.41234e-06
13.23	2.48414e-06
13.235	2.55731e-06
13.24	2.63187e-06
13.245	2.70787e-06
13.25	2.78537e-06
13.255	2.86442e-06
13.26	2.94511e-06
13.265	3.02748e-06
13.27	3.11159e-06
13.275	3.19748e-06
13.28	3.28517e-06
13.285	3.37467e-06
13.29	3.46596e-06
13.295	3.55904e-06
13.3	3.65387e-06
13.305	3.75043e-06
13.31	3.84868e-06
13.315	3.94857e-06
13.32	4.05007e-06
13.325	4.15313e-06
13.33	4.25771e-06
13.335	4.36376e-06
13.34	4.47123e-06
13.345	4.58009e-06
13.35	4.69028e-06
13.355	4.80178e-06
13.36	4.91454e-06
13.365	5.02851e-06
13.37	5.14365e-06
13.375	5.25988e-06
13.38	5.37715e-06
13.385	5.49535e-06
13.39	5.61442e-06
13.395	5.73426e-06
13.4	5.85478e-06
13.405	5.97591e-06
13.41	6.09755e-06
13.415	6.21964e-06
13.42	6.34208e-06
13.425	6.46481e-06
13.43	6.58774e-06
13.435	6.7108e-06
13.44	6.83388e-06
13.445	6.95691e-06
13.45	7.07979e-06
13.455	7.20245e-06
13.46	7.32478e-06
13.465	7.44671e-06
13.47	7.56813e-06
13.475	7.68894e-06
13.48	7.80903e-06
13.485	7.9283e-06
13.49	8.04663e-06
13.495	8.16392e-06
13.5	8.28007e-06
13.505	8.395e-06
13.51	8.50862e-06
13.515	8.62087e-06
13.52	8.73172e-06
13.525	8.8411e-06
13.53	8.94898e-06
13.535	9.05528e-06
13.54	9.15992e-06
13.545	9.2628e-06
13.55	9.36383e-06
13.555	9.46288e-06
13.56	9.55987e-06
13.565	9.65468e-06
13.57	9.7472e-06
13.575	9.83734e-06
13.58	9.92503e-06
13.585	1.00102e-05
13.59	1.00928e-05
13.595	1.01727e-05
13.6	1.02499e-05
13.605	1.03244e-05
13.61	1.03962e-05
13.615	1.04651e-05
13.62	1.05313e-05
13.625	1.05946e-05
13.63	1.06551e-05
13.635	1.07127e-05
13.64	1.07674e-05
13.645	1.08191e-05
13.65	1.08677e-05
13.655	1.09133e-05
13.66	1.09557e-05
13.665	1.0995e-05
13.67	1.10309e-05
13.675	1.10635e-05
13.68	1.10928e-05
13.685	1.11186e-05
13.69	1.1141e-05
13.695	1.11599e-05
13.7	1.11754e-05
13.705	1.11873e-05
13.71	1.11957e-05
13.715	1.12006e-05
13.72	1.1202e-05
13.725	1.11999e-05
13.73	1.11944e-05
13.735	1.11854e-05
13.74	1.1173e-05
13.745	1.11572e-05
13.75	1.11378e-05
13.755	1.11151e-05
13.76	1.10888e-05
13.765	1.10592e-05
13.77	1.1026e-05
13.775	1.09895e-05
13.78	1.09495e-05
13.785	1.09061e-05
13.79	1.08594e-05
13.795	1.08092e-05
13.8	1.07557e-05
13.805	1.06987e-05
13.81	1.06384e-05
13.815	1.05747e-05
13.82	1.05077e-05
13.825	1.04373e-05
13.83	1.03637e-05
13.835	1.02867e-05
13.84	1.02066e-05
13.845	1.01233e-05
13.85	1.00368e-05
13.855	9.94736e-06
13.86	9.85488e-06
13.865	9.75947e-06
13.87	9.66119e-06
13.875	9.56009e-06
13.88	9.4562e-06
13.885	9.34957e-06
13.89	9.24022e-06
13.895	9.12817e-06
13.9	9.01343e-06
13.905	8.89603e-06
13.91	8.776e-06
13.915	8.65339e-06
13.92	8.52823e-06
13.925	8.40055e-06
13.93	8.27039e-06
13.935	8.13781e-06
13.94	8.00284e-06
13.945	7.86556e-06
13.95	7.72603e-06
13.955	7.58433e-06
13.96	7.44053e-06
13.965	7.29472e-06
13.97	7.147e-06
13.975	6.99743e-06
13.98	6.84609e-06
13.985	6.69306e-06
13.99	6.53839e-06
13.995	6.38214e-06
14	6.22436e-06
14.005	6.06512e-06
14.01	5.90448e-06
14.015	5.74249e-06
14.02	5.57925e-06
14.025	5.41482e-06
14.03	5.2493e-06
14.035	5.08275e-06
14.04	4.91528e-06
14.045	4.74697e-06
14.05	4.5779e-06
14.055	4.40816e-06
14.06	4.23784e-06
14.065	4.06701e-06
14.07	3.89575e-06
14.075	3.72413e-06
14.08	3.55223e-06
14.085	3.38012e-06
14.09	3.20787e-06
14.095	3.03559e-06
14.1	2.86337e-06
14.105	2.69133e-06
14.11	2.51956e-06
14.115	2.34818e-06
14.12	2.1773e-06
14.125	2.00702e-06
14.13	1.83744e-06
14.135	1.66865e-06
14.14	1.50075e-06
14.145	1.33381e-06
14.15	1.16791e-06
14.155	1.00313e-06
14.16	8.39543e-07
14.165	6.7721e-07
14.17	5.16197e-07
14.175	3.56571e-07
14.18	1.98406e-07
14.185	4.17827e-08
14.19	-1.13207e-07
14.195	-2.66468e-07
14.2	-4.17905e-07
14.205	-5.67431e-07
14.21	-7.14962e-07
14.215	-8.6042e-07
14.22	-1.00373e-06
14.225	-1.14481e-06
14.23	-1.2836e-06
14.235	-1.42003e-06
14.24	-1.55404e-06
14.245	-1.68557e-06
14.25	-1.8146e-06
14.255	-1.94109e-06
14.26	-2.065e-06
14.265	-2.18631e-06
14.27	-2.30499e-06
14.275	-2.42101e-06
14.28	-2.53431e-06
14.285	-2.64485e-06
14.29	-2.75258e-06
14.295	-2.85744e-06
14.3	-2.95939e-06
14.305	-3.0584e-06
14.31	-3.15446e-06
14.315	-3.24754e-06
14.32	-3.33762e-06
14.325	-3.4247e-06
14.33	-3.50875e-06
14.335	-3.58976e-06
14.34	-3.66774e-06
14.345	-3.74269e-06
14.35	-3.81461e-06
14.355	-3.88353e-06
14.36	-3.94946e-06
14.365	-4.01245e-06
14.37	-4.07253e-06
14.375	-4.12973e-06
14.38	-4.18407e-06
14.385	-4.23559e-06
14.39	-4.28432e-06
14.395	-4.33028e-06
14.4	-4.37352e-06
14.405	-4.41409e-06
14.41	-4.45204e-06
14.415	-4.48742e-06
14.42	-4.5203e-06
14.425	-4.55073e-06
14.43	-4.57877e-06
14.435	-4.60449e-06
14.44	-4.62794e-06
14.445	-4.64918e-06
14.45	-4.66826e-06
14.455	-4.68524e-06
14.46	-4.70017e-06
14.465	-4.71313e-06
14.47	-4.72418e-06
14.475	-4.7334e-06
14.48	-4.74085e-06
14.485	-4.74661e-06
14.49	-4.75077e-06
14.495	-4.75341e-06
14.5	-4.75464e-06
14.505	-4.75456e-06
14.51	-4.75328e-06
14.515	-4.7509e-06
14.52	-4.74752e-06
14.525	-4.74323e-06
14.53	-4.73814e-06
14.535	-4.73232e-06
14.54	-4.72586e-06
14.545	-4.71884e-06
14.55	-4.71132e-06
14.555	-4.70337e-06
14.56	-4.69506e-06
14.565	-4.68645e-06
14.57	-4.67761e-06
14.575	-4.66861e-06
14.58	-4.65953e-06
14.585	-4.65045e-06
14.59	-4.64145e-06
14.595	-4.63261e-06
14.6	-4.62403e-06
14.605	-4.61579e-06
14.61	-4.60796e-06
14.615	-4.60062e-06
14.62	-4.59383e-06
14.625	-4.58766e-06
14.63	-4.58218e-06
14.635	-4.57747e-06
14.64	-4.57356e-06
14.645	-4.57052e-06
14.65	-4.56839e-06
14.655	-4.56719e-06
14.66	-4.56696e-06
14.665	-4.56772e-06
14.67	-4.56949e-06
14.675	-4.57229e-06
14.68	-4.57615e-06
14.685	-4.58109e-06
14.69	-4.58714e-06
14.695	-4.59435e-06
14.7	-4.60273e-06
14.705	-4.61231e-06
14.71	-4.62314e-06
14.715	-4.63522e-06
14.72	-4.64857e-06
14.725	-4.6632e-06
14.73	-4.6791e-06
14.735	-4.69628e-06
14.74	-4.7147e-06
14.745	-4.73437e-06
14.75	-4.75524e-06
14.755	-4.77729e-06
14.76	-4.8005e-06
14.765	-4.82482e-06
14.77	-4.85024e-06
14.775	-4.8767e-06
14.78	-4.9042e-06
14.785	-4.93267e-06
14.79	-4.9621e-06
14.795	-4.99244e-06
14.8	-5.02365e-06
14.805	-5.0557e-06
14.81	-5.08856e-06
14.815	-5.12218e-06
14.82	-5.15652e-06
14.825	-5.19151e-06
14.83	-5.2271e-06
14.835	-5.26321e-06
14.84	-5.29976e-06
14.845	-5.33668e-06
14.85	-5.37389e-06
14.855	-5.41132e-06
14.86	-5.44892e-06
14.865	-5.48661e-06
14.87	-5.52434e-06
14.875	-5.56206e-06
14.88	-5.59971e-06
14.885	-5.63721e-06
14.89	-5.6745e-06
14.895	-5.71151e-06
14.9	-5.74817e-06
14.905	-5.78441e-06
14.91	-5.82014e-06
14.915	-5.8553e-06
14.92	-5.88979e-06
14.925	-5.92352e-06
14.93	-5.95643e-06
14.935	-5.98841e-06
14.94	-6.01942e-06
14.945	-6.04937e-06
14.95	-6.07819e-06
14.955	-6.10583e-06
14.96	-6.13222e-06
14.965	-6.15731e-06
14.97	-6.18104e-06
14.975	-6.20336e-06
14.98	-6.22421e-06
14.985	-6.24353e-06
14.99	-6.26127e-06
14.995	-6.27736e-06
15	-6.29175e-06
15.005	-6.30438e-06
15.01	-6.31521e-06
15.015	-6.32417e-06
15.02	-6.33122e-06
15.025	-6.3363e-06
15.03	-6.33937e-06
15.035	-6.34037e-06
15.04	-6.33927e-06
15.045	-6.33602e-06
15.05	-6.33059e-06
15.055	-6.32296e-06
15.06	-6.31309e-06
15.065	-6.30099e-06
15.07	-6.28663e-06
15.075	-6.27001e-06
15.08	-6.25113e-06
15.085	-6.22998e-06
15.09	-6.20653e-06
15.095	-6.18077e-06
15.1	-6.15269e-06
15.105	-6.12226e-06
15.11	-6.08948e-06
15.115	-6.05434e-06
15.12	-6.01683e-06
15.125	-5.97694e-06
15.13	-5.9347e-06
15.135	-5.89011e-06
15.14	-5.84319e-06
15.145	-5.79397e-06
15.15	-5.74247e-06
15.155	-5.68872e-06
15.16	-5.63272e-06
15.165	-5.5745e-06
15.17	-5.51409e-06
15.175	-5.45148e-06
15.18	-5.38672e-06
15.185	-5.31982e-06
15.19	-5.25081e-06
15.195	-5.17973e-06
15.2	-5.10663e-06
15.205	-5.03155e-06
15.21	-4.95451e-06
15.215	-4.87556e-06
15.22	-4.79472e-06
15.225	-4.71205e-06
15.23	-4.6276e-06
15.235	-4.54142e-06
15.24	-4.45357e-06
15.245	-4.36412e-06
15.25	-4.27313e-06
15.255	-4.18064e-06
15.26	-4.08671e-06
15.265	-3.99138e-06
15.27	-3.89472e-06
15.275	-3.79676e-06
15.28	-3.69758e-06
15.285	-3.59722e-06
15.29	-3.49575e-06
15.295	-3.39322e-06
15.3	-3.2897e-06
15.305	-3.18525e-06
15.31	-3.07992e-06
15.315	-2.97381e-06
15.32	-2.86696e-06
15.325	-2.75946e-06
15.33	-2.65138e-06
15.335	-2.54277e-06
15.34	-2.43371e-06
15.345	-2.32423e-06
15.35	-2.2144e-06
15.355	-2.10426e-06
15.36	-1.99387e-06
15.365	-1.88328e-06
15.37	-1.77254e-06
15.375	-1.66172e-06
15.38	-1.55087e-06
15.385	-1.44005e-06
15.39	-1.32932e-06
15.395	-1.21874e-06
15.4	-1.10838e-06
15.405	-9.98299e-07
15.41	-8.88563e-07
15.415	-7.7923e-07
15.42	-6.70353e-07
15.425	-5.6198e-07
15.43	-4.54151e-07
15.435	-3.46904e-07
15.44	-2.40274e-07
15.445	-1.34296e-07
15.45	-2.90046e-08
15.455	7.55646e-08
15.46	1.79375e-07
15.465	2.82389e-07
15.47	3.84568e-07
15.475	4.85873e-07
15.48	5.86263e-07
15.485	6.85694e-07
15.49	7.84121e-07
15.495	8.81496e-07
15.5	9.77772e-07
15.505	1.07291e-06
15.51	1.16686e-06
15.515	1.2596e-06
15.52	1.35111e-06
15.525	1.44136e-06
15.53	1.53034e-06
15.535	1.61803e-06
15.54	1.70444e-06
15.545	1.78955e-06
15.55	1.87335e-06
15.555	1.95583e-06
15.56	2.03698e-06
15.565	2.11676e-06
15.57	2.19515e-06
15.575	2.27212e-06
15.58	2.34765e-06
15.585	2.42171e-06
15.59	2.4943e-06
15.595	2.56539e-06
15.6	2.63499e-06
15.605	2.70308e-06
15.61	2.76966e-06
15.615	2.83473e-06
15.62	2.89829e-06
15.625	2.96034e-06
15.63	3.02089e-06
15.635	3.07994e-06
15.64	3.13751e-06
15.645	3.1936e-06
15.65	3.24822e-06
15.655	3.30134e-06
15.66	3.35298e-06
15.665	3.40311e-06
15.67	3.45176e-06
15.675	3.49891e-06
15.68	3.54459e-06
15.685	3.58881e-06
15.69	3.63158e-06
15.695	3.6729e-06
15.7	3.71277e-06
15.705	3.75121e-06
15.71	3.78824e-06
15.715	3.82388e-06
15.72	3.85815e-06
15.725	3.8911e-06
15.73	3.92274e-06
15.735	3.9531e-06
15.74	3.98219e-06
15.745	4.01002e-06
15.75	4.0366e-06
15.755	4.06192e-06
15.76	4.086e-06
15.765	4.10885e-06
15.77	4.1305e-06
15.775	4.15095e-06
15.78	4.17025e-06
15.785	4.18839e-06
15.79	4.20541e-06
15.795	4.22132e-06
15.8	4.23613e-06
15.805	4.2499e-06
15.81	4.26263e-06
15.815	4.27439e-06
15.82	4.28519e-06
15.825	4.29506e-06
15.83	4.30403e-06
15.835	4.31211e-06
15.84	4.31932e-06
15.845	4.32568e-06
15.85	4.3312e-06
15.855	4.3359e-06
15.86	4.33981e-06
15.865	4.34294e-06
15.87	4.34533e-06
15.875	4.347e-06
15.88	4.34796e-06
15.885	4.34825e-06
15.89	4.34788e-06
15.895	4.34688e-06
15.9	4.34526e-06
15.905	4.34307e-06
15.91	4.34031e-06
15.915	4.33702e-06
15.92	4.33322e-06
15.925	4.32893e-06
15.93	4.32418e-06
15.935	4.31899e-06
15.94	4.31338e-06
15.945	4.30736e-06
15.95	4.30094e-06
15.955	4.29416e-06
15.96	4.28701e-06
15.965	4.27953e-06
15.97	4.27173e-06
15.975	4.26364e-06
15.98	4.25529e-06
15.985	4.2467e-06
15.99	4.23787e-06
15.995	4.22882e-06
16	4.21955e-06
16.005	4.21008e-06
16.01	4.20039e-06
16.015	4.19051e-06
16.02	4.18044e-06
16.025	4.17019e-06
16.03	4.15976e-06
16.035	4.14918e-06
16.04	4.13845e-06
16.045	4.12759e-06
16.05	4.1166e-06
16.055	4.1055e-06
16.06	4.09432e-06
16.065	4.08307e-06
16.07	4.07176e-06
16.075	4.0604e-06
16.08	4.049e-06
16.085	4.03756e-06
16.09	4.02607e-06
16.095	4.01453e-06
16.1	4.00293e-06
16.105	3.99128e-06
16.11	3.97955e-06
16.115	3.96773e-06
16.12	3.95581e-06
16.125	3.94378e-06
16.13	3.93161e-06
16.135	3.91931e-06
16.14	3.90686e-06
16.145	3.89427e-06
16.15	3.88155e-06
16.155	3.8687e-06
16.16	3.8557e-06
16.165	3.84256e-06
16.17	3.82926e-06
16.175	3.81578e-06
16.18	3.80212e-06
16.185	3.78827e-06
16.19	3.77422e-06
16.195	3.75997e-06
16.2	3.7455e-06
16.205	3.7308e-06
16.21	3.71585e-06
16.215	3.70063e-06
16.22	3.68512e-06
16.225	3.6693e-06
16.23	3.65315e-06
16.235	3.63667e-06
16.24	3.61983e-06
16.245	3.60262e-06
16.25	3.58503e-06
16.255	3.56704e-06
16.26	3.54863e-06
16.265	3.52978e-06
16.27	3.51048e-06
16.275	3.4907e-06
16.28	3.47043e-06
16.285	3.44965e-06
16.29	3.42836e-06
16.295	3.40651e-06
16.3	3.38411e-06
16.305	3.36112e-06
16.31	3.33754e-06
16.315	3.31335e-06
16.32	3.28856e-06
16.325	3.26315e-06
16.33	3.23711e-06
16.335	3.21043e-06
16.34	3.18311e-06
16.345	3.15512e-06
16.35	3.12647e-06
16.355	3.09714e-06
16.36	3.06713e-06
16.365	3.03641e-06
16.37	3.00497e-06
16.375	2.9728e-06
16.38	2.93987e-06
16.385	2.90617e-06
16.39	2.87168e-06
16.395	2.83638e-06
16.4	2.80027e-06
16.405	2.76336e-06
16.41	2.72564e-06
16.415	2.68712e-06
16.42	2.64781e-06
16.425	2.6077e-06
16.43	2.5668e-06
16.435	2.52512e-06
16.44	2.48266e-06
16.445	2.43943e-06
16.45	2.39544e-06
16.455	2.35069e-06
16.46	2.30519e-06
16.465	2.25893e-06
16.47	2.21191e-06
16.475	2.16412e-06
16.48	2.11558e-06
16.485	2.06628e-06
16.49	2.01624e-06
16.495	1.96548e-06
16.5	1.914e-06
16.505	1.86182e-06
16.51	1.80895e-06
16.515	1.75541e-06
16.52	1.70122e-06
16.525	1.64639e-06
16.53	1.59095e-06
16.535	1.53491e-06
16.54	1.47829e-06
16.545	1.42112e-06
16.55	1.36341e-06
16.555	1.30519e-06
16.56	1.24646e-06
16.565	1.18726e-06
16.57	1.1276e-06
16.575	1.0675e-06
16.58	1.007e-06
16.585	9.46116e-07
16.59	8.84881e-07
16.595	8.23322e-07
16.6	7.61466e-07
16.605	6.99341e-07
16.61	6.36973e-07
16.615	5.74385e-07
16.62	5.11604e-07
16.625	4.48651e-07
16.63	3.85549e-07
16.635	3.22321e-07
16.64	2.58991e-07
16.645	1.95583e-07
16.65	1.32126e-07
16.655	6.86491e-08
16.66	5.18401e-09
16.665	-5.82383e-08
16.67	-1.21586e-07
16.675	-1.84825e-07
16.68	-2.47921e-07
16.685	-3.10837e-07
16.69	-3.73538e-07
16.695	-4.35992e-07
16.7	-4.98169e-07
16.705	-5.60048e-07
16.71	-6.2161e-07
16.715	-6.82838e-07
16.72	-7.43719e-07
16.725	-8.04234e-07
16.73	-8.64363e-07
16.735	-9.2408e-07
16.74	-9.83356e-07
16.745	-1.04216e-06
16.75	-1.10046e-06
16.755	-1.15823e-06
16.76	-1.21545e-06
16.765	-1.27211e-06
16.77	-1.32819e-06
16.775	-1.38368e-06
16.78	-1.43854e-06
16.785	-1.49276e-06
16.79	-1.54631e-06
16.795	-1.59917e-06
16.8	-1.65132e-06
16.805	-1.70275e-06
16.81	-1.75344e-06
16.815	-1.8034e-06
16.82	-1.8526e-06
16.825	-1.90103e-06
16.83	-1.94869e-06
16.835	-1.99554e-06
16.84	-2.04159e-06
16.845	-2.08682e-06
16.85	-2.13121e-06
16.855	-2.17477e-06
16.86	-2.21748e-06
16.865	-2.25932e-06
16.87	-2.30031e-06
16.875	-2.34041e-06
16.88	-2.37965e-06
16.885	-2.41801e-06
16.89	-2.45549e-06
16.895	-2.49211e-06
16.9	-2.52787e-06
16.905	-2.56276e-06
16.91	-2.59679e-06
16.915	-2.62995e-06
16.92	-2.66223e-06
16.925	-2.69364e-06
16.93	-2.72415e-06
16.935	-2.75376e-06
16.94	-2.78248e-06
16.945	-2.81031e-06
16.95	-2.83724e-06
16.955	-2.86329e-06
16.96	-2.88846e-06
16.965	-2.91276e-06
16.97	-2.9362e-06
16.975	-2.95879e-06
16.98	-2.98055e-06
16.985	-3.00148e-06
16.99	-3.02159e-06
16.995	-3.04088e-06
17	-3.05937e-06
17.005	-3.07706e-06
17.01	-3.09395e-06
17.015	-3.11005e-06
17.02	-3.12538e-06
17.025	-3.13992e-06
17.03	-3.1537e-06
17.035	-3.16673e-06
17.04	-3.17899e-06
17.045	-3.19051e-06
17.05	-3.20129e-06
17.055	-3.21135e-06
17.06	-3.22068e-06
17.065	-3.22931e-06
17.07	-3.23725e-06
17.075	-3.24451e-06
17.08	-3.2511e-06
17.085	-3.25704e-06
17.09	-3.26234e-06
17.095	-3.26701e-06
17.1	-3.27107e-06
17.105	-3.27451e-06
17.11	-3.27735e-06
17.115	-3.27959e-06
17.12	-3.28124e-06
17.125	-3.28231e-06
17.13	-3.28281e-06
17.135	-3.28275e-06
17.14	-3.28215e-06
17.145	-3.28102e-06
17.15	-3.27939e-06
17.155	-3.27725e-06
17.16	-3.27464e-06
17.165	-3.27155e-06
17.17	-3.26799e-06
17.175	-3.26397e-06
17.18	-3.25949e-06
17.185	-3.25456e-06
17.19	-3.24919e-06
17.195	-3.24338e-06
17.2	-3.23715e-06
17.205	-3.23049e-06
17.21	-3.22344e-06
17.215	-3.21598e-06
17.22	-3.20815e-06
17.225	-3.19995e-06
17.23	-3.1914e-06
17.235	-3.18249e-06
17.24	-3.17324e-06
17.245	-3.16365e-06
17.25	-3.15372e-06
17.255	-3.14345e-06
17.26	-3.13287e-06
17.265	-3.12196e-06
17.27	-3.11076e-06
17.275	-3.09925e-06
17.28	-3.08746e-06
17.285	-3.07538e-06
17.29	-3.06302e-06
17.295	-3.05038e-06
17.3	-3.03745e-06
17.305	-3.02425e-06
17.31	-3.01077e-06
17.315	-2.99702e-06
17.32	-2.98301e-06
17.325	-2.96875e-06
17.33	-2.95424e-06
17.335	-2.9395e-06
17.34	-2.92452e-06
17.345	-2.90931e-06
17.35	-2.89386e-06
17.355	-2.87818e-06
17.36	-2.86228e-06
17.365	-2.84615e-06
17.37	-2.82982e-06
17.375	-2.81327e-06
17.38	-2.7965e-06
17.385	-2.77952e-06
17.39	-2.76231e-06
17.395	-2.74488e-06
17.4	-2.72723e-06
17.405	-2.70934e-06
17.41	-2.69124e-06
17.415	-2.67293e-06
17.42	-2.65441e-06
17.425	-2.63568e-06
17.43	-2.61676e-06
17.435	-2.59763e-06
17.44	-2.5783e-06
17.445	-2.55877e-06
17.45	-2.53904e-06
17.455	-2.5191e-06
17.46	-2.49896e-06
17.465	-2.4786e-06
17.47	-2.45804e-06
17.475	-2.43726e-06
17.48	-2.41626e-06
17.485	-2.39505e-06
17.49	-2.37363e-06
17.495	-2.35198e-06
17.5	-2.33012e-06
17.505	-2.30804e-06
17.51	-2.28575e-06
17.515	-2.26325e-06
17.52	-2.24055e-06
17.525	-2.21763e-06
17.53	-2.19451e-06
17.535	-2.17118e-06
17.54	-2.14764e-06
17.545	-2.12387e-06
17.55	-2.09987e-06
17.555	-2.07565e-06
17.56	-2.05119e-06
17.565	-2.0265e-06
17.57	-2.00158e-06
17.575	-1.97643e-06
17.58	-1.95104e-06
17.585	-1.92543e-06
17.59	-1.8996e-06
17.595	-1.87354e-06
17.6	-1.84726e-06
17.605	-1.82075e-06
17.61	-1.79402e-06
17.615	-1.76707e-06
17.62	-1.73988e-06
17.625	-1.71247e-06
17.63	-1.68482e-06
17.635	-1.65693e-06
17.64	-1.6288e-06
17.645	-1.60041e-06
17.65	-1.57178e-06
17.655	-1.54291e-06
17.66	-1.5138e-06
17.665	-1.48445e-06
17.67	-1.45486e-06
17.675	-1.42502e-06
17.68	-1.39494e-06
17.685	-1.36462e-06
17.69	-1.33405e-06
17.695	-1.30326e-06
17.7	-1.27223e-06
17.705	-1.24098e-06
17.71	-1.20949e-06
17.715	-1.17777e-06
17.72	-1.1458e-06
17.725	-1.11358e-06
17.73	-1.08111e-06
17.735	-1.04838e-06
17.74	-1.0154e-06
17.745	-9.82172e-07
17.75	-9.48701e-07
17.755	-9.14995e-07
17.76	-8.81063e-07
17.765	-8.46912e-07
17.77	-8.1255e-07
17.775	-7.77983e-07
17.78	-7.43219e-07
17.785	-7.08265e-07
17.79	-6.73125e-07
17.795	-6.378e-07
17.8	-6.02291e-07
17.805	-5.66597e-07
17.81	-5.30714e-07
17.815	-4.94644e-07
17.82	-4.58386e-07
17.825	-4.21947e-07
17.83	-3.85333e-07
17.835	-3.48554e-07
17.84	-3.11616e-07
17.845	-2.74525e-07
17.85	-2.37287e-07
17.855	-1.99909e-07
17.86	-1.62405e-07
17.865	-1.24788e-07
17.87	-8.70745e-08
17.875	-4.92777e-08
17.88	-1.14096e-08
17.885	2.65201e-08
17.89	6.4503e-08
17.895	1.02531e-07
17.9	1.40597e-07
17.905	1.78693e-07
17.91	2.16813e-07
17.915	2.54948e-07
17.92	2.93091e-07
17.925	3.31232e-07
17.93	3.6936e-07
17.935	4.07467e-07
17.94	4.45545e-07
17.945	4.83588e-07
17.95	5.21585e-07
17.955	5.59527e-07
17.96	5.97398e-07
17.965	6.35184e-07
17.97	6.72868e-07
17.975	7.10438e-07
17.98	7.47879e-07
17.985	7.85179e-07
17.99	8.22323e-07
17.995	8.59298e-07
18	8.96089e-07
18.005	9.32682e-07
18.01	9.69064e-07
18.015	1.00522e-06
18.02	1.04114e-06
18.025	1.07679e-06
18.03	1.11218e-06
18.035	1.14728e-06
18.04	1.18208e-06
18.045	1.21657e-06
18.05	1.25075e-06
18.055	1.28461e-06
18.06	1.31814e-06
18.065	1.35134e-06
18.07	1.38418e-06
18.075	1.41667e-06
18.08	1.44879e-06
18.085	1.48052e-06
18.09	1.51185e-06
18.095	1.54277e-06
18.1	1.57326e-06
18.105	1.60331e-06
18.11	1.63292e-06
18.115	1.66205e-06
18.12	1.6907e-06
18.125	1.71885e-06
18.13	1.74647e-06
18.135	1.77357e-06
18.14	1.80013e-06
18.145	1.82615e-06
18.15	1.85161e-06
18.155	1.87651e-06
18.16	1.90086e-06
18.165	1.92464e-06
18.17	1.94786e-06
18.175	1.97049e-06
18.18	1.99255e-06
18.185	2.01402e-06
18.19	2.0349e-06
18.195	2.05517e-06
18.2	2.07483e-06
18.205	2.09388e-06
18.21	2.1123e-06
18.215	2.13009e-06
18.22	2.14722e-06
18.225	2.16368e-06
18.23	2.17949e-06
18.235	2.19462e-06
18.24	2.20907e-06
18.245	2.22286e-06
18.25	2.23598e-06
18.255	2.24844e-06
18.26	2.26024e-06
18.265	2.27138e-06
18.27	2.28186e-06
18.275	2.29167e-06
18.28	2.30083e-06
18.285	2.30931e-06
18.29	2.31712e-06
18.295	2.32425e-06
18.3	2.3307e-06
18.305	2.33648e-06
18.31	2.34159e-06
18.315	2.34602e-06
18.32	2.3498e-06
18.325	2.35293e-06
18.33	2.35541e-06
18.335	2.35725e-06
18.34	2.35845e-06
18.345	2.35903e-06
18.35	2.35899e-06
18.355	2.35833e-06
18.36	2.35705e-06
18.365	2.35517e-06
18.37	2.35268e-06
18.375	2.34958e-06
18.38	2.34588e-06
18.385	2.3416e-06
18.39	2.33672e-06
18.395	2.33126e-06
18.4	2.32522e-06
18.405	2.31863e-06
18.41	2.31147e-06
18.415	2.30376e-06
18.42	2.29552e-06
18.425	2.28676e-06
18.43	2.2775e-06
18.435	2.26774e-06
18.44	2.2575e-06
18.445	2.24681e-06
18.45	2.23567e-06
18.455	2.2241e-06
18.46	2.2121e-06
18.465	2.19968e-06
18.47	2.18684e-06
18.475	2.17357e-06
18.48	2.1599e-06
18.485	2.14582e-06
18.49	2.13135e-06
18.495	2.1165e-06
18.5	2.10127e-06
18.505	2.08569e-06
18.51	2.06977e-06
18.515	2.05352e-06
18.52	2.03695e-06
18.525	2.02008e-06
18.53	2.00292e-06
18.535	1.98547e-06
18.54	1.96775e-06
18.545	1.94979e-06
18.55	1.93158e-06
18.555	1.91315e-06
18.56	1.8945e-06
18.565	1.87564e-06
18.57	1.85659e-06
18.575	1.83735e-06
18.58	1.81793e-06
18.585	1.79834e-06
18.59	1.7786e-06
18.595	1.75871e-06
18.6	1.73867e-06
18.605	1.71851e-06
18.61	1.69822e-06
18.615	1.67783e-06
18.62	1.65732e-06
18.625	1.63672e-06
18.63	1.61602e-06
18.635	1.59524e-06
18.64	1.57439e-06
18.645	1.55348e-06
18.65	1.53251e-06
18.655	1.5115e-06
18.66	1.49044e-06
18.665	1.46935e-06
18.67	1.44824e-06
18.675	1.42711e-06
18.68	1.40597e-06
18.685	1.38484e-06
18.69	1.36371e-06
18.695	1.34261e-06
18.7	1.32153e-06
18.705	1.30048e-06
18.71	1.27947e-06
18.715	1.25849e-06
18.72	1.23755e-06
18.725	1.21664e-06
18.73	1.19578e-06
18.735	1.17495e-06
18.74	1.15416e-06
18.745	1.13342e-06
18.75	1.11273e-06
18.755	1.09209e-06
18.76	1.0715e-06
18.765	1.05098e-06
18.77	1.03052e-06
18.775	1.01014e-06
18.78	9.89836e-07
18.785	9.69601e-07
18.79	9.49436e-07
18.795	9.2934e-07
18.8	9.09314e-07
18.805	8.89357e-07
18.81	8.6947e-07
18.815	8.49653e-07
18.82	8.29906e-07
18.825	8.10228e-07
18.83	7.90623e-07
18.835	7.71091e-07
18.84	7.5163e-07
18.845	7.3224e-07
18.85	7.12916e-07
18.855	6.93656e-07
18.86	6.74458e-07
18.865	6.55323e-07
18.87	6.36247e-07
18.875	6.17228e-07
18.88	5.98263e-07
18.885	5.79347e-07
18.89	5.60475e-07
18.895	5.41643e-07
18.9	5.22846e-07
18.905	5.04081e-07
18.91	4.85346e-07
18.915	4.6664e-07
18.92	4.47966e-07
18.925	4.29326e-07
18.93	4.1072e-07
18.935	3.92146e-07
18.94	3.73601e-07
18.945	3.55077e-07
18.95	3.36571e-07
18.955	3.18079e-07
18.96	2.99599e-07
18.965	2.81129e-07
18.97	2.62663e-07
18.975	2.44199e-07
18.98	2.25732e-07
18.985	2.07257e-07
18.99	1.88769e-07
18.995	1.7026e-07
19	1.51726e-07
19.005	1.33161e-07
19.01	1.14563e-07
19.015	9.59331e-08
19.02	7.72731e-08
19.025	5.85852e-08
19.03	3.98692e-08
19.035	2.11229e-08
19.04	2.34389e-09
19.045	-1.64693e-08
19.05	-3.53169e-08
19.055	-5.41983e-08
19.06	-7.31141e-08
19.065	-9.20665e-08
19.07	-1.11059e-07
19.075	-1.30094e-07
19.08	-1.49177e-07
19.085	-1.68309e-07
19.09	-1.87495e-07
19.095	-2.06737e-07
19.1	-2.26036e-07
19.105	-2.45391e-07
19.11	-2.64798e-07
19.115	-2.84251e-07
19.12	-3.03748e-07
19.125	-3.23287e-07
19.13	-3.4287e-07
19.135	-3.62498e-07
19.14	-3.82172e-07
19.145	-4.01889e-07
19.15	-4.21647e-07
19.155	-4.41444e-07
19.16	-4.61277e-07
19.165	-4.81146e-07
19.17	-5.01051e-07
19.175	-5.2099e-07
19.18	-5.40961e-07
19.185	-5.6096e-07
19.19	-5.80983e-07
19.195	-6.01028e-07
19.2	-6.21089e-07
19.205	-6.4116e-07
19.21	-6.61235e-07
19.215	-6.81311e-07
19.22	-7.01383e-07
19.225	-7.21449e-07
19.23	-7.41504e-07
19.235	-7.61542e-07
19.24	-7.81556e-07
19.245	-8.01538e-07
19.25	-8.21481e-07
19.255	-8.41381e-07
19.26	-8.61235e-07
19.265	-8.81039e-07
19.27	-9.00789e-07
19.275	-9.20479e-07
19.28	-9.40104e-07
19.285	-9.59659e-07
19.29	-9.79136e-07
19.295	-9.98529e-07
19.3	-1.01783e-06
19.305	-1.03703e-06
19.31	-1.05612e-06
19.315	-1.07509e-06
19.32	-1.09394e-06
19.325	-1.11264e-06
19.33	-1.1312e-06
19.335	-1.14961e-06
19.34	-1.16785e-06
19.345	-1.18591e-06
19.35	-1.2038e-06
19.355	-1.22151e-06
19.36	-1.23903e-06
19.365	-1.25635e-06
19.37	-1.27347e-06
19.375	-1.29036e-06
19.38	-1.30704e-06
19.385	-1.32348e-06
19.39	-1.33968e-06
19.395	-1.35564e-06
19.4	-1.37135e-06
19.405	-1.3868e-06
19.41	-1.40197e-06
19.415	-1.41686e-06
19.42	-1.43146e-06
19.425	-1.44576e-06
19.43	-1.45976e-06
19.435	-1.47343e-06
19.44	-1.48678e-06
19.445	-1.4998e-06
19.45	-1.51249e-06
19.455	-1.52483e-06
19.46	-1.53683e-06
19.465	-1.54848e-06
19.47	-1.55978e-06
19.475	-1.57071e-06
19.48	-1.58127e-06
19.485	-1.59145e-06
19.49	-1.60124e-06
19.495	-1.61064e-06
19.5	-1.61965e-06
19.505	-1.62826e-06
19.51	-1.63646e-06
19.515	-1.64426e-06
19.52	-1.65164e-06
19.525	-1.65859e-06
19.53	-1.66512e-06
19.535	-1.67121e-06
19.54	-1.67686e-06
19.545	-1.68208e-06
19.55	-1.68685e-06
19.555	-1.69119e-06
19.56	-1.69508e-06
19.565	-1.69853e-06
19.57	-1.70153e-06
19.575	-1.70407e-06
19.58	-1.70615e-06
19.585	-1.70777e-06
19.59	-1.70892e-06
19.595	-1.70961e-06
19.6	-1.70985e-06
19.605	-1.70962e-06
19.61	-1.70895e-06
19.615	-1.70781e-06
19.62	-1.70622e-06
19.625	-1.70416e-06
19.63	-1.70165e-06
19.635	-1.69867e-06
19.64	-1.69524e-06
19.645	-1.69135e-06
19.65	-1.68702e-06
19.655	-1.68224e-06
19.66	-1.67702e-06
19.665	-1.67135e-06
19.67	-1.66524e-06
19.675	-1.65868e-06
19.68	-1.65168e-06
19.685	-1.64422e-06
19.69	-1.63633e-06
19.695	-1.62801e-06
19.7	-1.61926e-06
19.705	-1.6101e-06
19.71	-1.60052e-06
19.715	-1.59053e-06
19.72	-1.58014e-06
19.725	-1.56935e-06
19.73	-1.55817e-06
19.735	-1.54662e-06
19.74	-1.53469e-06
19.745	-1.5224e-06
19.75	-1.50976e-06
19.755	-1.49676e-06
19.76	-1.48342e-06
19.765	-1.46974e-06
19.77	-1.45572e-06
19.775	-1.44135e-06
19.78	-1.42666e-06
19.785	-1.41164e-06
19.79	-1.39631e-06
19.795	-1.38069e-06
19.8	-1.36477e-06
19.805	-1.34858e-06
19.81	-1.33211e-06
19.815	-1.31537e-06
19.82	-1.29839e-06
19.825	-1.28116e-06
19.83	-1.2637e-06
19.835	-1.24601e-06
19.84	-1.22811e-06
19.845	-1.21e-06
19.85	-1.19169e-06
19.855	-1.17318e-06
19.86	-1.1545e-06
19.865	-1.13563e-06
19.87	-1.11659e-06
19.875	-1.09739e-06
19.88	-1.07805e-06
19.885	-1.05856e-06
19.89	-1.03895e-06
19.895	-1.01922e-06
19.9	-9.99376e-07
19.905	-9.79426e-07
19.91	-9.59377e-07
19.915	-9.39241e-07
19.92	-9.1903e-07
19.925	-8.98753e-07
19.93	-8.78419e-07
19.935	-8.58035e-07
19.94	-8.37609e-07
19.945	-8.17147e-07
19.95	-7.96658e-07
19.955	-7.76149e-07
19.96	-7.55626e-07
19.965	-7.35093e-07
19.97	-7.14558e-07
19.975	-6.94029e-07
19.98	-6.73515e-07
19.985	-6.53028e-07
19.99	-6.32575e-07
19.995	-6.12165e-07
