0	-9.248e-06
0.005	-1.11108e-05
0.01	2.34328e-05
0.015	0.000175436
0.02	0.000582927
0.025	0.00141914
0.03	0.00286061
0.035	0.00506486
0.04	0.00816754
0.045	0.012295
0.05	0.0175812
0.055	0.0241787
0.06	0.0322633
0.065	0.0420326
0.07	0.0537027
0.075	0.0675009
0.08	0.0836546
0.085	0.102379
0.09	0.123869
0.095	0.148303
0.1	0.175859
0.105	0.206735
0.11	0.241163
0.115	0.279406
0.12	0.32174
0.125	0.368428
0.13	0.419706
0.135	0.475778
0.14	0.536837
0.145	0.603083
0.15	0.674741
0.155	0.752061
0.16	0.835311
0.165	0.924756
0.17	1.02065
0.175	1.12323
0.18	1.23274
0.185	1.34938
0.19	1.47339
0.195	1.605
0.2	1.74442
0.205	1.89191
0.21	2.0477
0.215	2.21205
0.22	2.38518
0.225	2.56732
0.23	2.75868
0.235	2.95945
0.24	3.16985
0.245	3.39008
0.25	3.62038
0.255	3.861
0.26	4.11216
0.265	4.37408
0.27	4.64693
0.275	4.93089
0.28	5.22615
0.285	5.53292
0.29	5.85143
0.295	6.18189
0.3	6.52452
0.305	6.87955
0.31	7.24715
0.315	7.62749
0.32	8.02075
0.325	8.42709
0.33	8.84668
0.335	9.27967
0.34	9.72624
0.345	10.1866
0.35	10.6608
0.355	11.1491
0.36	11.6516
0.365	12.1685
0.37	12.6998
0.375	13.2456
0.38	13.8062
0.385	14.3817
0.39	14.9721
0.395	15.5777
0.4	16.1986
0.405	16.8348
0.41	17.4863
0.415	18.1533
0.42	18.8357
0.425	19.5337
0.43	20.2473
0.435	20.9767
0.44	21.7219
0.445	22.483
0.45	23.26
0.455	24.0528
0.46	24.8615
0.465	25.6862
0.47	26.5267
0.475	27.3832
0.48	28.2556
0.485	29.1439
0.49	30.0481
0.495	30.9683
0.5	31.9043
0.505	32.856
0.51	33.8234
0.515	34.8064
0.52	35.805
0.525	36.819
0.53	37.8485
0.535	38.8933
0.54	39.9534
0.545	41.0285
0.55	42.1185
0.555	43.2234
0.56	44.3429
0.565	45.4768
0.57	46.6252
0.575	47.7878
0.58	48.9644
0.585	50.1549
0.59	51.359
0.595	52.5765
0.6	53.8072
0.605	55.0509
0.61	56.3072
0.615	57.576
0.62	58.8571
0.625	60.1502
0.63	61.455
0.635	62.7712
0.64	64.0986
0.645	65.4366
0.65	66.7852
0.655	68.1438
0.66	69.5123
0.665	70.8903
0.67	72.2774
0.675	73.6733
0.68	75.0776
0.685	76.4898
0.69	77.9096
0.695	79.3366
0.7	80.7703
0.705	82.2103
0.71	83.6563
0.715	85.1078
0.72	86.5643
0.725	88.0255
0.73	89.4907
0.735	90.9596
0.74	92.4316
0.745	93.9062
0.75	95.383
0.755	96.8614
0.76	98.341
0.765	99.8213
0.77	101.302
0.775	102.781
0.78	104.26
0.785	105.738
0.79	107.213
0.795	108.685
0.8	110.154
0.805	111.62
0.81	113.081
0.815	114.537
0.82	115.988
0.825	117.432
0.83	118.87
0.835	120.3
0.84	121.722
0.845	123.136
0.85	124.54
0.855	125.935
0.86	127.319
0.865	128.692
0.87	130.053
0.875	131.402
0.88	132.738
0.885	134.06
0.89	135.368
0.895	136.661
0.9	137.939
0.905	139.2
0.91	140.445
0.915	141.672
0.92	142.881
0.925	144.071
0.93	145.242
0.935	146.392
0.94	147.523
0.945	148.631
0.95	149.718
0.955	150.783
0.96	151.824
0.965	152.841
0.97	153.834
0.975	154.802
0.98	155.744
0.985	156.66
0.99	157.549
0.995	158.41
1	159.244
1.005	160.049
1.01	160.825
1.015	161.571
1.02	162.286
1.025	162.971
1.03	163.625
1.035	164.246
1.04	164.835
1.045	165.391
1.05	165.914
1.055	166.402
1.06	166.856
1.065	167.275
1.07	167.658
1.075	168.006
1.08	168.317
1.085	168.592
1.09	168.829
1.095	169.029
1.1	169.19
1.105	169.313
1.11	169.398
1.115	169.443
1.12	169.449
1.125	169.414
1.13	169.34
1.135	169.226
1.14	169.07
1.145	168.874
1.15	168.636
1.155	168.357
1.16	168.036
1.165	167.673
1.17	167.268
1.175	166.821
1.18	166.331
1.185	165.799
1.19	165.223
1.195	164.605
1.2	163.944
1.205	163.24
1.21	162.493
1.215	161.702
1.22	160.869
1.225	159.992
1.23	159.072
1.235	158.109
1.24	157.103
1.245	156.053
1.25	154.961
1.255	153.826
1.26	152.648
1.265	151.428
1.27	150.165
1.275	148.86
1.28	147.512
1.285	146.123
1.29	144.692
1.295	143.22
1.3	141.706
1.305	140.152
1.31	138.557
1.315	136.922
1.32	135.247
1.325	133.532
1.33	131.778
1.335	129.986
1.34	128.155
1.345	126.286
1.35	124.379
1.355	122.436
1.36	120.455
1.365	118.439
1.37	116.387
1.375	114.3
1.38	112.179
1.385	110.023
1.39	107.834
1.395	105.612
1.4	103.358
1.405	101.073
1.41	98.756
1.415	96.409
1.42	94.0323
1.425	91.6265
1.43	89.1925
1.435	86.7308
1.44	84.2422
1.445	81.7274
1.45	79.1872
1.455	76.6221
1.46	74.0331
1.465	71.4207
1.47	68.7859
1.475	66.1294
1.48	63.452
1.485	60.7545
1.49	58.0378
1.495	55.3026
1.5	52.5497
1.505	49.7801
1.51	46.9944
1.515	44.1935
1.52	41.3784
1.525	38.5499
1.53	35.7088
1.535	32.8561
1.54	29.9925
1.545	27.1191
1.55	24.2365
1.555	21.3458
1.56	18.4478
1.565	15.5434
1.57	12.6336
1.575	9.7193
1.58	6.8014
1.585	3.88079
1.59	0.958359
1.595	-1.965
1.6	-4.8884
1.605	-7.81092
1.61	-10.7317
1.615	-13.6497
1.62	-16.5641
1.625	-19.474
1.63	-22.3785
1.635	-25.2767
1.64	-28.1677
1.645	-31.0506
1.65	-33.9246
1.655	-36.7888
1.66	-39.6422
1.665	-42.484
1.67	-45.3133
1.675	-48.1292
1.68	-50.9309
1.685	-53.7176
1.69	-56.4885
1.695	-59.2427
1.7	-61.9795
1.705	-64.6979
1.71	-67.3972
1.715	-70.0766
1.72	-72.7352
1.725	-75.3724
1.73	-77.9874
1.735	-80.5794
1.74	-83.1477
1.745	-85.6915
1.75	-88.2102
1.755	-90.7029
1.76	-93.169
1.765	-95.6079
1.77	-98.0188
1.775	-100.401
1.78	-102.754
1.785	-105.078
1.79	-107.37
1.795	-109.632
1.8	-111.862
1.805	-114.06
1.81	-116.225
1.815	-118.357
1.82	-120.455
1.825	-122.518
1.83	-124.547
1.835	-126.54
1.84	-128.498
1.845	-130.419
1.85	-132.303
1.855	-134.151
1.86	-135.961
1.865	-137.733
1.87	-139.467
1.875	-141.162
1.88	-142.819
1.885	-144.436
1.89	-146.014
1.895	-147.552
1.9	-149.049
1.905	-150.507
1.91	-151.924
1.915	-153.3
1.92	-154.636
1.925	-155.93
1.93	-157.183
1.935	-158.395
1.94	-159.565
1.945	-160.693
1.95	-161.78
1.955	-162.825
1.96	-163.828
1.965	-164.79
1.97	-165.709
1.975	-166.587
1.98	-167.423
1.985	-168.217
1.99	-168.969
1.995	-169.679
2	-170.348
2.005	-170.975
2.01	-171.561
2.015	-172.106
2.02	-172.609
2.025	-173.071
2.03	-173.493
2.035	-173.873
2.04	-174.214
2.045	-174.514
2.05	-174.774
2.055	-174.994
2.06	-175.175
2.065	-175.317
2.07	-175.42
2.075	-175.484
2.08	-175.509
2.085	-175.497
2.09	-175.447
2.095	-175.359
2.1	-175.235
2.105	-175.074
2.11	-174.877
2.115	-174.644
2.12	-174.375
2.125	-174.072
2.13	-173.734
2.135	-173.361
2.14	-172.955
2.145	-172.516
2.15	-172.044
2.155	-171.539
2.16	-171.003
2.165	-170.435
2.17	-169.837
2.175	-169.208
2.18	-168.549
2.185	-167.86
2.19	-167.143
2.195	-166.398
2.2	-165.624
2.205	-164.824
2.21	-163.996
2.215	-163.143
2.22	-162.264
2.225	-161.359
2.23	-160.431
2.235	-159.478
2.24	-158.502
2.245	-157.503
2.25	-156.481
2.255	-155.438
2.26	-154.374
2.265	-153.29
2.27	-152.185
2.275	-151.061
2.28	-149.918
2.285	-148.756
2.29	-147.577
2.295	-146.381
2.3	-145.169
2.305	-143.94
2.31	-142.696
2.315	-141.437
2.32	-140.164
2.325	-138.877
2.33	-137.577
2.335	-136.265
2.34	-134.94
2.345	-133.604
2.35	-132.257
2.355	-130.899
2.36	-129.532
2.365	-128.156
2.37	-126.771
2.375	-125.377
2.38	-123.976
2.385	-122.568
2.39	-121.153
2.395	-119.732
2.4	-118.305
2.405	-116.873
2.41	-115.437
2.415	-113.996
2.42	-112.552
2.425	-111.105
2.43	-109.654
2.435	-108.202
2.44	-106.748
2.445	-105.292
2.45	-103.836
2.455	-102.379
2.46	-100.922
2.465	-99.4656
2.47	-98.01
2.475	-96.5556
2.48	-95.1027
2.485	-93.6519
2.49	-92.2035
2.495	-90.7578
2.5	-89.3153
2.505	-87.8764
2.51	-86.4413
2.515	-85.0104
2.52	-83.5841
2.525	-82.1626
2.53	-80.7464
2.535	-79.3356
2.54	-77.9307
2.545	-76.5318
2.55	-75.1395
2.555	-73.7538
2.56	-72.3752
2.565	-71.0038
2.57	-69.6399
2.575	-68.2838
2.58	-66.9356
2.585	-65.5956
2.59	-64.2642
2.595	-62.9414
2.6	-61.6276
2.605	-60.3229
2.61	-59.0275
2.615	-57.7416
2.62	-56.4653
2.625	-55.1989
2.63	-53.9425
2.635	-52.6963
2.64	-51.4604
2.645	-50.2351
2.65	-49.0204
2.655	-47.8164
2.66	-46.6234
2.665	-45.4413
2.67	-44.2703
2.675	-43.1106
2.68	-41.9621
2.685	-40.8251
2.69	-39.6996
2.695	-38.5857
2.7	-37.4835
2.705	-36.393
2.71	-35.3142
2.715	-34.2473
2.72	-33.1923
2.725	-32.1492
2.73	-31.1181
2.735	-30.099
2.74	-29.092
2.745	-28.0971
2.75	-27.1142
2.755	-26.1434
2.76	-25.1846
2.765	-24.238
2.77	-23.3035
2.775	-22.381
2.78	-21.4707
2.785	-20.5725
2.79	-19.6863
2.795	-18.8121
2.8	-17.9499
2.805	-17.0996
2.81	-16.2613
2.815	-15.4349
2.82	-14.6203
2.825	-13.8175
2.83	-13.0266
2.835	-12.2473
2.84	-11.4797
2.845	-10.7236
2.85	-9.97905
2.855	-9.2459
2.86	-8.52413
2.865	-7.81369
2.87	-7.1145
2.875	-6.42647
2.88	-5.74952
2.885	-5.08356
2.89	-4.42848
2.895	-3.78421
2.9	-3.15067
2.905	-2.52777
2.91	-1.91543
2.915	-1.31356
2.92	-0.722041
2.925	-0.140775
2.93	0.430361
2.935	0.991488
2.94	1.54272
2.945	2.08417
2.95	2.61591
2.955	3.13805
2.96	3.65067
2.965	4.15391
2.97	4.64789
2.975	5.13276
2.98	5.60864
2.985	6.07567
2.99	6.53394
2.995	6.98357
3	7.42467
3.005	7.85737
3.01	8.28181
3.015	8.69814
3.02	9.10651
3.025	9.50706
3.03	9.89992
3.035	10.2852
3.04	10.6631
3.045	11.0337
3.05	11.3971
3.055	11.7535
3.06	12.1031
3.065	12.4458
3.07	12.7821
3.075	13.1119
3.08	13.4355
3.085	13.753
3.09	14.0645
3.095	14.3702
3.1	14.6702
3.105	14.9647
3.11	15.2539
3.115	15.5378
3.12	15.8165
3.125	16.0899
3.13	16.358
3.135	16.6209
3.14	16.8785
3.145	17.1308
3.15	17.378
3.155	17.6201
3.16	17.857
3.165	18.0887
3.17	18.3153
3.175	18.5366
3.18	18.7527
3.185	18.9634
3.19	19.1687
3.195	19.3687
3.2	19.5634
3.205	19.7528
3.21	19.9369
3.215	20.1155
3.22	20.2886
3.225	20.456
3.23	20.6178
3.235	20.7739
3.24	20.9243
3.245	21.0691
3.25	21.2083
3.255	21.3417
3.26	21.4694
3.265	21.5912
3.27	21.7072
3.275	21.8172
3.28	21.9213
3.285	22.0194
3.29	22.1115
3.295	22.1977
3.3	22.2778
3.305	22.3519
3.31	22.4199
3.315	22.4819
3.32	22.5376
3.325	22.5872
3.33	22.6307
3.335	22.668
3.34	22.6993
3.345	22.7245
3.35	22.7435
3.355	22.7565
3.36	22.7632
3.365	22.7638
3.37	22.7583
3.375	22.7466
3.38	22.7289
3.385	22.7052
3.39	22.6753
3.395	22.6394
3.4	22.5974
3.405	22.5493
3.41	22.4951
3.415	22.4348
3.42	22.3685
3.425	22.2962
3.43	22.218
3.435	22.134
3.44	22.044
3.445	21.9483
3.45	21.8468
3.455	21.7395
3.46	21.6264
3.465	21.5076
3.47	21.3832
3.475	21.2532
3.48	21.1178
3.485	20.9769
3.49	20.8305
3.495	20.6786
3.5	20.5213
3.505	20.3588
3.51	20.191
3.515	20.0181
3.52	19.8403
3.525	19.6575
3.53	19.4699
3.535	19.2773
3.54	19.08
3.545	18.8779
3.55	18.6712
3.555	18.4599
3.56	18.2441
3.565	18.0239
3.57	17.7995
3.575	17.5709
3.58	17.3381
3.585	17.1013
3.59	16.8605
3.595	16.6157
3.6	16.3671
3.605	16.1148
3.61	15.859
3.615	15.5998
3.62	15.3373
3.625	15.0714
3.63	14.8023
3.635	14.5299
3.64	14.2545
3.645	13.9761
3.65	13.6949
3.655	13.411
3.66	13.1246
3.665	12.8356
3.67	12.5441
3.675	12.2503
3.68	11.9542
3.685	11.6559
3.69	11.3555
3.695	11.0532
3.7	10.7491
3.705	10.4433
3.71	10.1359
3.715	9.82693
3.72	9.51654
3.725	9.20474
3.73	8.89161
3.735	8.57729
3.74	8.26193
3.745	7.94566
3.75	7.6286
3.755	7.31085
3.76	6.99246
3.765	6.6735
3.77	6.35406
3.775	6.03426
3.78	5.71422
3.785	5.39408
3.79	5.07396
3.795	4.75394
3.8	4.43412
3.805	4.11457
3.81	3.79536
3.815	3.47659
3.82	3.15832
3.825	2.84067
3.83	2.52375
3.835	2.20768
3.84	1.8926
3.845	1.57859
3.85	1.26573
3.855	0.954079
3.86	0.643699
3.865	0.33467
3.87	0.0270996
3.875	-0.278889
3.88	-0.583177
3.885	-0.885672
3.89	-1.18631
3.895	-1.48505
3.9	-1.78184
3.905	-2.07661
3.91	-2.36928
3.915	-2.65974
3.92	-2.94789
3.925	-3.23364
3.93	-3.5169
3.935	-3.79761
3.94	-4.07572
3.945	-4.35118
3.95	-4.62391
3.955	-4.89388
3.96	-5.161
3.965	-5.42519
3.97	-5.68637
3.975	-5.94445
3.98	-6.19936
3.985	-6.45107
3.99	-6.69954
3.995	-6.94475
4	-7.18667
4.005	-7.42522
4.01	-7.66031
4.015	-7.89185
4.02	-8.11977
4.025	-8.34404
4.03	-8.56464
4.035	-8.78155
4.04	-8.99477
4.045	-9.20422
4.05	-9.40987
4.055	-9.61163
4.06	-9.80945
4.065	-10.0033
4.07	-10.1931
4.075	-10.3788
4.08	-10.5605
4.085	-10.7381
4.09	-10.9117
4.095	-11.0812
4.1	-11.2465
4.105	-11.4076
4.11	-11.5645
4.115	-11.717
4.12	-11.8653
4.125	-12.0093
4.13	-12.149
4.135	-12.2844
4.14	-12.4156
4.145	-12.5424
4.15	-12.6648
4.155	-12.7828
4.16	-12.8963
4.165	-13.0055
4.17	-13.1102
4.175	-13.2106
4.18	-13.3067
4.185	-13.3983
4.19	-13.4856
4.195	-13.5684
4.2	-13.6468
4.205	-13.7207
4.21	-13.7902
4.215	-13.8552
4.22	-13.9159
4.225	-13.9722
4.23	-14.0242
4.235	-14.0718
4.24	-14.1151
4.245	-14.1539
4.25	-14.1884
4.255	-14.2185
4.26	-14.2443
4.265	-14.2659
4.27	-14.2833
4.275	-14.2964
4.28	-14.3054
4.285	-14.3101
4.29	-14.3106
4.295	-14.3069
4.3	-14.2991
4.305	-14.2871
4.31	-14.2711
4.315	-14.251
4.32	-14.2269
4.325	-14.1989
4.33	-14.1669
4.335	-14.131
4.34	-14.0911
4.345	-14.0474
4.35	-13.9999
4.355	-13.9486
4.36	-13.8937
4.365	-13.8351
4.37	-13.7728
4.375	-13.707
4.38	-13.6375
4.385	-13.5644
4.39	-13.4878
4.395	-13.4077
4.4	-13.3243
4.405	-13.2376
4.41	-13.1476
4.415	-13.0544
4.42	-12.958
4.425	-12.8584
4.43	-12.7557
4.435	-12.6499
4.44	-12.5412
4.445	-12.4295
4.45	-12.315
4.455	-12.1977
4.46	-12.0777
4.465	-11.9549
4.47	-11.8294
4.475	-11.7012
4.48	-11.5705
4.485	-11.4372
4.49	-11.3015
4.495	-11.1635
4.5	-11.0232
4.505	-10.8807
4.51	-10.736
4.515	-10.5892
4.52	-10.4402
4.525	-10.2892
4.53	-10.1362
4.535	-9.98132
4.54	-9.82466
4.545	-9.66624
4.55	-9.50609
4.555	-9.34424
4.56	-9.18073
4.565	-9.0156
4.57	-8.84892
4.575	-8.68077
4.58	-8.51122
4.585	-8.34034
4.59	-8.16819
4.595	-7.99482
4.6	-7.82026
4.605	-7.64453
4.61	-7.46766
4.615	-7.28969
4.62	-7.11067
4.625	-6.93069
4.63	-6.74982
4.635	-6.56815
4.64	-6.38569
4.645	-6.20246
4.65	-6.01848
4.655	-5.83377
4.66	-5.6484
4.665	-5.46246
4.67	-5.27605
4.675	-5.08924
4.68	-4.9021
4.685	-4.71466
4.69	-4.52692
4.695	-4.33891
4.7	-4.15066
4.705	-3.96222
4.71	-3.77364
4.715	-3.585
4.72	-3.39634
4.725	-3.20774
4.73	-3.01925
4.735	-2.83091
4.74	-2.64274
4.745	-2.45477
4.75	-2.26703
4.755	-2.07961
4.76	-1.89257
4.765	-1.70601
4.77	-1.52
4.775	-1.33456
4.78	-1.14972
4.785	-0.965456
4.79	-0.781791
4.795	-0.598767
4.8	-0.41646
4.805	-0.234951
4.81	-0.0543115
4.815	0.12541
4.82	0.304184
4.825	0.481985
4.83	0.658787
4.835	0.834553
4.84	1.00924
4.845	1.18279
4.85	1.35516
4.855	1.52628
4.86	1.6961
4.865	1.86458
4.87	2.03169
4.875	2.19742
4.88	2.36178
4.885	2.52474
4.89	2.68625
4.895	2.84622
4.9	3.00459
4.905	3.16129
4.91	3.31629
4.915	3.46961
4.92	3.62122
4.925	3.77112
4.93	3.91925
4.935	4.06556
4.94	4.20998
4.945	4.35247
4.95	4.49301
4.955	4.63159
4.96	4.76819
4.965	4.90281
4.97	5.03544
4.975	5.16604
4.98	5.29459
4.985	5.42103
4.99	5.54532
4.995	5.66739
5	5.78722
5.005	5.90479
5.01	6.02011
5.015	6.13317
5.02	6.24398
5.025	6.35251
5.03	6.45869
5.035	6.56248
5.04	6.66386
5.045	6.76282
5.05	6.85938
5.055	6.95358
5.06	7.0454
5.065	7.13482
5.07	7.2218
5.075	7.30629
5.08	7.38826
5.085	7.46769
5.09	7.54455
5.095	7.61887
5.1	7.69064
5.105	7.75988
5.11	7.82659
5.115	7.89077
5.12	7.95241
5.125	8.01146
5.13	8.06792
5.135	8.12176
5.14	8.17299
5.145	8.22165
5.15	8.26775
5.155	8.31131
5.16	8.35231
5.165	8.39073
5.17	8.42651
5.175	8.45964
5.18	8.49012
5.185	8.51798
5.19	8.54325
5.195	8.56596
5.2	8.58612
5.205	8.60374
5.21	8.61879
5.215	8.63128
5.22	8.6412
5.225	8.64855
5.23	8.65335
5.235	8.65562
5.24	8.65538
5.245	8.65267
5.25	8.6475
5.255	8.63986
5.26	8.62975
5.265	8.61715
5.27	8.60206
5.275	8.5845
5.28	8.56452
5.285	8.54216
5.29	8.51749
5.295	8.49051
5.3	8.46123
5.305	8.42963
5.31	8.39572
5.315	8.35949
5.32	8.32101
5.325	8.28031
5.33	8.23743
5.335	8.1924
5.34	8.14523
5.345	8.09593
5.35	8.04451
5.355	7.99099
5.36	7.93538
5.365	7.87772
5.37	7.81805
5.375	7.75642
5.38	7.69287
5.385	7.62744
5.39	7.56018
5.395	7.49107
5.4	7.42011
5.405	7.34733
5.41	7.27273
5.415	7.1964
5.42	7.11838
5.425	7.03874
5.43	6.9575
5.435	6.87466
5.44	6.79023
5.445	6.70422
5.45	6.61666
5.455	6.52762
5.46	6.43715
5.465	6.34531
5.47	6.25215
5.475	6.15768
5.48	6.06193
5.485	5.96492
5.49	5.86667
5.495	5.76722
5.5	5.66658
5.505	5.56481
5.51	5.46195
5.515	5.35807
5.52	5.25322
5.525	5.14742
5.53	5.04068
5.535	4.93302
5.54	4.82445
5.545	4.71501
5.55	4.60479
5.555	4.49385
5.56	4.38225
5.565	4.27002
5.57	4.15717
5.575	4.0437
5.58	3.92963
5.585	3.815
5.59	3.69985
5.595	3.58424
5.6	3.46823
5.605	3.35184
5.61	3.23513
5.615	3.11811
5.62	3.00082
5.625	2.88327
5.63	2.7655
5.635	2.64752
5.64	2.5294
5.645	2.41118
5.65	2.29294
5.655	2.17471
5.66	2.05653
5.665	1.93839
5.67	1.82031
5.675	1.70229
5.68	1.58438
5.685	1.46662
5.69	1.34909
5.695	1.23184
5.7	1.11491
5.705	0.998304
5.71	0.88204
5.715	0.766133
5.72	0.650614
5.725	0.535522
5.73	0.420904
5.735	0.306807
5.74	0.193271
5.745	0.0803305
5.75	-0.0319867
5.755	-0.143664
5.76	-0.25469
5.765	-0.365057
5.77	-0.474746
5.775	-0.583723
5.78	-0.691937
5.785	-0.799331
5.79	-0.905854
5.795	-1.01148
5.8	-1.1162
5.805	-1.22002
5.81	-1.32294
5.815	-1.42492
5.82	-1.52594
5.825	-1.62593
5.83	-1.72485
5.835	-1.82268
5.84	-1.91939
5.845	-2.01501
5.85	-2.10953
5.855	-2.20293
5.86	-2.2952
5.865	-2.3863
5.87	-2.4762
5.875	-2.56486
5.88	-2.65225
5.885	-2.73836
5.89	-2.82317
5.895	-2.90669
5.9	-2.9889
5.905	-3.06981
5.91	-3.1494
5.915	-3.22763
5.92	-3.30446
5.925	-3.37987
5.93	-3.45382
5.935	-3.52635
5.94	-3.59747
5.945	-3.66719
5.95	-3.73551
5.955	-3.8024
5.96	-3.86781
5.965	-3.93172
5.97	-3.99409
5.975	-4.05495
5.98	-4.11429
5.985	-4.17213
5.99	-4.22846
5.995	-4.28327
6	-4.33655
6.005	-4.38828
6.01	-4.43846
6.015	-4.48706
6.02	-4.53408
6.025	-4.57953
6.03	-4.62343
6.035	-4.66579
6.04	-4.70663
6.045	-4.74594
6.05	-4.7837
6.055	-4.81985
6.06	-4.85439
6.065	-4.8873
6.07	-4.91861
6.075	-4.94835
6.08	-4.97656
6.085	-5.00323
6.09	-5.02834
6.095	-5.05187
6.1	-5.07381
6.105	-5.09416
6.11	-5.11293
6.115	-5.13016
6.12	-5.14585
6.125	-5.16003
6.13	-5.17269
6.135	-5.18383
6.14	-5.19346
6.145	-5.20155
6.15	-5.20809
6.155	-5.21308
6.16	-5.21653
6.165	-5.21847
6.17	-5.21894
6.175	-5.21796
6.18	-5.21554
6.185	-5.21167
6.19	-5.20633
6.195	-5.19951
6.2	-5.19122
6.205	-5.18149
6.21	-5.17038
6.215	-5.1579
6.22	-5.14407
6.225	-5.12888
6.23	-5.11232
6.235	-5.09437
6.24	-5.07504
6.245	-5.05435
6.25	-5.03231
6.255	-5.00896
6.26	-4.98433
6.265	-4.95844
6.27	-4.93131
6.275	-4.90295
6.28	-4.87337
6.285	-4.84257
6.29	-4.81054
6.295	-4.77731
6.3	-4.7429
6.305	-4.70736
6.31	-4.67071
6.315	-4.63296
6.32	-4.5941
6.325	-4.55413
6.33	-4.51304
6.335	-4.47085
6.34	-4.42759
6.345	-4.38331
6.35	-4.33805
6.355	-4.29185
6.36	-4.24472
6.365	-4.19665
6.37	-4.14765
6.375	-4.09774
6.38	-4.04692
6.385	-3.99522
6.39	-3.94266
6.395	-3.88927
6.4	-3.83507
6.405	-3.78008
6.41	-3.72432
6.415	-3.6678
6.42	-3.61052
6.425	-3.55248
6.43	-3.49373
6.435	-3.43428
6.44	-3.37419
6.445	-3.31351
6.45	-3.25226
6.455	-3.19044
6.46	-3.12804
6.465	-3.06507
6.47	-3.00153
6.475	-2.93745
6.48	-2.87287
6.485	-2.80784
6.49	-2.74238
6.495	-2.67649
6.5	-2.61018
6.505	-2.54346
6.51	-2.47634
6.515	-2.40885
6.52	-2.34103
6.525	-2.2729
6.53	-2.20449
6.535	-2.13585
6.54	-2.067
6.545	-1.99795
6.55	-1.92872
6.555	-1.85929
6.56	-1.78966
6.565	-1.71984
6.57	-1.64987
6.575	-1.57979
6.58	-1.50966
6.585	-1.43948
6.59	-1.36928
6.595	-1.29903
6.6	-1.22874
6.605	-1.15844
6.61	-1.08816
6.615	-1.01795
6.62	-0.947862
6.625	-0.877905
6.63	-0.808092
6.635	-0.738422
6.64	-0.668896
6.645	-0.599522
6.65	-0.530308
6.655	-0.46127
6.66	-0.39243
6.665	-0.32382
6.67	-0.255478
6.675	-0.187439
6.68	-0.119725
6.685	-0.0523397
6.69	0.0147203
6.695	0.0814549
6.7	0.147846
6.705	0.213855
6.71	0.279436
6.715	0.344554
6.72	0.409196
6.725	0.473368
6.73	0.537086
6.735	0.600358
6.74	0.663173
6.745	0.725503
6.75	0.787315
6.755	0.848577
6.76	0.909266
6.765	0.969365
6.77	1.02886
6.775	1.08774
6.78	1.146
6.785	1.20363
6.79	1.26063
6.795	1.31698
6.8	1.37266
6.805	1.42763
6.81	1.48189
6.815	1.53542
6.82	1.58822
6.825	1.64032
6.83	1.69173
6.835	1.74242
6.84	1.79237
6.845	1.84155
6.85	1.88991
6.855	1.93745
6.86	1.98416
6.865	2.03005
6.87	2.07512
6.875	2.11938
6.88	2.1628
6.885	2.20537
6.89	2.24709
6.895	2.28793
6.9	2.3279
6.905	2.36699
6.91	2.40521
6.915	2.44255
6.92	2.47901
6.925	2.51459
6.93	2.5493
6.935	2.58309
6.94	2.61595
6.945	2.64785
6.95	2.67879
6.955	2.70878
6.96	2.73783
6.965	2.76597
6.97	2.79319
6.975	2.81949
6.98	2.84485
6.985	2.86923
6.99	2.89265
6.995	2.91511
7	2.93662
7.005	2.9572
7.01	2.97685
7.015	2.99556
7.02	3.01332
7.025	3.03011
7.03	3.04592
7.035	3.06075
7.04	3.07461
7.045	3.08749
7.05	3.09941
7.055	3.11039
7.06	3.12044
7.065	3.12958
7.07	3.13778
7.075	3.14504
7.08	3.15134
7.085	3.15668
7.09	3.16106
7.095	3.16453
7.1	3.16711
7.105	3.16879
7.11	3.16957
7.115	3.16943
7.12	3.16834
7.125	3.16631
7.13	3.16335
7.135	3.15949
7.14	3.15476
7.145	3.14918
7.15	3.14273
7.155	3.13544
7.16	3.12729
7.165	3.11828
7.17	3.10842
7.175	3.0977
7.18	3.08613
7.185	3.07373
7.19	3.06053
7.195	3.04654
7.2	3.03177
7.205	3.01621
7.21	2.99986
7.215	2.9827
7.22	2.96473
7.225	2.94599
7.23	2.92651
7.235	2.90632
7.24	2.88544
7.245	2.86388
7.25	2.8416
7.255	2.81861
7.26	2.79491
7.265	2.77052
7.27	2.74547
7.275	2.71977
7.28	2.69344
7.285	2.66648
7.29	2.63891
7.295	2.61074
7.3	2.58196
7.305	2.55259
7.31	2.52261
7.315	2.49205
7.32	2.46094
7.325	2.42929
7.33	2.39716
7.335	2.36454
7.34	2.33144
7.345	2.29785
7.35	2.26376
7.355	2.22917
7.36	2.19411
7.365	2.15863
7.37	2.12273
7.375	2.08645
7.38	2.04978
7.385	2.01272
7.39	1.97525
7.395	1.93741
7.4	1.8992
7.405	1.86065
7.41	1.82179
7.415	1.78262
7.42	1.74318
7.425	1.70347
7.43	1.66351
7.435	1.62329
7.44	1.58282
7.445	1.54209
7.45	1.50113
7.455	1.45995
7.46	1.41858
7.465	1.37706
7.47	1.33538
7.475	1.29357
7.48	1.2516
7.485	1.20948
7.49	1.16721
7.495	1.12482
7.5	1.08235
7.505	1.03983
7.51	0.997273
7.515	0.954688
7.52	0.91207
7.525	0.869418
7.53	0.826737
7.535	0.784037
7.54	0.741336
7.545	0.698651
7.55	0.656
7.555	0.613401
7.56	0.57087
7.565	0.528418
7.57	0.486048
7.575	0.44376
7.58	0.401556
7.585	0.359447
7.59	0.317459
7.595	0.275624
7.6	0.233973
7.605	0.19252
7.61	0.151262
7.615	0.110185
7.62	0.0692756
7.625	0.0285353
7.63	-0.0120169
7.635	-0.0523513
7.64	-0.0924393
7.645	-0.132263
7.65	-0.171817
7.655	-0.211102
7.66	-0.250119
7.665	-0.288862
7.67	-0.32732
7.675	-0.365479
7.68	-0.403323
7.685	-0.440836
7.69	-0.478001
7.695	-0.514806
7.7	-0.551243
7.705	-0.587317
7.71	-0.623037
7.715	-0.658414
7.72	-0.693446
7.725	-0.728113
7.73	-0.762386
7.735	-0.796231
7.74	-0.829634
7.745	-0.862595
7.75	-0.895129
7.755	-0.927248
7.76	-0.958952
7.765	-0.990222
7.77	-1.02103
7.775	-1.05136
7.78	-1.08119
7.785	-1.11053
7.79	-1.13939
7.795	-1.16778
7.8	-1.1957
7.805	-1.22315
7.81	-1.25012
7.815	-1.27661
7.82	-1.30259
7.825	-1.32806
7.83	-1.35299
7.835	-1.37737
7.84	-1.40121
7.845	-1.42452
7.85	-1.44731
7.855	-1.46958
7.86	-1.49132
7.865	-1.5125
7.87	-1.53312
7.875	-1.55315
7.88	-1.57263
7.885	-1.59156
7.89	-1.60998
7.895	-1.62787
7.9	-1.64523
7.905	-1.66203
7.91	-1.67826
7.915	-1.69389
7.92	-1.70894
7.925	-1.72341
7.93	-1.73729
7.935	-1.7506
7.94	-1.76334
7.945	-1.77551
7.95	-1.78712
7.955	-1.79817
7.96	-1.80864
7.965	-1.81854
7.97	-1.82785
7.975	-1.83659
7.98	-1.84477
7.985	-1.85242
7.99	-1.85953
7.995	-1.86609
8	-1.87207
8.005	-1.87745
8.01	-1.88223
8.015	-1.88642
8.02	-1.89003
8.025	-1.89311
8.03	-1.89564
8.035	-1.89762
8.04	-1.89907
8.045	-1.89996
8.05	-1.90031
8.055	-1.90011
8.06	-1.89938
8.065	-1.89811
8.07	-1.89632
8.075	-1.894
8.08	-1.89117
8.085	-1.88783
8.09	-1.88396
8.095	-1.87956
8.1	-1.87462
8.105	-1.86913
8.11	-1.86312
8.115	-1.85661
8.12	-1.84962
8.125	-1.84217
8.13	-1.83426
8.135	-1.82588
8.14	-1.81702
8.145	-1.80767
8.15	-1.79785
8.155	-1.78757
8.16	-1.77684
8.165	-1.76568
8.17	-1.75409
8.175	-1.74205
8.18	-1.72956
8.185	-1.71663
8.19	-1.70325
8.195	-1.68943
8.2	-1.6752
8.205	-1.66057
8.21	-1.64555
8.215	-1.63016
8.22	-1.61443
8.225	-1.59833
8.23	-1.58188
8.235	-1.56505
8.24	-1.54784
8.245	-1.53026
8.25	-1.51232
8.255	-1.49406
8.26	-1.47549
8.265	-1.45661
8.27	-1.4374
8.275	-1.41786
8.28	-1.39798
8.285	-1.37779
8.29	-1.35731
8.295	-1.33657
8.3	-1.31559
8.305	-1.29437
8.31	-1.2729
8.315	-1.2512
8.32	-1.22925
8.325	-1.20705
8.33	-1.18462
8.335	-1.16195
8.34	-1.13906
8.345	-1.11596
8.35	-1.09266
8.355	-1.06918
8.36	-1.04554
8.365	-1.02171
8.37	-0.9977
8.375	-0.973509
8.38	-0.949153
8.385	-0.924664
8.39	-0.900069
8.395	-0.875385
8.4	-0.85061
8.405	-0.825727
8.41	-0.800723
8.415	-0.775594
8.42	-0.750353
8.425	-0.725021
8.43	-0.699616
8.435	-0.67415
8.44	-0.648628
8.445	-0.623054
8.45	-0.597434
8.455	-0.571779
8.46	-0.546095
8.465	-0.52039
8.47	-0.494668
8.475	-0.46894
8.48	-0.443222
8.485	-0.417534
8.49	-0.391888
8.495	-0.36628
8.5	-0.3407
8.505	-0.315131
8.51	-0.289572
8.515	-0.264036
8.52	-0.238552
8.525	-0.213147
8.53	-0.187837
8.535	-0.162622
8.54	-0.137496
8.545	-0.112451
8.55	-0.0874948
8.555	-0.0626402
8.56	-0.037905
8.565	-0.0133024
8.57	0.0111611
8.575	0.0354831
8.58	0.0596614
8.585	0.0836929
8.59	0.107576
8.595	0.131311
8.6	0.154902
8.605	0.178347
8.61	0.201636
8.615	0.224747
8.62	0.247658
8.625	0.270353
8.63	0.292829
8.635	0.315097
8.64	0.337167
8.645	0.359041
8.65	0.380708
8.655	0.402147
8.66	0.423339
8.665	0.444278
8.67	0.464966
8.675	0.485415
8.68	0.505631
8.685	0.525617
8.69	0.545365
8.695	0.564863
8.7	0.5841
8.705	0.603066
8.71	0.62175
8.715	0.640144
8.72	0.658241
8.725	0.67604
8.73	0.693548
8.735	0.710771
8.74	0.727713
8.745	0.744369
8.75	0.760724
8.755	0.776763
8.76	0.792476
8.765	0.807867
8.77	0.822948
8.775	0.837735
8.78	0.852231
8.785	0.866428
8.79	0.880307
8.795	0.893849
8.8	0.90704
8.805	0.91988
8.81	0.932376
8.815	0.944539
8.82	0.956375
8.825	0.967883
8.83	0.97906
8.835	0.989899
8.84	1.0004
8.845	1.01055
8.85	1.02035
8.855	1.02981
8.86	1.03891
8.865	1.04768
8.87	1.05612
8.875	1.06423
8.88	1.07201
8.885	1.07944
8.89	1.08651
8.895	1.0932
8.9	1.09952
8.905	1.10548
8.91	1.11109
8.915	1.11639
8.92	1.12136
8.925	1.12599
8.93	1.13026
8.935	1.13417
8.94	1.13773
8.945	1.14094
8.95	1.14382
8.955	1.14637
8.96	1.1486
8.965	1.15049
8.97	1.15204
8.975	1.15326
8.98	1.15413
8.985	1.15465
8.99	1.15482
8.995	1.15465
9	1.15414
9.005	1.15331
9.01	1.15219
9.015	1.15076
9.02	1.14902
9.025	1.14696
9.03	1.14455
9.035	1.14182
9.04	1.13877
9.045	1.13544
9.05	1.13183
9.055	1.12793
9.06	1.12372
9.065	1.11921
9.07	1.11437
9.075	1.10923
9.08	1.10379
9.085	1.09807
9.09	1.09206
9.095	1.08579
9.1	1.07925
9.105	1.07244
9.11	1.06538
9.115	1.05805
9.12	1.05047
9.125	1.04261
9.13	1.03448
9.135	1.02611
9.14	1.0175
9.145	1.00866
9.15	0.999604
9.155	0.990303
9.16	0.980748
9.165	0.970936
9.17	0.960878
9.175	0.950597
9.18	0.940113
9.185	0.92944
9.19	0.918579
9.195	0.907525
9.2	0.896276
9.205	0.88483
9.21	0.873191
9.215	0.861365
9.22	0.849355
9.225	0.837165
9.23	0.8248
9.235	0.812269
9.24	0.79958
9.245	0.786733
9.25	0.773727
9.255	0.760557
9.26	0.747222
9.265	0.733733
9.27	0.720111
9.275	0.706376
9.28	0.692543
9.285	0.678614
9.29	0.664579
9.295	0.650425
9.3	0.636146
9.305	0.621746
9.31	0.607238
9.315	0.592637
9.32	0.577954
9.325	0.563193
9.33	0.548352
9.335	0.53343
9.34	0.518428
9.345	0.503351
9.35	0.488206
9.355	0.473003
9.36	0.457753
9.365	0.442467
9.37	0.427155
9.375	0.411824
9.38	0.396473
9.385	0.381097
9.39	0.365687
9.395	0.350237
9.4	0.334749
9.405	0.319238
9.41	0.303722
9.415	0.288215
9.42	0.272725
9.425	0.257246
9.43	0.241768
9.435	0.22629
9.44	0.210817
9.445	0.195368
9.45	0.179962
9.455	0.164613
9.46	0.149323
9.465	0.134088
9.47	0.118899
9.475	0.103751
9.48	0.0886424
9.485	0.073576
9.49	0.0585562
9.495	0.0435895
9.5	0.0286856
9.505	0.013857
9.51	-0.000884288
9.515	-0.0155314
9.52	-0.0300859
9.525	-0.0445545
9.53	-0.058942
9.535	-0.0732438
9.54	-0.0874448
9.545	-0.101526
9.55	-0.115475
9.555	-0.129294
9.56	-0.142996
9.565	-0.1566
9.57	-0.170112
9.575	-0.183529
9.58	-0.196834
9.585	-0.21001
9.59	-0.223046
9.595	-0.235937
9.6	-0.248684
9.605	-0.261286
9.61	-0.273739
9.615	-0.286041
9.62	-0.298191
9.625	-0.310188
9.63	-0.322034
9.635	-0.333724
9.64	-0.345247
9.645	-0.356595
9.65	-0.36777
9.655	-0.378781
9.66	-0.389643
9.665	-0.400363
9.67	-0.410936
9.675	-0.421343
9.68	-0.431562
9.685	-0.441579
9.69	-0.451392
9.695	-0.461012
9.7	-0.470448
9.705	-0.479706
9.71	-0.488779
9.715	-0.497659
9.72	-0.506342
9.725	-0.514825
9.73	-0.523114
9.735	-0.531211
9.74	-0.539117
9.745	-0.546832
9.75	-0.554357
9.755	-0.561696
9.76	-0.568848
9.765	-0.575809
9.77	-0.582567
9.775	-0.589107
9.78	-0.595417
9.785	-0.601497
9.79	-0.607358
9.795	-0.613015
9.8	-0.61848
9.805	-0.623754
9.81	-0.628826
9.815	-0.633687
9.82	-0.63833
9.825	-0.64276
9.83	-0.646986
9.835	-0.651016
9.84	-0.654854
9.845	-0.658497
9.85	-0.661935
9.855	-0.665162
9.86	-0.66817
9.865	-0.670956
9.87	-0.673519
9.875	-0.675858
9.88	-0.677979
9.885	-0.67989
9.89	-0.681604
9.895	-0.683128
9.9	-0.684464
9.905	-0.685609
9.91	-0.686551
9.915	-0.687282
9.92	-0.687804
9.925	-0.688125
9.93	-0.688256
9.935	-0.688205
9.94	-0.687969
9.945	-0.687537
9.95	-0.686895
9.955	-0.686035
9.96	-0.684959
9.965	-0.683678
9.97	-0.682206
9.975	-0.680554
9.98	-0.67873
9.985	-0.676734
9.99	-0.674565
9.995	-0.672222
10	-0.669702
10.005	-0.667003
10.01	-0.664123
10.015	-0.661062
10.02	-0.657824
10.025	-0.654416
10.03	-0.650843
10.035	-0.647107
10.04	-0.643202
10.045	-0.639119
10.05	-0.634851
10.055	-0.630402
10.06	-0.625788
10.065	-0.62103
10.07	-0.616144
10.075	-0.611134
10.08	-0.605993
10.085	-0.600707
10.09	-0.595266
10.095	-0.58967
10.1	-0.583926
10.105	-0.578046
10.11	-0.572035
10.115	-0.565894
10.12	-0.55962
10.125	-0.553213
10.13	-0.546674
10.135	-0.540006
10.14	-0.533211
10.145	-0.526293
10.15	-0.519255
10.155	-0.512106
10.16	-0.504861
10.165	-0.497531
10.17	-0.490121
10.175	-0.482622
10.18	-0.47502
10.185	-0.467303
10.19	-0.459471
10.195	-0.451535
10.2	-0.443514
10.205	-0.435419
10.21	-0.427252
10.215	-0.419006
10.22	-0.410671
10.225	-0.402246
10.23	-0.393739
10.235	-0.385163
10.24	-0.376531
10.245	-0.367849
10.25	-0.35912
10.255	-0.350344
10.26	-0.341521
10.265	-0.332654
10.27	-0.323741
10.275	-0.314774
10.28	-0.30575
10.285	-0.296666
10.29	-0.287532
10.295	-0.278362
10.3	-0.269171
10.305	-0.259965
10.31	-0.250738
10.315	-0.24148
10.32	-0.232188
10.325	-0.222867
10.33	-0.213533
10.335	-0.204202
10.34	-0.194884
10.345	-0.185576
10.35	-0.176269
10.355	-0.166955
10.36	-0.157628
10.365	-0.148294
10.37	-0.138958
10.375	-0.129625
10.38	-0.120298
10.385	-0.110982
10.39	-0.101684
10.395	-0.0924103
10.4	-0.0831683
10.405	-0.0739577
10.41	-0.0647745
10.415	-0.0556144
10.42	-0.046479
10.425	-0.0373776
10.43	-0.0283237
10.435	-0.019327
10.44	-0.0103881
10.445	-0.00149759
10.45	0.00735764
10.455	0.0161857
10.46	0.0249844
10.465	0.033742
10.47	0.0424436
10.475	0.0510781
10.48	0.059642
10.485	0.0681371
10.49	0.0765668
10.495	0.084932
10.5	0.0932301
10.505	0.101457
10.51	0.10961
10.515	0.117686
10.52	0.125684
10.525	0.133599
10.53	0.141427
10.535	0.14917
10.54	0.15683
10.545	0.164416
10.55	0.171934
10.555	0.179384
10.56	0.186755
10.565	0.19403
10.57	0.201194
10.575	0.208242
10.58	0.215179
10.585	0.222017
10.59	0.228765
10.595	0.235424
10.6	0.241988
10.605	0.248443
10.61	0.254783
10.615	0.261006
10.62	0.267119
10.625	0.273128
10.63	0.279039
10.635	0.284851
10.64	0.290561
10.645	0.296165
10.65	0.30166
10.655	0.307039
10.66	0.312296
10.665	0.317423
10.67	0.322416
10.675	0.32728
10.68	0.332025
10.685	0.33666
10.69	0.341189
10.695	0.345607
10.7	0.3499
10.705	0.354059
10.71	0.35808
10.715	0.361975
10.72	0.365757
10.725	0.369436
10.73	0.373009
10.735	0.376467
10.74	0.379795
10.745	0.382985
10.75	0.386034
10.755	0.388947
10.76	0.39173
10.765	0.394385
10.77	0.396913
10.775	0.399315
10.78	0.401595
10.785	0.403755
10.79	0.405797
10.795	0.407715
10.8	0.409504
10.805	0.411161
10.81	0.41269
10.815	0.414101
10.82	0.415404
10.825	0.416598
10.83	0.417673
10.835	0.418614
10.84	0.419409
10.845	0.420057
10.85	0.42057
10.855	0.420963
10.86	0.421247
10.865	0.421423
10.87	0.421487
10.875	0.421429
10.88	0.42125
10.885	0.420951
10.89	0.420538
10.895	0.420013
10.9	0.419377
10.905	0.418626
10.91	0.417761
10.915	0.416785
10.92	0.415699
10.925	0.414502
10.93	0.413186
10.935	0.411743
10.94	0.410173
10.945	0.408485
10.95	0.406692
10.955	0.404811
10.96	0.402846
10.965	0.400791
10.97	0.398635
10.975	0.396369
10.98	0.393993
10.985	0.391515
10.99	0.388947
10.995	0.386293
11	0.383551
11.005	0.380716
11.01	0.37778
11.015	0.374742
11.02	0.371604
11.025	0.36837
11.03	0.365043
11.035	0.361626
11.04	0.358124
11.045	0.354548
11.05	0.350905
11.055	0.347202
11.06	0.343434
11.065	0.339592
11.07	0.335666
11.075	0.331653
11.08	0.327558
11.085	0.323391
11.09	0.319164
11.095	0.314878
11.1	0.310528
11.105	0.306103
11.11	0.301599
11.115	0.297017
11.12	0.292369
11.125	0.287669
11.13	0.282925
11.135	0.278144
11.14	0.273323
11.145	0.268462
11.15	0.263555
11.155	0.258601
11.16	0.253597
11.165	0.24854
11.17	0.243429
11.175	0.238267
11.18	0.233062
11.185	0.227821
11.19	0.222551
11.195	0.217249
11.2	0.211911
11.205	0.206532
11.21	0.201112
11.215	0.195661
11.22	0.190192
11.225	0.184721
11.23	0.17925
11.235	0.173775
11.24	0.168283
11.245	0.162761
11.25	0.157207
11.255	0.151624
11.26	0.146023
11.265	0.14041
11.27	0.134789
11.275	0.129162
11.28	0.123526
11.285	0.117885
11.29	0.11224
11.295	0.106596
11.3	0.100956
11.305	0.0953203
11.31	0.0896927
11.315	0.0840788
11.32	0.078485
11.325	0.0729144
11.33	0.0673622
11.335	0.0618174
11.34	0.056268
11.345	0.0507092
11.35	0.0451472
11.355	0.039597
11.36	0.0340736
11.365	0.0285848
11.37	0.0231282
11.375	0.0176959
11.38	0.0122822
11.385	0.00688926
11.39	0.00152601
11.395	-0.00379748
11.4	-0.00907605
11.405	-0.0143114
11.41	-0.019509
11.415	-0.0246738
11.42	-0.0298077
11.425	-0.034911
11.43	-0.0399848
11.435	-0.0450317
11.44	-0.0500528
11.445	-0.0550433
11.45	-0.0599923
11.455	-0.0648861
11.46	-0.0697161
11.465	-0.074483
11.47	-0.079196
11.475	-0.0838649
11.48	-0.088493
11.485	-0.0930737
11.49	-0.0975952
11.495	-0.102049
11.5	-0.106437
11.505	-0.110767
11.51	-0.115053
11.515	-0.1193
11.52	-0.123507
11.525	-0.127666
11.53	-0.131768
11.535	-0.135807
11.54	-0.139782
11.545	-0.143688
11.55	-0.147522
11.555	-0.151279
11.56	-0.154958
11.565	-0.158565
11.57	-0.162109
11.575	-0.165595
11.58	-0.169024
11.585	-0.172387
11.59	-0.175676
11.595	-0.178889
11.6	-0.182031
11.605	-0.185113
11.61	-0.188143
11.615	-0.191121
11.62	-0.194037
11.625	-0.196876
11.63	-0.199627
11.635	-0.202286
11.64	-0.204858
11.645	-0.207349
11.65	-0.209765
11.655	-0.212109
11.66	-0.21438
11.665	-0.21658
11.67	-0.218711
11.675	-0.220774
11.68	-0.222767
11.685	-0.224686
11.69	-0.226529
11.695	-0.228297
11.7	-0.229992
11.705	-0.231621
11.71	-0.233183
11.715	-0.234672
11.72	-0.236077
11.725	-0.237388
11.73	-0.238602
11.735	-0.239724
11.74	-0.240768
11.745	-0.241745
11.75	-0.242662
11.755	-0.243516
11.76	-0.244303
11.765	-0.245014
11.77	-0.245647
11.775	-0.246203
11.78	-0.246688
11.785	-0.247104
11.79	-0.247453
11.795	-0.247731
11.8	-0.247935
11.805	-0.24806
11.81	-0.248104
11.815	-0.248065
11.82	-0.247942
11.825	-0.247738
11.83	-0.247459
11.835	-0.247113
11.84	-0.24671
11.845	-0.246255
11.85	-0.245746
11.855	-0.245177
11.86	-0.244535
11.865	-0.243816
11.87	-0.243021
11.875	-0.242157
11.88	-0.241235
11.885	-0.240257
11.89	-0.239219
11.895	-0.238111
11.9	-0.236924
11.905	-0.235659
11.91	-0.23432
11.915	-0.23292
11.92	-0.231468
11.925	-0.229968
11.93	-0.228419
11.935	-0.226821
11.94	-0.225173
11.945	-0.223474
11.95	-0.221721
11.955	-0.219909
11.96	-0.218033
11.965	-0.216093
11.97	-0.214095
11.975	-0.212048
11.98	-0.209959
11.985	-0.207827
11.99	-0.205643
11.995	-0.203397
12	-0.201088
12.005	-0.198722
12.01	-0.196315
12.015	-0.193881
12.02	-0.191424
12.025	-0.18894
12.03	-0.186417
12.035	-0.183846
12.04	-0.181228
12.045	-0.178565
12.05	-0.175863
12.055	-0.173124
12.06	-0.170345
12.065	-0.167526
12.07	-0.164671
12.075	-0.161783
12.08	-0.158868
12.085	-0.155923
12.09	-0.152942
12.095	-0.149925
12.1	-0.146873
12.105	-0.143799
12.11	-0.140716
12.115	-0.137628
12.12	-0.134532
12.125	-0.131414
12.13	-0.128262
12.135	-0.125072
12.14	-0.121848
12.145	-0.118602
12.15	-0.115343
12.155	-0.112073
12.16	-0.108789
12.165	-0.105488
12.17	-0.102169
12.175	-0.0988349
12.18	-0.0954905
12.185	-0.0921384
12.19	-0.0887793
12.195	-0.0854143
12.2	-0.0820469
12.205	-0.0786819
12.21	-0.0753218
12.215	-0.0719639
12.22	-0.0686001
12.225	-0.0652211
12.23	-0.0618229
12.235	-0.0584102
12.24	-0.0549939
12.245	-0.0515858
12.25	-0.0481918
12.255	-0.04481
12.26	-0.0414335
12.265	-0.0380561
12.27	-0.0346771
12.275	-0.0313019
12.28	-0.0279388
12.285	-0.0245944
12.29	-0.021271
12.295	-0.0179665
12.3	-0.0146766
12.305	-0.0113972
12.31	-0.00812518
12.315	-0.00485897
12.32	-0.00159815
12.325	0.0016559
12.33	0.00489928
12.335	0.00812569
12.34	0.0113282
12.345	0.0145021
12.35	0.0176472
12.355	0.0207678
12.36	0.0238697
12.365	0.0269556
12.37	0.0300226
12.375	0.0330625
12.38	0.0360667
12.385	0.0390313
12.39	0.0419603
12.395	0.0448639
12.4	0.0477528
12.405	0.0506321
12.41	0.0534986
12.415	0.0563426
12.42	0.0591537
12.425	0.0619253
12.43	0.0646564
12.435	0.0673497
12.44	0.0700078
12.445	0.0726314
12.45	0.0752195
12.455	0.0777715
12.46	0.0802877
12.465	0.0827687
12.47	0.0852131
12.475	0.0876179
12.48	0.0899804
12.485	0.0923021
12.49	0.0945897
12.495	0.0968522
12.5	0.0990945
12.505	0.101313
12.51	0.103495
12.515	0.105626
12.52	0.107697
12.525	0.10971
12.53	0.111674
12.535	0.1136
12.54	0.115494
12.545	0.117351
12.55	0.119164
12.555	0.120928
12.56	0.122642
12.565	0.124311
12.57	0.125942
12.575	0.127536
12.58	0.129092
12.585	0.13061
12.59	0.132089
12.595	0.133531
12.6	0.134934
12.605	0.13629
12.61	0.137589
12.615	0.138824
12.62	0.139997
12.625	0.141115
12.63	0.142194
12.635	0.143242
12.64	0.144256
12.645	0.145228
12.65	0.146148
12.655	0.147013
12.66	0.147829
12.665	0.148607
12.67	0.149353
12.675	0.150066
12.68	0.15074
12.685	0.151365
12.69	0.151936
12.695	0.152454
12.7	0.152918
12.705	0.153329
12.71	0.153686
12.715	0.15399
12.72	0.154246
12.725	0.154464
12.73	0.15465
12.735	0.154807
12.74	0.154928
12.745	0.155004
12.75	0.155029
12.755	0.155004
12.76	0.154937
12.765	0.154837
12.77	0.154706
12.775	0.154538
12.78	0.15432
12.785	0.154045
12.79	0.153711
12.795	0.153323
12.8	0.15289
12.805	0.152421
12.81	0.15192
12.815	0.151387
12.82	0.150822
12.825	0.150225
12.83	0.149595
12.835	0.148932
12.84	0.148232
12.845	0.14749
12.85	0.146706
12.855	0.145882
12.86	0.145023
12.865	0.144131
12.87	0.143204
12.875	0.142237
12.88	0.141222
12.885	0.140157
12.89	0.139048
12.895	0.137907
12.9	0.136747
12.905	0.135574
12.91	0.134388
12.915	0.133179
12.92	0.13194
12.925	0.130664
12.93	0.129351
12.935	0.128004
12.94	0.126628
12.945	0.125225
12.95	0.123793
12.955	0.12233
12.96	0.120836
12.965	0.119311
12.97	0.117755
12.975	0.116171
12.98	0.11456
12.985	0.112928
12.99	0.11128
12.995	0.109624
13	0.107964
13.005	0.106297
13.01	0.104615
13.015	0.102905
13.02	0.10116
13.025	0.0993805
13.03	0.0975733
13.035	0.0957494
13.04	0.093916
13.045	0.0920726
13.05	0.0902128
13.055	0.0883299
13.06	0.0864224
13.065	0.0844956
13.07	0.082559
13.075	0.080621
13.08	0.0786849
13.085	0.0767494
13.09	0.0748107
13.095	0.0728654
13.1	0.070911
13.105	0.0689442
13.11	0.0669604
13.115	0.0649556
13.12	0.0629296
13.125	0.0608883
13.13	0.0588418
13.135	0.0567992
13.14	0.0547632
13.145	0.0527285
13.15	0.0506868
13.155	0.0486334
13.16	0.046572
13.165	0.0445137
13.17	0.0424698
13.175	0.0404444
13.18	0.0384319
13.185	0.0364205
13.19	0.0343997
13.195	0.0323653
13.2	0.0303204
13.205	0.0282712
13.21	0.0262224
13.215	0.024176
13.22	0.0221332
13.225	0.0200971
13.23	0.0180728
13.235	0.0160642
13.24	0.0140713
13.245	0.0120894
13.25	0.0101132
13.255	0.00814114
13.26	0.00617831
13.265	0.00423274
13.27	0.0023092
13.275	0.000404372
13.28	-0.00149242
13.285	-0.00339287
13.29	-0.00530212
13.295	-0.00721531
13.3	-0.00912047
13.305	-0.0110056
13.31	-0.0128646
13.315	-0.0146987
13.32	-0.016513
13.325	-0.018311
13.33	-0.0200927
13.335	-0.0218555
13.34	-0.0235978
13.345	-0.0253205
13.35	-0.0270257
13.355	-0.0287146
13.36	-0.030386
13.365	-0.0320382
13.37	-0.0336715
13.375	-0.0352901
13.38	-0.0369
13.385	-0.0385043
13.39	-0.0400992
13.395	-0.0416743
13.4	-0.0432176
13.405	-0.0447217
13.41	-0.046188
13.415	-0.0476247
13.42	-0.0490414
13.425	-0.0504433
13.43	-0.0518291
13.435	-0.0531927
13.44	-0.0545288
13.445	-0.0558361
13.45	-0.0571178
13.455	-0.0583792
13.46	-0.0596243
13.465	-0.0608539
13.47	-0.0620662
13.475	-0.0632584
13.48	-0.0644271
13.485	-0.0655685
13.49	-0.0666777
13.495	-0.0677501
13.5	-0.068783
13.505	-0.0697783
13.51	-0.0707429
13.515	-0.0716855
13.52	-0.0726127
13.525	-0.0735249
13.53	-0.0744163
13.535	-0.0752788
13.54	-0.0761071
13.545	-0.0769024
13.55	-0.0776717
13.555	-0.0784232
13.56	-0.0791607
13.565	-0.0798807
13.57	-0.0805742
13.575	-0.0812315
13.58	-0.0818466
13.585	-0.0824201
13.59	-0.0829571
13.595	-0.0834639
13.6	-0.0839454
13.605	-0.0844042
13.61	-0.0848413
13.615	-0.0852573
13.62	-0.0856522
13.625	-0.0860241
13.63	-0.0863694
13.635	-0.0866844
13.64	-0.0869677
13.645	-0.0872223
13.65	-0.0874541
13.655	-0.0876673
13.66	-0.0878606
13.665	-0.0880264
13.67	-0.0881541
13.675	-0.0882369
13.68	-0.0882765
13.685	-0.0882827
13.69	-0.0882682
13.695	-0.0882419
13.7	-0.0882043
13.705	-0.0881496
13.71	-0.08807
13.715	-0.0879613
13.72	-0.0878243
13.725	-0.0876624
13.73	-0.087478
13.735	-0.0872706
13.74	-0.0870382
13.745	-0.0867793
13.75	-0.0864941
13.755	-0.0861832
13.76	-0.0858453
13.765	-0.0854771
13.77	-0.0850754
13.775	-0.0846415
13.78	-0.0841827
13.785	-0.0837099
13.79	-0.0832315
13.795	-0.082748
13.8	-0.0822517
13.805	-0.0817312
13.81	-0.0811786
13.815	-0.0805944
13.82	-0.0799855
13.825	-0.0793603
13.83	-0.0787223
13.835	-0.0780683
13.84	-0.0773914
13.845	-0.0766862
13.85	-0.0759523
13.855	-0.0751936
13.86	-0.0744149
13.865	-0.0736198
13.87	-0.0728098
13.875	-0.0719866
13.88	-0.0711535
13.885	-0.0703137
13.89	-0.0694679
13.895	-0.0686117
13.9	-0.0677368
13.905	-0.0668359
13.91	-0.0659074
13.915	-0.064957
13.92	-0.0639938
13.925	-0.0630244
13.93	-0.0620481
13.935	-0.0610577
13.94	-0.0600447
13.945	-0.059006
13.95	-0.0579462
13.955	-0.0568753
13.96	-0.0558031
13.965	-0.054734
13.97	-0.0536665
13.975	-0.0525953
13.98	-0.0515153
13.985	-0.0504238
13.99	-0.0493193
13.995	-0.0482008
14	-0.0470667
14.005	-0.0459165
14.01	-0.0447524
14.015	-0.0435796
14.02	-0.0424034
14.025	-0.041226
14.03	-0.0400446
14.035	-0.0388537
14.04	-0.0376497
14.045	-0.0364346
14.05	-0.0352164
14.055	-0.034005
14.06	-0.0328063
14.065	-0.0316183
14.07	-0.030432
14.075	-0.0292367
14.08	-0.0280253
14.085	-0.0267974
14.09	-0.0255583
14.095	-0.0243149
14.1	-0.0230723
14.105	-0.0218319
14.11	-0.0205931
14.115	-0.0193551
14.12	-0.0181175
14.125	-0.016881
14.13	-0.0156457
14.135	-0.0144122
14.14	-0.0131818
14.145	-0.0119576
14.15	-0.0107434
14.155	-0.00954124
14.16	-0.00834921
14.165	-0.00716056
14.17	-0.00596641
14.175	-0.00476037
14.18	-0.00354243
14.185	-0.00231954
14.19	-0.00110223
14.195	0.000100917
14.2	0.00128733
14.205	0.00246076
14.21	0.00362774
14.215	0.00479274
14.22	0.00595516
14.225	0.00711
14.23	0.00825129
14.235	0.00937574
14.24	0.0104844
14.245	0.0115816
14.25	0.0126723
14.255	0.0137603
14.26	0.0148476
14.265	0.0159352
14.27	0.0170229
14.275	0.0181087
14.28	0.0191879
14.285	0.0202533
14.29	0.0212979
14.295	0.0223188
14.3	0.0233188
14.305	0.0243052
14.31	0.0252849
14.315	0.0262599
14.32	0.0272258
14.325	0.0281748
14.33	0.0291016
14.335	0.0300076
14.34	0.0309008
14.345	0.0317913
14.35	0.0326846
14.355	0.0335793
14.36	0.0344678
14.365	0.0353412
14.37	0.036194
14.375	0.0370248
14.38	0.0378348
14.385	0.0386246
14.39	0.0393941
14.395	0.0401435
14.4	0.0408755
14.405	0.0415946
14.41	0.0423046
14.415	0.0430054
14.42	0.0436926
14.425	0.0443609
14.43	0.0450091
14.435	0.045642
14.44	0.0462683
14.445	0.0468941
14.45	0.0475178
14.455	0.0481295
14.46	0.0487165
14.465	0.0492701
14.47	0.0497905
14.475	0.0502849
14.48	0.0507626
14.485	0.0512288
14.49	0.0516837
14.495	0.0521245
14.5	0.0525493
14.505	0.0529589
14.51	0.0533555
14.515	0.0537402
14.52	0.0541115
14.525	0.0544672
14.53	0.054807
14.535	0.0551335
14.54	0.0554495
14.545	0.0557542
14.55	0.0560412
14.555	0.0563011
14.56	0.0565267
14.565	0.0567189
14.57	0.0568865
14.575	0.057042
14.58	0.0571942
14.585	0.0573442
14.59	0.0574861
14.595	0.0576122
14.6	0.0577181
14.605	0.0578049
14.61	0.057877
14.615	0.0579378
14.62	0.0579877
14.625	0.0580241
14.63	0.0580436
14.635	0.058044
14.64	0.0580235
14.645	0.0579807
14.65	0.0579136
14.655	0.0578212
14.66	0.0577063
14.665	0.0575755
14.67	0.0574378
14.675	0.0572999
14.68	0.0571624
14.685	0.0570194
14.69	0.0568621
14.695	0.0566834
14.7	0.0564822
14.705	0.0562628
14.71	0.0560314
14.715	0.0557915
14.72	0.0555417
14.725	0.0552763
14.73	0.0549888
14.735	0.0546761
14.74	0.0543395
14.745	0.0539843
14.75	0.0536177
14.755	0.0532456
14.76	0.0528715
14.765	0.0524961
14.77	0.0521182
14.775	0.0517344
14.78	0.0513405
14.785	0.050932
14.79	0.0505055
14.795	0.0500598
14.8	0.0495969
14.805	0.0491207
14.81	0.0486352
14.815	0.0481416
14.82	0.0476375
14.825	0.047118
14.83	0.0465798
14.835	0.0460239
14.84	0.0454571
14.845	0.044889
14.85	0.0443273
14.855	0.0437734
14.86	0.0432216
14.865	0.0426624
14.87	0.0420878
14.875	0.0414946
14.88	0.040885
14.885	0.0402636
14.89	0.0396336
14.895	0.0389961
14.9	0.03835
14.905	0.037695
14.91	0.037032
14.915	0.0363625
14.92	0.0356872
14.925	0.0350056
14.93	0.034318
14.935	0.0336273
14.94	0.032939
14.945	0.0322585
14.95	0.0315864
14.955	0.0309165
14.96	0.0302377
14.965	0.0295404
14.97	0.0288219
14.975	0.0280879
14.98	0.0273489
14.985	0.026613
14.99	0.0258817
14.995	0.0251507
15	0.0244138
15.005	0.023669
15.01	0.0229196
15.015	0.0221715
15.02	0.0214294
15.025	0.0206938
15.03	0.019963
15.035	0.019235
15.04	0.0185094
15.045	0.0177858
15.05	0.017061
15.055	0.016329
15.06	0.0155834
15.065	0.0148225
15.07	0.0140521
15.075	0.013283
15.08	0.0125255
15.085	0.0117829
15.09	0.01105
15.095	0.0103181
15.1	0.00958112
15.105	0.00884029
15.11	0.00810291
15.115	0.00737683
15.12	0.00666489
15.125	0.00596329
15.13	0.00526459
15.135	0.00456241
15.14	0.00385428
15.145	0.00314106
15.15	0.00242458
15.155	0.00170603
15.16	0.000986765
15.165	0.000270136
15.17	-0.000438054
15.175	-0.00113187
15.18	-0.00180895
15.185	-0.00247258
15.19	-0.00313001
15.195	-0.00378771
15.2	-0.00444697
15.205	-0.005103
15.21	-0.00574853
15.215	-0.00637922
15.22	-0.00699713
15.225	-0.00760979
15.23	-0.0082257
15.235	-0.00884936
15.24	-0.009479
15.245	-0.0101081
15.25	-0.0107288
15.255	-0.0113358
15.26	-0.0119267
15.265	-0.0125021
15.27	-0.0130638
15.275	-0.0136138
15.28	-0.0141547
15.285	-0.0146889
15.29	-0.0152183
15.295	-0.0157429
15.3	-0.0162612
15.305	-0.0167704
15.31	-0.0172689
15.315	-0.0177579
15.32	-0.0182415
15.325	-0.0187245
15.33	-0.0192095
15.335	-0.0196946
15.34	-0.0201731
15.345	-0.0206364
15.35	-0.0210778
15.355	-0.0214959
15.36	-0.0218947
15.365	-0.0222817
15.37	-0.0226639
15.375	-0.0230445
15.38	-0.0234218
15.385	-0.0237917
15.39	-0.0241502
15.395	-0.0244965
15.4	-0.0248327
15.405	-0.0251623
15.41	-0.0254881
15.415	-0.0258104
15.42	-0.0261274
15.425	-0.0264365
15.43	-0.0267346
15.435	-0.0270184
15.44	-0.0272848
15.445	-0.027531
15.45	-0.0277569
15.455	-0.0279662
15.46	-0.0281664
15.465	-0.0283649
15.47	-0.0285655
15.475	-0.0287655
15.48	-0.0289577
15.485	-0.0291349
15.49	-0.0292949
15.495	-0.0294418
15.5	-0.0295835
15.505	-0.0297255
15.51	-0.0298669
15.515	-0.0300011
15.52	-0.0301192
15.525	-0.0302158
15.53	-0.0302908
15.535	-0.0303484
15.54	-0.0303936
15.545	-0.0304295
15.55	-0.0304576
15.555	-0.0304797
15.56	-0.0304987
15.565	-0.0305167
15.57	-0.0305333
15.575	-0.0305435
15.58	-0.0305409
15.585	-0.0305215
15.59	-0.0304871
15.595	-0.0304444
15.6	-0.0303999
15.605	-0.0303546
15.61	-0.0303021
15.615	-0.0302324
15.62	-0.0301383
15.625	-0.0300206
15.63	-0.0298875
15.635	-0.0297498
15.64	-0.0296145
15.645	-0.0294825
15.65	-0.0293497
15.655	-0.0292114
15.66	-0.0290654
15.665	-0.0289114
15.67	-0.0287496
15.675	-0.0285786
15.68	-0.0283961
15.685	-0.0282014
15.69	-0.0279966
15.695	-0.0277855
15.7	-0.0275698
15.705	-0.0273472
15.71	-0.0271117
15.715	-0.0268582
15.72	-0.0265871
15.725	-0.0263057
15.73	-0.0260244
15.735	-0.0257513
15.74	-0.0254873
15.745	-0.0252261
15.75	-0.0249585
15.755	-0.0246776
15.76	-0.0243825
15.765	-0.0240766
15.77	-0.023764
15.775	-0.023447
15.78	-0.0231245
15.785	-0.0227945
15.79	-0.0224555
15.795	-0.0221075
15.8	-0.0217513
15.805	-0.0213874
15.81	-0.0210164
15.815	-0.02064
15.82	-0.0202622
15.825	-0.0198881
15.83	-0.0195217
15.835	-0.0191625
15.84	-0.0188049
15.845	-0.0184401
15.85	-0.0180611
15.855	-0.0176658
15.86	-0.0172581
15.865	-0.016845
15.87	-0.0164322
15.875	-0.0160211
15.88	-0.0156087
15.885	-0.01519
15.89	-0.0147619
15.895	-0.0143255
15.9	-0.0138856
15.905	-0.0134485
15.91	-0.0130186
15.915	-0.0125972
15.92	-0.012182
15.925	-0.011769
15.93	-0.011354
15.935	-0.0109329
15.94	-0.0105031
15.945	-0.010063
15.95	-0.00961316
15.955	-0.00915632
15.96	-0.00869714
15.965	-0.00824043
15.97	-0.00778884
15.975	-0.00734143
15.98	-0.0068943
15.985	-0.0064434
15.99	-0.00598784
15.995	-0.00553147
16	-0.00508125
16.005	-0.00464317
16.01	-0.0042181
16.015	-0.00380047
16.02	-0.00338086
16.025	-0.00295085
16.03	-0.00250722
16.035	-0.00205289
16.04	-0.00159433
16.045	-0.00113763
16.05	-0.000685822
16.055	-0.000238981
16.06	0.000203817
16.065	0.00064275
16.07	0.00107714
16.075	0.00150661
16.08	0.00193196
16.085	0.00235443
16.09	0.00277398
16.095	0.00318838
16.1	0.00359456
16.105	0.00399178
16.11	0.00438415
16.115	0.00477986
16.12	0.0051869
16.125	0.00560786
16.13	0.00603747
16.135	0.00646501
16.14	0.00688022
16.145	0.00727878
16.15	0.00766367
16.155	0.00804178
16.16	0.00841858
16.165	0.00879468
16.17	0.00916662
16.175	0.00953044
16.18	0.00988509
16.185	0.0102329
16.19	0.0105774
16.195	0.0109208
16.2	0.0112637
16.205	0.0116063
16.21	0.0119502
16.215	0.0122981
16.22	0.0126506
16.225	0.0130039
16.23	0.0133494
16.235	0.0136781
16.24	0.0139857
16.245	0.0142757
16.25	0.0145572
16.255	0.0148393
16.26	0.0151253
16.265	0.0154116
16.27	0.0156912
16.275	0.0159593
16.28	0.016217
16.285	0.0164704
16.29	0.0167263
16.295	0.0169877
16.3	0.0172526
16.305	0.0175162
16.31	0.0177735
16.315	0.0180217
16.32	0.0182592
16.325	0.0184841
16.33	0.0186943
16.335	0.018889
16.34	0.0190706
16.345	0.0192454
16.35	0.0194206
16.355	0.0196003
16.36	0.0197829
16.365	0.0199626
16.37	0.0201332
16.375	0.020293
16.38	0.0204458
16.385	0.0205982
16.39	0.0207547
16.395	0.020914
16.4	0.0210694
16.405	0.0212121
16.41	0.0213362
16.415	0.021441
16.42	0.0215306
16.425	0.0216108
16.43	0.0216865
16.435	0.0217608
16.44	0.0218348
16.445	0.021909
16.45	0.0219832
16.455	0.0220562
16.46	0.0221254
16.465	0.022188
16.47	0.0222422
16.475	0.022289
16.48	0.0223311
16.485	0.0223709
16.49	0.0224081
16.495	0.0224383
16.5	0.0224552
16.505	0.0224537
16.51	0.0224339
16.515	0.0224014
16.52	0.0223652
16.525	0.0223332
16.53	0.0223091
16.535	0.0222904
16.54	0.0222714
16.545	0.0222461
16.55	0.0222115
16.555	0.0221681
16.56	0.0221183
16.565	0.0220641
16.57	0.022006
16.575	0.0219424
16.58	0.0218712
16.585	0.0217906
16.59	0.0216995
16.595	0.0215973
16.6	0.0214843
16.605	0.0213624
16.61	0.0212356
16.615	0.0211099
16.62	0.0209909
16.625	0.0208809
16.63	0.0207768
16.635	0.0206711
16.64	0.0205553
16.645	0.0204243
16.65	0.0202794
16.655	0.0201266
16.66	0.0199721
16.665	0.0198184
16.67	0.0196628
16.675	0.0194992
16.68	0.0193232
16.685	0.0191346
16.69	0.018938
16.695	0.0187401
16.7	0.0185456
16.705	0.0183564
16.71	0.0181716
16.715	0.0179895
16.72	0.0178087
16.725	0.0176268
16.73	0.0174403
16.735	0.0172442
16.74	0.0170348
16.745	0.0168124
16.75	0.016582
16.755	0.0163507
16.76	0.0161231
16.765	0.0158982
16.77	0.0156703
16.775	0.0154331
16.78	0.015185
16.785	0.014931
16.79	0.01468
16.795	0.0144395
16.8	0.0142106
16.805	0.0139882
16.81	0.0137642
16.815	0.013532
16.82	0.0132897
16.825	0.0130388
16.83	0.0127815
16.835	0.012519
16.84	0.0122516
16.845	0.0119808
16.85	0.0117091
16.855	0.01144
16.86	0.0111744
16.865	0.0109101
16.87	0.0106432
16.875	0.0103716
16.88	0.0100975
16.885	0.00982735
16.89	0.00956724
16.895	0.00931831
16.9	0.00907492
16.905	0.00882724
16.91	0.00856683
16.915	0.00829132
16.92	0.00800514
16.925	0.0077161
16.93	0.00743063
16.935	0.00715084
16.94	0.00687505
16.945	0.00660063
16.95	0.00632642
16.955	0.00605316
16.96	0.00578217
16.965	0.00551392
16.97	0.00524802
16.975	0.00498446
16.98	0.00472438
16.985	0.0044693
16.99	0.00421895
16.995	0.00396968
17	0.00371522
17.005	0.00344996
17.01	0.00317272
17.015	0.00288831
17.02	0.0026054
17.025	0.00233203
17.03	0.00207137
17.035	0.00182069
17.04	0.00157385
17.045	0.00132554
17.05	0.00107436
17.055	0.000823077
17.06	0.000576117
17.065	0.000336529
17.07	0.000104215
17.075	-0.000123721
17.08	-0.000351257
17.085	-0.000581772
17.09	-0.000817245
17.095	-0.00105822
17.1	-0.00130391
17.105	-0.00155201
17.11	-0.00179857
17.115	-0.00203867
17.12	-0.00226802
17.125	-0.00248503
17.13	-0.00269186
17.135	-0.00289361
17.14	-0.00309566
17.145	-0.00330073
17.15	-0.00350741
17.155	-0.00371124
17.16	-0.0039078
17.165	-0.00409591
17.17	-0.00427885
17.175	-0.00446282
17.18	-0.00465345
17.185	-0.00485252
17.19	-0.00505689
17.195	-0.00526002
17.2	-0.00545517
17.205	-0.00563825
17.21	-0.0058088
17.215	-0.00596916
17.22	-0.00612258
17.225	-0.00627189
17.23	-0.00641907
17.235	-0.00656544
17.24	-0.00671177
17.245	-0.00685786
17.25	-0.00700231
17.255	-0.00714306
17.26	-0.00727891
17.265	-0.00741098
17.27	-0.00754285
17.275	-0.0076785
17.28	-0.00781929
17.285	-0.00796183
17.29	-0.0080987
17.295	-0.00822203
17.3	-0.00832784
17.305	-0.00841832
17.31	-0.00850052
17.315	-0.00858221
17.32	-0.00866776
17.325	-0.00875664
17.33	-0.00884514
17.335	-0.00892978
17.34	-0.00900964
17.345	-0.00908637
17.35	-0.00916217
17.355	-0.00923799
17.36	-0.00931316
17.365	-0.0093865
17.37	-0.00945736
17.375	-0.00952531
17.38	-0.00958871
17.385	-0.00964388
17.39	-0.0096863
17.395	-0.00971367
17.4	-0.00972857
17.405	-0.00973841
17.41	-0.00975193
17.415	-0.0097743
17.42	-0.00980424
17.425	-0.00983523
17.43	-0.00986009
17.435	-0.00987568
17.44	-0.00988447
17.445	-0.00989194
17.45	-0.00990215
17.455	-0.00991466
17.46	-0.00992489
17.465	-0.00992728
17.47	-0.00991848
17.475	-0.00989845
17.48	-0.00986917
17.485	-0.00983267
17.49	-0.00979052
17.495	-0.00974478
17.5	-0.00969909
17.505	-0.00965805
17.51	-0.00962465
17.515	-0.00959768
17.52	-0.00957148
17.525	-0.00953884
17.53	-0.00949537
17.535	-0.00944221
17.54	-0.00938481
17.545	-0.00932876
17.55	-0.00927538
17.555	-0.00922049
17.56	-0.00915711
17.565	-0.00908009
17.57	-0.00898951
17.575	-0.00889054
17.58	-0.00879037
17.585	-0.00869459
17.59	-0.00860533
17.595	-0.0085218
17.6	-0.00844203
17.605	-0.00836392
17.61	-0.00828523
17.615	-0.00820308
17.62	-0.00811425
17.625	-0.00801665
17.63	-0.00791079
17.635	-0.00779978
17.64	-0.00768739
17.645	-0.00757533
17.65	-0.00746175
17.655	-0.00734238
17.66	-0.00721367
17.665	-0.00707594
17.67	-0.00693419
17.675	-0.00679591
17.68	-0.00666722
17.685	-0.00654976
17.69	-0.00644008
17.695	-0.00633167
17.7	-0.00621813
17.705	-0.00609573
17.71	-0.00596403
17.715	-0.00582492
17.72	-0.00568098
17.725	-0.00553431
17.73	-0.00538603
17.735	-0.00523638
17.74	-0.00508508
17.745	-0.00493159
17.75	-0.00477553
17.755	-0.00461727
17.76	-0.00445841
17.765	-0.00430186
17.77	-0.00415103
17.775	-0.00400824
17.78	-0.0038731
17.785	-0.0037418
17.79	-0.00360803
17.795	-0.00346545
17.8	-0.0033105
17.805	-0.00314411
17.81	-0.00297118
17.815	-0.00279799
17.82	-0.00262896
17.825	-0.00246463
17.83	-0.00230211
17.835	-0.00213766
17.84	-0.00196964
17.845	-0.00179986
17.85	-0.00163261
17.855	-0.00147202
17.86	-0.00131965
17.865	-0.00117381
17.87	-0.00103073
17.875	-0.000886419
17.88	-0.000737829
17.885	-0.000582957
17.89	-0.000420446
17.895	-0.000249802
17.9	-7.23436e-05
17.905	0.000108062
17.91	0.000285769
17.915	0.000455835
17.92	0.000616819
17.925	0.00077173
17.93	0.000925998
17.935	0.00108355
17.94	0.00124376
17.945	0.00140164
17.95	0.00155143
17.955	0.00169112
17.96	0.00182458
17.965	0.00195964
17.97	0.00210365
17.975	0.00225938
17.98	0.00242425
17.985	0.00259275
17.99	0.00275994
17.995	0.00292335
18	0.0030823
18.005	0.00323612
18.01	0.00338339
18.015	0.0035231
18.02	0.00365643
18.025	0.00378705
18.03	0.00391911
18.035	0.00405412
18.04	0.00418959
18.045	0.00432084
18.05	0.00444521
18.055	0.00456512
18.06	0.0046876
18.065	0.00481993
18.07	0.00496456
18.075	0.00511691
18.08	0.00526787
18.085	0.00540898
18.09	0.00553682
18.095	0.00565367
18.1	0.00576457
18.105	0.00587343
18.11	0.00598126
18.115	0.00608721
18.12	0.00619083
18.125	0.00629328
18.13	0.00639631
18.135	0.0065005
18.14	0.00660456
18.145	0.00670684
18.15	0.00680758
18.155	0.00690978
18.16	0.00701722
18.165	0.00713098
18.17	0.0072471
18.175	0.00735764
18.18	0.00745489
18.185	0.00753589
18.19	0.00760414
18.195	0.00766738
18.2	0.00773294
18.205	0.00780401
18.21	0.00787902
18.215	0.00795404
18.22	0.00802609
18.225	0.00809494
18.23	0.00816259
18.235	0.00823134
18.24	0.00830222
18.245	0.00837475
18.25	0.00844759
18.255	0.0085192
18.26	0.00858765
18.265	0.00865031
18.27	0.00870405
18.275	0.0087466
18.28	0.00877825
18.285	0.00880266
18.29	0.00882585
18.295	0.00885361
18.3	0.00888879
18.305	0.00893012
18.31	0.00897327
18.315	0.00901346
18.32	0.00904808
18.325	0.00907781
18.33	0.00910574
18.335	0.00913505
18.34	0.00916673
18.345	0.00919859
18.35	0.00922608
18.355	0.00924455
18.36	0.00925147
18.365	0.00924774
18.37	0.0092372
18.375	0.00922489
18.38	0.00921508
18.385	0.00921001
18.39	0.00920982
18.395	0.00921325
18.4	0.00921836
18.405	0.00922298
18.41	0.00922485
18.415	0.00922213
18.42	0.0092141
18.425	0.00920177
18.43	0.0091874
18.435	0.0091728
18.44	0.00915753
18.445	0.00913825
18.45	0.00911036
18.455	0.00907119
18.46	0.00902264
18.465	0.00897112
18.47	0.00892453
18.475	0.00888799
18.48	0.00886112
18.485	0.00883877
18.49	0.0088145
18.495	0.0087843
18.5	0.00874804
18.505	0.00870797
18.51	0.00866599
18.515	0.00862196
18.52	0.00857429
18.525	0.00852187
18.53	0.00846515
18.535	0.00840551
18.54	0.00834348
18.545	0.00827791
18.55	0.00820729
18.555	0.00813237
18.56	0.00805756
18.565	0.00798935
18.57	0.00793227
18.575	0.00788519
18.58	0.0078411
18.585	0.00779088
18.59	0.00772865
18.595	0.00765499
18.6	0.00757564
18.605	0.00749694
18.61	0.00742138
18.615	0.00734655
18.62	0.00726783
18.625	0.00718241
18.63	0.00709132
18.635	0.00699836
18.64	0.00690718
18.645	0.00681921
18.65	0.00673415
18.655	0.00665183
18.66	0.00657342
18.665	0.00650033
18.67	0.00643166
18.675	0.00636281
18.68	0.00628699
18.685	0.00619917
18.69	0.00609956
18.695	0.00599388
18.7	0.00588972
18.705	0.00579174
18.71	0.00569888
18.715	0.0056059
18.72	0.0055077
18.725	0.00540331
18.73	0.00529666
18.735	0.00519387
18.74	0.00509924
18.745	0.00501296
18.75	0.00493168
18.755	0.00485105
18.76	0.00476782
18.765	0.00468035
18.77	0.00458764
18.775	0.00448865
18.78	0.00438279
18.785	0.0042712
18.79	0.00415738
18.795	0.00404603
18.8	0.00394055
18.805	0.00384098
18.81	0.0037441
18.815	0.00364586
18.82	0.00354441
18.825	0.00344171
18.83	0.00334228
18.835	0.00325019
18.84	0.00316607
18.845	0.00308631
18.85	0.00300478
18.855	0.00291596
18.86	0.00281736
18.865	0.00271027
18.87	0.00259851
18.875	0.00248645
18.88	0.00237734
18.885	0.00227274
18.89	0.00217276
18.895	0.00207665
18.9	0.00198336
18.905	0.00189186
18.91	0.00180142
18.915	0.00171191
18.92	0.00162392
18.925	0.00153849
18.93	0.00145637
18.935	0.00137702
18.94	0.00129809
18.945	0.00121575
18.95	0.00112622
18.955	0.00102781
18.96	0.000922319
18.965	0.000814851
18.97	0.000711827
18.975	0.000618036
18.98	0.000534434
18.985	0.000458016
18.99	0.000383892
18.995	0.000308298
19	0.000230611
19.005	0.000153135
19.01	7.89284e-05
19.015	9.30126e-06
19.02	-5.72863e-05
19.025	-0.000124305
19.03	-0.000195089
19.035	-0.000271211
19.04	-0.00035226
19.045	-0.000436764
19.05	-0.000523048
19.055	-0.00060923
19.06	-0.000692602
19.065	-0.000769557
19.07	-0.000836861
19.075	-0.00089377
19.08	-0.000943313
19.085	-0.000991314
19.09	-0.00104328
19.095	-0.00110112
19.1	-0.00116215
19.105	-0.00122128
19.11	-0.00127499
19.115	-0.00132422
19.12	-0.00137393
19.125	-0.00142972
19.13	-0.00149385
19.135	-0.0015636
19.14	-0.00163293
19.145	-0.0016961
19.15	-0.00175034
19.155	-0.00179614
19.16	-0.00183545
19.165	-0.00186981
19.17	-0.00190002
19.175	-0.00192737
19.18	-0.00195458
19.185	-0.00198518
19.19	-0.00202132
19.195	-0.0020619
19.2	-0.00210296
19.205	-0.00214045
19.21	-0.00217344
19.215	-0.00220506
19.22	-0.00224025
19.225	-0.00228164
19.23	-0.00232678
19.235	-0.00236888
19.24	-0.00240068
19.245	-0.00241883
19.25	-0.00242561
19.255	-0.00242715
19.26	-0.00242961
19.265	-0.0024362
19.27	-0.0024468
19.275	-0.00245985
19.28	-0.00247441
19.285	-0.00249063
19.29	-0.00250869
19.295	-0.00252756
19.3	-0.00254517
19.305	-0.00255982
19.31	-0.00257163
19.315	-0.00258236
19.32	-0.00259344
19.325	-0.00260381
19.33	-0.00260951
19.335	-0.00260585
19.34	-0.00259082
19.345	-0.00256722
19.35	-0.00254183
19.355	-0.00252196
19.36	-0.00251169
19.365	-0.00251009
19.37	-0.00251259
19.375	-0.00251413
19.38	-0.00251191
19.385	-0.00250605
19.39	-0.00249827
19.395	-0.00248992
19.4	-0.00248086
19.405	-0.00246971
19.41	-0.00245487
19.415	-0.0024353
19.42	-0.00241058
19.425	-0.00238059
19.43	-0.00234561
19.435	-0.00230687
19.44	-0.00226714
19.445	-0.00223043
19.45	-0.0022006
19.455	-0.00217941
19.46	-0.00216523
19.465	-0.00215352
19.47	-0.0021388
19.475	-0.00211723
19.48	-0.00208818
19.485	-0.00205401
19.49	-0.00201814
19.495	-0.00198276
19.5	-0.00194751
19.505	-0.00190986
19.51	-0.00186692
19.515	-0.00181748
19.52	-0.00176308
19.525	-0.00170762
19.53	-0.00165563
19.535	-0.00161042
19.54	-0.0015729
19.545	-0.00154157
19.55	-0.00151346
19.555	-0.00148519
19.56	-0.00145378
19.565	-0.00141702
19.57	-0.00137373
19.575	-0.001324
19.58	-0.00126939
19.585	-0.00121251
19.59	-0.00115594
19.595	-0.00110083
19.6	-0.0010463
19.605	-0.000990095
19.61	-0.000930519
19.615	-0.000868355
19.62	-0.000807298
19.625	-0.000752298
19.63	-0.000706639
19.635	-0.000669623
19.64	-0.000636481
19.645	-0.000600677
19.65	-0.000557147
19.655	-0.000504432
19.66	-0.000444503
19.665	-0.000380765
19.67	-0.000315881
19.675	-0.000250885
19.68	-0.000185837
19.685	-0.000120977
19.69	-5.71739e-05
19.695	4.6787e-06
19.7	6.44945e-05
19.705	0.000122992
19.71	0.000180628
19.715	0.000236433
19.72	0.000288112
19.725	0.000333809
19.73	0.000374411
19.735	0.000414457
19.74	0.00046047
19.745	0.00051746
19.75	0.000585869
19.755	0.000661181
19.76	0.000736554
19.765	0.000806726
19.77	0.000870514
19.775	0.000930373
19.78	0.000989656
19.785	0.00104982
19.79	0.0011096
19.795	0.00116643
19.8	0.00121868
19.805	0.00126681
19.81	0.00131277
19.815	0.00135848
19.82	0.00140502
19.825	0.00145315
19.83	0.00150441
19.835	0.00156135
19.84	0.00162606
19.845	0.00169802
19.85	0.00177306
19.855	0.00184474
19.86	0.0019077
19.865	0.00196062
19.87	0.00200682
19.875	0.00205179
19.88	0.00209953
19.885	0.00215014
19.89	0.00220042
19.895	0.00224672
19.9	0.00228798
19.905	0.00232666
19.91	0.00236718
19.915	0.00241328
19.92	0.00246621
19.925	0.00252471
19.93	0.00258638
19.935	0.00264893
19.94	0.00271039
19.945	0.00276861
19.95	0.00282111
19.955	0.00286595
19.96	0.00290312
19.965	0.00293534
19.97	0.00296703
19.975	0.00300193
19.98	0.00304102
19.985	0.00308212
19.99	0.00312175
19.995	0.00315796
