0	0
0.005	0
0.01	0
0.015	0
0.02	0
0.025	0
0.03	0
0.035	0
0.04	0
0.045	0
0.05	0
0.055	0
0.06	0
0.065	0
0.07	0
0.075	0
0.08	0
0.085	0
0.09	0
0.095	0
0.1	0
0.105	0
0.11	0
0.115	0
0.12	0
0.125	0
0.13	0
0.135	0
0.14	0
0.145	0
0.15	0
0.155	0
0.16	0
0.165	0
0.17	0
0.175	0
0.18	0
0.185	0
0.19	0
0.195	0
0.2	0
0.205	0
0.21	0
0.215	0
0.22	0
0.225	0
0.23	0
0.235	0
0.24	0
0.245	0
0.25	0
0.255	0
0.26	0
0.265	0
0.27	0
0.275	0
0.28	0
0.285	0
0.29	0
0.295	0
0.3	-1.8115e-47
0.305	-1.45169e-45
0.31	-5.89258e-44
0.315	-1.61624e-42
0.32	-3.37055e-41
0.325	-5.6993e-40
0.33	-8.1347e-39
0.335	-1.00717e-37
0.34	-1.10297e-36
0.345	-1.08392e-35
0.35	-9.6649e-35
0.355	-7.88718e-34
0.36	-5.93152e-33
0.365	-4.1339e-32
0.37	-2.68219e-31
0.375	-1.62621e-30
0.38	-9.24129e-30
0.385	-4.93369e-29
0.39	-2.47863e-28
0.395	-1.17286e-27
0.4	-5.22708e-27
0.405	-2.19126e-26
0.41	-8.6135e-26
0.415	-3.15491e-25
0.42	-1.06375e-24
0.425	-3.2202e-24
0.43	-8.23749e-24
0.435	-1.43495e-23
0.44	9.96465e-24
0.445	2.59877e-22
0.45	1.67452e-21
0.455	8.22063e-21
0.46	3.52587e-20
0.465	1.38472e-19
0.47	5.09072e-19
0.475	1.77373e-18
0.48	5.90263e-18
0.485	1.88599e-17
0.49	5.80784e-17
0.495	1.72869e-16
0.5	4.98459e-16
0.505	1.3949e-15
0.51	3.79421e-15
0.515	1.00444e-14
0.52	2.5908e-14
0.525	6.51747e-14
0.53	1.60043e-13
0.535	3.83928e-13
0.54	9.00375e-13
0.545	2.06558e-12
0.55	4.63835e-12
0.555	1.02007e-11
0.56	2.19822e-11
0.565	4.64399e-11
0.57	9.6226e-11
0.575	1.95643e-10
0.58	3.90467e-10
0.585	7.65287e-10
0.59	1.47349e-09
0.595	2.78813e-09
0.6	5.18647e-09
0.605	9.48791e-09
0.61	1.70746e-08
0.615	3.0238e-08
0.62	5.27121e-08
0.625	9.04805e-08
0.63	1.52973e-07
0.635	2.54812e-07
0.64	4.18303e-07
0.645	6.76941e-07
0.65	1.08024e-06
0.655	1.70027e-06
0.66	2.64033e-06
0.665	4.04633e-06
0.67	6.12122e-06
0.675	9.14329e-06
0.68	1.34886e-05
0.685	1.96579e-05
0.69	2.83093e-05
0.695	4.02947e-05
0.7	5.67023e-05
0.705	7.89029e-05
0.71	0.000108601
0.715	0.000147884
0.72	0.00019928
0.725	0.000265806
0.73	0.000351015
0.735	0.000459039
0.74	0.000594618
0.745	0.000763124
0.75	0.00097056
0.755	0.00122355
0.76	0.00152933
0.765	0.00189566
0.77	0.00233081
0.775	0.00284345
0.78	0.0034426
0.785	0.00413747
0.79	0.00493745
0.795	0.00585195
0.8	0.00689031
0.805	0.00806179
0.81	0.00937543
0.815	0.0108401
0.82	0.0124642
0.825	0.0142563
0.83	0.0162245
0.835	0.0183765
0.84	0.0207204
0.845	0.0232639
0.85	0.0260148
0.855	0.0289809
0.86	0.0321704
0.865	0.0355915
0.87	0.0392527
0.875	0.0431628
0.88	0.0473307
0.885	0.0517656
0.89	0.0564767
0.895	0.0614734
0.9	0.0667648
0.905	0.0723601
0.91	0.0782683
0.915	0.0844979
0.92	0.0910573
0.925	0.0979543
0.93	0.105197
0.935	0.112792
0.94	0.120747
0.945	0.129068
0.95	0.137762
0.955	0.146836
0.96	0.156297
0.965	0.16615
0.97	0.176403
0.975	0.187062
0.98	0.198134
0.985	0.209626
0.99	0.221545
0.995	0.233897
1	0.24669
1.005	0.259929
1.01	0.273622
1.015	0.287775
1.02	0.302393
1.025	0.317482
1.03	0.333047
1.035	0.349094
1.04	0.365626
1.045	0.382649
1.05	0.400166
1.055	0.418182
1.06	0.436699
1.065	0.455722
1.07	0.475254
1.075	0.495298
1.08	0.515858
1.085	0.536935
1.09	0.558533
1.095	0.580655
1.1	0.603301
1.105	0.626475
1.11	0.650178
1.115	0.67441
1.12	0.699173
1.125	0.724467
1.13	0.750294
1.135	0.776652
1.14	0.803541
1.145	0.830962
1.15	0.858913
1.155	0.887394
1.16	0.916402
1.165	0.945938
1.17	0.975998
1.175	1.00658
1.18	1.03768
1.185	1.0693
1.19	1.10144
1.195	1.13408
1.2	1.16723
1.205	1.20088
1.21	1.23503
1.215	1.26967
1.22	1.3048
1.225	1.3404
1.23	1.37648
1.235	1.41303
1.24	1.45004
1.245	1.4875
1.25	1.52541
1.255	1.56376
1.26	1.60254
1.265	1.64174
1.27	1.68136
1.275	1.72139
1.28	1.76182
1.285	1.80263
1.29	1.84381
1.295	1.88537
1.3	1.92728
1.305	1.96953
1.31	2.01211
1.315	2.05501
1.32	2.09821
1.325	2.1417
1.33	2.18547
1.335	2.2295
1.34	2.27377
1.345	2.31828
1.35	2.36301
1.355	2.40793
1.36	2.45304
1.365	2.49832
1.37	2.54375
1.375	2.58932
1.38	2.635
1.385	2.68078
1.39	2.72665
1.395	2.77257
1.4	2.81854
1.405	2.86454
1.41	2.91054
1.415	2.95653
1.42	3.00248
1.425	3.04838
1.43	3.09421
1.435	3.13994
1.44	3.18556
1.445	3.23104
1.45	3.27636
1.455	3.32151
1.46	3.36645
1.465	3.41117
1.47	3.45564
1.475	3.49984
1.48	3.54375
1.485	3.58735
1.49	3.63061
1.495	3.6735
1.5	3.71601
1.505	3.75812
1.51	3.79979
1.515	3.841
1.52	3.88174
1.525	3.92197
1.53	3.96168
1.535	4.00084
1.54	4.03943
1.545	4.07742
1.55	4.11479
1.555	4.15151
1.56	4.18756
1.565	4.22291
1.57	4.25755
1.575	4.29145
1.58	4.32457
1.585	4.35691
1.59	4.38842
1.595	4.4191
1.6	4.44891
1.605	4.47783
1.61	4.50583
1.615	4.5329
1.62	4.55901
1.625	4.58414
1.63	4.60827
1.635	4.63136
1.64	4.65341
1.645	4.67438
1.65	4.69425
1.655	4.71301
1.66	4.73062
1.665	4.74708
1.67	4.76235
1.675	4.77641
1.68	4.78925
1.685	4.80084
1.69	4.81117
1.695	4.82021
1.7	4.82795
1.705	4.83435
1.71	4.83942
1.715	4.84312
1.72	4.84545
1.725	4.84638
1.73	4.84589
1.735	4.84398
1.74	4.84062
1.745	4.83579
1.75	4.82949
1.755	4.8217
1.76	4.8124
1.765	4.80158
1.77	4.78923
1.775	4.77533
1.78	4.75988
1.785	4.74286
1.79	4.72425
1.795	4.70406
1.8	4.68226
1.805	4.65886
1.81	4.63384
1.815	4.6072
1.82	4.57892
1.825	4.54901
1.83	4.51745
1.835	4.48424
1.84	4.44938
1.845	4.41287
1.85	4.37469
1.855	4.33485
1.86	4.29335
1.865	4.25019
1.87	4.20536
1.875	4.15887
1.88	4.11071
1.885	4.0609
1.89	4.00944
1.895	3.95632
1.9	3.90156
1.905	3.84515
1.91	3.78711
1.915	3.72744
1.92	3.66615
1.925	3.60325
1.93	3.53874
1.935	3.47265
1.94	3.40496
1.945	3.33571
1.95	3.2649
1.955	3.19254
1.96	3.11866
1.965	3.04325
1.97	2.96635
1.975	2.88796
1.98	2.80811
1.985	2.7268
1.99	2.64407
1.995	2.55992
2	2.47438
2.005	2.38747
2.01	2.2992
2.015	2.20961
2.02	2.11871
2.025	2.02653
2.03	1.93309
2.035	1.83842
2.04	1.74253
2.045	1.64546
2.05	1.54724
2.055	1.44788
2.06	1.34743
2.065	1.2459
2.07	1.14333
2.075	1.03975
2.08	0.935177
2.085	0.829655
2.09	0.723213
2.095	0.615881
2.1	0.507693
2.105	0.398682
2.11	0.288881
2.115	0.178324
2.12	0.0670459
2.125	-0.0449187
2.13	-0.157534
2.135	-0.270765
2.14	-0.384575
2.145	-0.498927
2.15	-0.613784
2.155	-0.729108
2.16	-0.844862
2.165	-0.961007
2.17	-1.07751
2.175	-1.19432
2.18	-1.31141
2.185	-1.42873
2.19	-1.54625
2.195	-1.66392
2.2	-1.78171
2.205	-1.89958
2.21	-2.01748
2.215	-2.13538
2.22	-2.25322
2.225	-2.37098
2.23	-2.48861
2.235	-2.60607
2.24	-2.72332
2.245	-2.84031
2.25	-2.95701
2.255	-3.07337
2.26	-3.18935
2.265	-3.30491
2.27	-3.42001
2.275	-3.53461
2.28	-3.64867
2.285	-3.76213
2.29	-3.87497
2.295	-3.98715
2.3	-4.09861
2.305	-4.20932
2.31	-4.31924
2.315	-4.42833
2.32	-4.53654
2.325	-4.64385
2.33	-4.7502
2.335	-4.85556
2.34	-4.95989
2.345	-5.06316
2.35	-5.16532
2.355	-5.26633
2.36	-5.36616
2.365	-5.46476
2.37	-5.56212
2.375	-5.65817
2.38	-5.7529
2.385	-5.84627
2.39	-5.93823
2.395	-6.02876
2.4	-6.11782
2.405	-6.20538
2.41	-6.29141
2.415	-6.37587
2.42	-6.45872
2.425	-6.53995
2.43	-6.61952
2.435	-6.6974
2.44	-6.77355
2.445	-6.84796
2.45	-6.9206
2.455	-6.99143
2.46	-7.06043
2.465	-7.12757
2.47	-7.19284
2.475	-7.2562
2.48	-7.31764
2.485	-7.37712
2.49	-7.43463
2.495	-7.49015
2.5	-7.54365
2.505	-7.59512
2.51	-7.64453
2.515	-7.69188
2.52	-7.73713
2.525	-7.78028
2.53	-7.82131
2.535	-7.8602
2.54	-7.89695
2.545	-7.93153
2.55	-7.96394
2.555	-7.99417
2.56	-8.0222
2.565	-8.04802
2.57	-8.07163
2.575	-8.09302
2.58	-8.11218
2.585	-8.12911
2.59	-8.1438
2.595	-8.15624
2.6	-8.16643
2.605	-8.17437
2.61	-8.18006
2.615	-8.1835
2.62	-8.18468
2.625	-8.18361
2.63	-8.18029
2.635	-8.17472
2.64	-8.1669
2.645	-8.15685
2.65	-8.14456
2.655	-8.13005
2.66	-8.11331
2.665	-8.09436
2.67	-8.0732
2.675	-8.04985
2.68	-8.02431
2.685	-7.9966
2.69	-7.96672
2.695	-7.9347
2.7	-7.90054
2.705	-7.86426
2.71	-7.82587
2.715	-7.78539
2.72	-7.74284
2.725	-7.69823
2.73	-7.65158
2.735	-7.60291
2.74	-7.55224
2.745	-7.49959
2.75	-7.44499
2.755	-7.38844
2.76	-7.32998
2.765	-7.26963
2.77	-7.2074
2.775	-7.14334
2.78	-7.07745
2.785	-7.00977
2.79	-6.94033
2.795	-6.86914
2.8	-6.79624
2.805	-6.72165
2.81	-6.6454
2.815	-6.56753
2.82	-6.48806
2.825	-6.40702
2.83	-6.32444
2.835	-6.24035
2.84	-6.15479
2.845	-6.06779
2.85	-5.97937
2.855	-5.88957
2.86	-5.79843
2.865	-5.70597
2.87	-5.61224
2.875	-5.51726
2.88	-5.42107
2.885	-5.3237
2.89	-5.22519
2.895	-5.12558
2.9	-5.0249
2.905	-4.92318
2.91	-4.82047
2.915	-4.71679
2.92	-4.61219
2.925	-4.5067
2.93	-4.40036
2.935	-4.29321
2.94	-4.18528
2.945	-4.07661
2.95	-3.96723
2.955	-3.85719
2.96	-3.74652
2.965	-3.63526
2.97	-3.52345
2.975	-3.41112
2.98	-3.29832
2.985	-3.18507
2.99	-3.07142
2.995	-2.95741
3	-2.84307
3.005	-2.72843
3.01	-2.61355
3.015	-2.49844
3.02	-2.38316
3.025	-2.26773
3.03	-2.1522
3.035	-2.0366
3.04	-1.92097
3.045	-1.80534
3.05	-1.68975
3.055	-1.57423
3.06	-1.45883
3.065	-1.34357
3.07	-1.22849
3.075	-1.11363
3.08	-0.999022
3.085	-0.884697
3.09	-0.77069
3.095	-0.657037
3.1	-0.54377
3.105	-0.430923
3.11	-0.318528
3.115	-0.206617
3.12	-0.0952225
3.125	0.0156244
3.13	0.125892
3.135	0.23555
3.14	0.344567
3.145	0.452913
3.15	0.560559
3.155	0.667475
3.16	0.773633
3.165	0.879003
3.17	0.983558
3.175	1.08727
3.18	1.19011
3.185	1.29206
3.19	1.39308
3.195	1.49315
3.2	1.59225
3.205	1.69035
3.21	1.78742
3.215	1.88345
3.22	1.97841
3.225	2.07227
3.23	2.16502
3.235	2.25664
3.24	2.34709
3.245	2.43637
3.25	2.52444
3.255	2.6113
3.26	2.69692
3.265	2.78127
3.27	2.86436
3.275	2.94614
3.28	3.02662
3.285	3.10577
3.29	3.18357
3.295	3.26001
3.3	3.33508
3.305	3.40876
3.31	3.48103
3.315	3.55189
3.32	3.62132
3.325	3.6893
3.33	3.75583
3.335	3.8209
3.34	3.88449
3.345	3.9466
3.35	4.0072
3.355	4.0663
3.36	4.12389
3.365	4.17995
3.37	4.23448
3.375	4.28748
3.38	4.33892
3.385	4.38882
3.39	4.43717
3.395	4.48395
3.4	4.52916
3.405	4.57281
3.41	4.61488
3.415	4.65538
3.42	4.69429
3.425	4.73163
3.43	4.76738
3.435	4.80155
3.44	4.83414
3.445	4.86514
3.45	4.89456
3.455	4.92239
3.46	4.94864
3.465	4.97331
3.47	4.9964
3.475	5.01792
3.48	5.03786
3.485	5.05624
3.49	5.07305
3.495	5.08831
3.5	5.10201
3.505	5.11416
3.51	5.12477
3.515	5.13384
3.52	5.14138
3.525	5.1474
3.53	5.1519
3.535	5.15489
3.54	5.15638
3.545	5.15638
3.55	5.15489
3.555	5.15194
3.56	5.14752
3.565	5.14165
3.57	5.13434
3.575	5.12559
3.58	5.11543
3.585	5.10386
3.59	5.0909
3.595	5.07655
3.6	5.06083
3.605	5.04376
3.61	5.02534
3.615	5.00559
3.62	4.98453
3.625	4.96216
3.63	4.93851
3.635	4.91358
3.64	4.8874
3.645	4.85998
3.65	4.83134
3.655	4.80148
3.66	4.77044
3.665	4.73822
3.67	4.70485
3.675	4.67033
3.68	4.6347
3.685	4.59796
3.69	4.56013
3.695	4.52124
3.7	4.4813
3.705	4.44033
3.71	4.39835
3.715	4.35538
3.72	4.31144
3.725	4.26655
3.73	4.22073
3.735	4.174
3.74	4.12638
3.745	4.0779
3.75	4.02857
3.755	3.97841
3.76	3.92745
3.765	3.87571
3.77	3.82321
3.775	3.76997
3.78	3.71601
3.785	3.66136
3.79	3.60604
3.795	3.55007
3.8	3.49347
3.805	3.43626
3.81	3.37847
3.815	3.32011
3.82	3.26121
3.825	3.20179
3.83	3.14187
3.835	3.08147
3.84	3.02061
3.845	2.95931
3.85	2.89758
3.855	2.83545
3.86	2.77293
3.865	2.71004
3.87	2.64679
3.875	2.58321
3.88	2.5193
3.885	2.45508
3.89	2.39058
3.895	2.32579
3.9	2.26075
3.905	2.19547
3.91	2.12995
3.915	2.06423
3.92	1.99831
3.925	1.93221
3.93	1.86595
3.935	1.79955
3.94	1.73303
3.945	1.6664
3.95	1.59968
3.955	1.53288
3.96	1.46603
3.965	1.39914
3.97	1.33223
3.975	1.26531
3.98	1.19841
3.985	1.13153
3.99	1.06469
3.995	0.997911
4	0.931202
4.005	0.864582
4.01	0.798065
4.015	0.731668
4.02	0.665406
4.025	0.599296
4.03	0.533353
4.035	0.467593
4.04	0.402034
4.045	0.336692
4.05	0.271583
4.055	0.206724
4.06	0.142131
4.065	0.0778206
4.07	0.0138078
4.075	-0.049892
4.08	-0.113264
4.085	-0.176292
4.09	-0.238963
4.095	-0.301262
4.1	-0.363174
4.105	-0.424686
4.11	-0.485784
4.115	-0.546454
4.12	-0.606682
4.125	-0.666454
4.13	-0.725757
4.135	-0.784578
4.14	-0.842902
4.145	-0.900715
4.15	-0.958005
4.155	-1.01476
4.16	-1.07096
4.165	-1.1266
4.17	-1.18167
4.175	-1.23614
4.18	-1.29002
4.185	-1.34328
4.19	-1.39592
4.195	-1.44793
4.2	-1.49928
4.205	-1.54998
4.21	-1.60002
4.215	-1.64937
4.22	-1.69803
4.225	-1.74599
4.23	-1.79323
4.235	-1.83976
4.24	-1.88556
4.245	-1.93061
4.25	-1.97492
4.255	-2.01847
4.26	-2.06125
4.265	-2.10325
4.27	-2.14447
4.275	-2.1849
4.28	-2.22453
4.285	-2.26335
4.29	-2.30136
4.295	-2.33855
4.3	-2.37491
4.305	-2.41043
4.31	-2.44511
4.315	-2.47895
4.32	-2.51193
4.325	-2.54406
4.33	-2.57532
4.335	-2.60571
4.34	-2.63522
4.345	-2.66386
4.35	-2.69162
4.355	-2.7185
4.36	-2.74448
4.365	-2.76958
4.37	-2.79378
4.375	-2.81709
4.38	-2.8395
4.385	-2.861
4.39	-2.88161
4.395	-2.90132
4.4	-2.92012
4.405	-2.93801
4.41	-2.955
4.415	-2.97107
4.42	-2.98624
4.425	-3.0005
4.43	-3.01384
4.435	-3.02628
4.44	-3.03781
4.445	-3.04842
4.45	-3.05813
4.455	-3.06693
4.46	-3.07482
4.465	-3.08181
4.47	-3.0879
4.475	-3.09308
4.48	-3.09736
4.485	-3.10075
4.49	-3.10325
4.495	-3.10485
4.5	-3.10557
4.505	-3.10541
4.51	-3.10437
4.515	-3.10245
4.52	-3.09967
4.525	-3.09602
4.53	-3.09151
4.535	-3.08614
4.54	-3.07993
4.545	-3.07287
4.55	-3.06498
4.555	-3.05625
4.56	-3.0467
4.565	-3.03633
4.57	-3.02515
4.575	-3.01316
4.58	-3.00038
4.585	-2.98681
4.59	-2.97245
4.595	-2.95732
4.6	-2.94142
4.605	-2.92476
4.61	-2.90736
4.615	-2.88921
4.62	-2.87033
4.625	-2.85073
4.63	-2.83042
4.635	-2.80941
4.64	-2.7877
4.645	-2.76531
4.65	-2.74225
4.655	-2.71853
4.66	-2.69415
4.665	-2.66914
4.67	-2.64349
4.675	-2.61722
4.68	-2.59035
4.685	-2.56287
4.69	-2.53481
4.695	-2.50617
4.7	-2.47696
4.705	-2.4472
4.71	-2.41689
4.715	-2.38606
4.72	-2.3547
4.725	-2.32285
4.73	-2.29049
4.735	-2.25766
4.74	-2.22436
4.745	-2.19059
4.75	-2.15639
4.755	-2.12175
4.76	-2.08669
4.765	-2.05122
4.77	-2.01536
4.775	-1.97912
4.78	-1.9425
4.785	-1.90553
4.79	-1.86821
4.795	-1.83056
4.8	-1.79259
4.805	-1.75431
4.81	-1.71574
4.815	-1.67689
4.82	-1.63777
4.825	-1.59839
4.83	-1.55877
4.835	-1.51892
4.84	-1.47886
4.845	-1.43859
4.85	-1.39813
4.855	-1.35749
4.86	-1.31669
4.865	-1.27573
4.87	-1.23464
4.875	-1.19341
4.88	-1.15207
4.885	-1.11062
4.89	-1.06909
4.895	-1.02747
4.9	-0.985791
4.905	-0.944056
4.91	-0.90228
4.915	-0.860475
4.92	-0.818652
4.925	-0.776824
4.93	-0.735003
4.935	-0.693201
4.94	-0.651429
4.945	-0.6097
4.95	-0.568026
4.955	-0.526417
4.96	-0.484887
4.965	-0.443447
4.97	-0.402108
4.975	-0.360882
4.98	-0.31978
4.985	-0.278814
4.99	-0.237994
4.995	-0.197333
5	-0.156841
5.005	-0.116527
5.01	-0.0764038
5.015	-0.0364806
5.02	0.00323167
5.025	0.0427225
5.03	0.0819813
5.035	0.120998
5.04	0.159762
5.045	0.198264
5.05	0.236494
5.055	0.274442
5.06	0.312098
5.065	0.349453
5.07	0.386497
5.075	0.423221
5.08	0.459616
5.085	0.495674
5.09	0.531385
5.095	0.566741
5.1	0.601735
5.105	0.636358
5.11	0.670603
5.115	0.70446
5.12	0.737923
5.125	0.770984
5.13	0.803635
5.135	0.835871
5.14	0.867683
5.145	0.899067
5.15	0.930014
5.155	0.96052
5.16	0.990577
5.165	1.02018
5.17	1.04932
5.175	1.078
5.18	1.1062
5.185	1.13393
5.19	1.16118
5.195	1.18794
5.2	1.21421
5.205	1.23998
5.21	1.26525
5.215	1.29002
5.22	1.31428
5.225	1.33803
5.23	1.36126
5.235	1.38397
5.24	1.40615
5.245	1.42781
5.25	1.44895
5.255	1.46955
5.26	1.48962
5.265	1.50915
5.27	1.52815
5.275	1.5466
5.28	1.56452
5.285	1.58189
5.29	1.59871
5.295	1.61499
5.3	1.63072
5.305	1.6459
5.31	1.66053
5.315	1.67461
5.32	1.68814
5.325	1.70112
5.33	1.71354
5.335	1.72542
5.34	1.73673
5.345	1.7475
5.35	1.75772
5.355	1.76739
5.36	1.7765
5.365	1.78507
5.37	1.79308
5.375	1.80055
5.38	1.80747
5.385	1.81384
5.39	1.81967
5.395	1.82495
5.4	1.82969
5.405	1.83389
5.41	1.83755
5.415	1.84067
5.42	1.84326
5.425	1.84532
5.43	1.84684
5.435	1.84784
5.44	1.84832
5.445	1.84827
5.45	1.8477
5.455	1.84661
5.46	1.84502
5.465	1.84291
5.47	1.84029
5.475	1.83717
5.48	1.83355
5.485	1.82943
5.49	1.82482
5.495	1.81972
5.5	1.81413
5.505	1.80807
5.51	1.80152
5.515	1.79451
5.52	1.78702
5.525	1.77907
5.53	1.77066
5.535	1.7618
5.54	1.75249
5.545	1.74273
5.55	1.73253
5.555	1.7219
5.56	1.71083
5.565	1.69935
5.57	1.68744
5.575	1.67512
5.58	1.6624
5.585	1.64927
5.59	1.63575
5.595	1.62183
5.6	1.60753
5.605	1.59285
5.61	1.5778
5.615	1.56238
5.62	1.5466
5.625	1.53047
5.63	1.51399
5.635	1.49716
5.64	1.48
5.645	1.46251
5.65	1.4447
5.655	1.42658
5.66	1.40814
5.665	1.38941
5.67	1.37037
5.675	1.35105
5.68	1.33145
5.685	1.31158
5.69	1.29143
5.695	1.27103
5.7	1.25037
5.705	1.22946
5.71	1.20831
5.715	1.18693
5.72	1.16533
5.725	1.1435
5.73	1.12146
5.735	1.09922
5.74	1.07678
5.745	1.05415
5.75	1.03134
5.755	1.00835
5.76	0.985192
5.765	0.961875
5.77	0.938404
5.775	0.914788
5.78	0.891033
5.785	0.867146
5.79	0.843136
5.795	0.819009
5.8	0.794772
5.805	0.770432
5.81	0.745998
5.815	0.721476
5.82	0.696873
5.825	0.672198
5.83	0.647457
5.835	0.622658
5.84	0.597807
5.845	0.572911
5.85	0.547979
5.855	0.523016
5.86	0.498031
5.865	0.47303
5.87	0.44802
5.875	0.423008
5.88	0.398002
5.885	0.373008
5.89	0.348034
5.895	0.323087
5.9	0.298172
5.905	0.273298
5.91	0.248471
5.915	0.223698
5.92	0.198986
5.925	0.174341
5.93	0.149771
5.935	0.125282
5.94	0.10088
5.945	0.0765729
5.95	0.0523662
5.955	0.0282667
5.96	0.00428065
5.965	-0.0195858
5.97	-0.0433265
5.975	-0.0669352
5.98	-0.0904058
5.985	-0.113732
5.99	-0.136908
5.995	-0.159928
6	-0.182786
6.005	-0.205475
6.01	-0.227991
6.015	-0.250328
6.02	-0.27248
6.025	-0.294442
6.03	-0.316208
6.035	-0.337773
6.04	-0.359132
6.045	-0.380279
6.05	-0.40121
6.055	-0.421919
6.06	-0.442401
6.065	-0.462651
6.07	-0.482665
6.075	-0.502438
6.08	-0.521965
6.085	-0.541243
6.09	-0.560266
6.095	-0.579031
6.1	-0.597533
6.105	-0.615769
6.11	-0.633734
6.115	-0.651425
6.12	-0.668839
6.125	-0.685972
6.13	-0.70282
6.135	-0.719379
6.14	-0.735646
6.145	-0.751617
6.15	-0.76729
6.155	-0.782661
6.16	-0.797727
6.165	-0.812486
6.17	-0.826936
6.175	-0.841074
6.18	-0.854897
6.185	-0.868403
6.19	-0.881589
6.195	-0.894452
6.2	-0.906991
6.205	-0.919204
6.21	-0.931089
6.215	-0.942644
6.22	-0.953869
6.225	-0.964761
6.23	-0.975319
6.235	-0.985542
6.24	-0.995428
6.245	-1.00498
6.25	-1.01419
6.255	-1.02306
6.26	-1.03159
6.265	-1.03977
6.27	-1.04762
6.275	-1.05513
6.28	-1.06229
6.285	-1.06911
6.29	-1.07558
6.295	-1.08171
6.3	-1.0875
6.305	-1.09294
6.31	-1.09804
6.315	-1.1028
6.32	-1.10722
6.325	-1.11129
6.33	-1.11503
6.335	-1.11842
6.34	-1.12147
6.345	-1.12419
6.35	-1.12657
6.355	-1.12861
6.36	-1.13031
6.365	-1.13169
6.37	-1.13272
6.375	-1.13343
6.38	-1.1338
6.385	-1.13385
6.39	-1.13357
6.395	-1.13296
6.4	-1.13203
6.405	-1.13078
6.41	-1.12921
6.415	-1.12733
6.42	-1.12512
6.425	-1.12261
6.43	-1.11979
6.435	-1.11666
6.44	-1.11322
6.445	-1.10948
6.45	-1.10545
6.455	-1.10111
6.46	-1.09648
6.465	-1.09156
6.47	-1.08635
6.475	-1.08085
6.48	-1.07507
6.485	-1.06902
6.49	-1.06268
6.495	-1.05608
6.5	-1.0492
6.505	-1.04206
6.51	-1.03466
6.515	-1.027
6.52	-1.01909
6.525	-1.01092
6.53	-1.00251
6.535	-0.993849
6.54	-0.984951
6.545	-0.975818
6.55	-0.966452
6.555	-0.956857
6.56	-0.947039
6.565	-0.937
6.57	-0.926746
6.575	-0.916281
6.58	-0.90561
6.585	-0.894737
6.59	-0.883665
6.595	-0.872401
6.6	-0.860946
6.605	-0.849307
6.61	-0.837486
6.615	-0.825489
6.62	-0.813319
6.625	-0.800981
6.63	-0.78848
6.635	-0.77582
6.64	-0.763005
6.645	-0.750042
6.65	-0.736933
6.655	-0.723684
6.66	-0.710299
6.665	-0.696784
6.67	-0.683143
6.675	-0.669382
6.68	-0.655504
6.685	-0.641515
6.69	-0.627419
6.695	-0.613219
6.7	-0.598921
6.705	-0.584529
6.71	-0.570048
6.715	-0.555483
6.72	-0.540838
6.725	-0.526119
6.73	-0.511329
6.735	-0.496475
6.74	-0.481559
6.745	-0.466587
6.75	-0.451563
6.755	-0.436492
6.76	-0.42138
6.765	-0.406229
6.77	-0.391046
6.775	-0.375833
6.78	-0.360597
6.785	-0.34534
6.79	-0.330067
6.795	-0.314783
6.8	-0.299492
6.805	-0.284199
6.81	-0.268909
6.815	-0.253625
6.82	-0.238353
6.825	-0.223096
6.83	-0.207858
6.835	-0.192644
6.84	-0.177459
6.845	-0.162305
6.85	-0.147188
6.855	-0.132112
6.86	-0.11708
6.865	-0.102097
6.87	-0.0871658
6.875	-0.0722911
6.88	-0.0574764
6.885	-0.0427253
6.89	-0.0280417
6.895	-0.0134295
6.9	0.00110737
6.905	0.0155649
6.91	0.0299395
6.915	0.0442273
6.92	0.0584248
6.925	0.0725286
6.93	0.086535
6.935	0.100441
6.94	0.114242
6.945	0.127936
6.95	0.141519
6.955	0.154988
6.96	0.16834
6.965	0.181572
6.97	0.194681
6.975	0.207663
6.98	0.220515
6.985	0.233236
6.99	0.245821
6.995	0.258268
7	0.270574
7.005	0.282736
7.01	0.294752
7.015	0.306619
7.02	0.318335
7.025	0.329897
7.03	0.341303
7.035	0.352551
7.04	0.363638
7.045	0.374563
7.05	0.385321
7.055	0.395913
7.06	0.406334
7.065	0.416583
7.07	0.426658
7.075	0.436557
7.08	0.446279
7.085	0.455821
7.09	0.465182
7.095	0.474361
7.1	0.483355
7.105	0.492164
7.11	0.500786
7.115	0.50922
7.12	0.517464
7.125	0.525517
7.13	0.533377
7.135	0.541044
7.14	0.548516
7.145	0.555792
7.15	0.562872
7.155	0.569754
7.16	0.576438
7.165	0.582921
7.17	0.589205
7.175	0.595288
7.18	0.60117
7.185	0.606849
7.19	0.612327
7.195	0.617601
7.2	0.622673
7.205	0.627541
7.21	0.632205
7.215	0.636664
7.22	0.640919
7.225	0.644969
7.23	0.648814
7.235	0.652455
7.24	0.655892
7.245	0.659125
7.25	0.662153
7.255	0.664978
7.26	0.667598
7.265	0.670015
7.27	0.672229
7.275	0.674241
7.28	0.676051
7.285	0.67766
7.29	0.679068
7.295	0.680277
7.3	0.681287
7.305	0.682098
7.31	0.682711
7.315	0.683127
7.32	0.683346
7.325	0.683371
7.33	0.683201
7.335	0.682839
7.34	0.682285
7.345	0.681539
7.35	0.680604
7.355	0.67948
7.36	0.67817
7.365	0.676673
7.37	0.674993
7.375	0.673129
7.38	0.671085
7.385	0.668861
7.39	0.666459
7.395	0.66388
7.4	0.661126
7.405	0.658198
7.41	0.6551
7.415	0.651831
7.42	0.648395
7.425	0.644793
7.43	0.641026
7.435	0.637097
7.44	0.633007
7.445	0.628759
7.45	0.624355
7.455	0.619796
7.46	0.615086
7.465	0.610225
7.47	0.605217
7.475	0.600063
7.48	0.594765
7.485	0.589325
7.49	0.583747
7.495	0.578032
7.5	0.572183
7.505	0.566203
7.51	0.560093
7.515	0.553856
7.52	0.547494
7.525	0.54101
7.53	0.534406
7.535	0.527684
7.54	0.520849
7.545	0.513901
7.55	0.506845
7.555	0.499681
7.56	0.492413
7.565	0.485044
7.57	0.477575
7.575	0.47001
7.58	0.462351
7.585	0.454601
7.59	0.446763
7.595	0.438839
7.6	0.430833
7.605	0.422746
7.61	0.414582
7.615	0.406343
7.62	0.398031
7.625	0.38965
7.63	0.381203
7.635	0.372692
7.64	0.364121
7.645	0.355491
7.65	0.346805
7.655	0.338067
7.66	0.329278
7.665	0.320443
7.67	0.311563
7.675	0.302642
7.68	0.293682
7.685	0.284687
7.69	0.275659
7.695	0.2666
7.7	0.257513
7.705	0.248401
7.71	0.239266
7.715	0.230112
7.72	0.220941
7.725	0.211755
7.73	0.202559
7.735	0.193354
7.74	0.184143
7.745	0.174928
7.75	0.165713
7.755	0.156499
7.76	0.14729
7.765	0.138087
7.77	0.128894
7.775	0.119714
7.78	0.110548
7.785	0.1014
7.79	0.0922718
7.795	0.0831658
7.8	0.0740847
7.805	0.0650309
7.81	0.0560072
7.815	0.047016
7.82	0.0380599
7.825	0.0291412
7.83	0.0202623
7.835	0.0114252
7.84	0.00263197
7.845	-0.00611525
7.85	-0.0148143
7.855	-0.0234629
7.86	-0.0320587
7.865	-0.0405991
7.87	-0.0490819
7.875	-0.0575048
7.88	-0.0658659
7.885	-0.0741633
7.89	-0.0823949
7.895	-0.0905589
7.9	-0.0986531
7.905	-0.106675
7.91	-0.114624
7.915	-0.122496
7.92	-0.130291
7.925	-0.138007
7.93	-0.145642
7.935	-0.153194
7.94	-0.160661
7.945	-0.168043
7.95	-0.175336
7.955	-0.18254
7.96	-0.189652
7.965	-0.196671
7.97	-0.203596
7.975	-0.210425
7.98	-0.217157
7.985	-0.22379
7.99	-0.230323
7.995	-0.236755
8	-0.243083
8.005	-0.249308
8.01	-0.255428
8.015	-0.261441
8.02	-0.267347
8.025	-0.273144
8.03	-0.278832
8.035	-0.28441
8.04	-0.289875
8.045	-0.295228
8.05	-0.300467
8.055	-0.305591
8.06	-0.310599
8.065	-0.315491
8.07	-0.320266
8.075	-0.324923
8.08	-0.329461
8.085	-0.333879
8.09	-0.338178
8.095	-0.342356
8.1	-0.346413
8.105	-0.350349
8.11	-0.354164
8.115	-0.357856
8.12	-0.361427
8.125	-0.364874
8.13	-0.368198
8.135	-0.371397
8.14	-0.374473
8.145	-0.377424
8.15	-0.380251
8.155	-0.382953
8.16	-0.38553
8.165	-0.387983
8.17	-0.390311
8.175	-0.392515
8.18	-0.394594
8.185	-0.396549
8.19	-0.398379
8.195	-0.400085
8.2	-0.401668
8.205	-0.403127
8.21	-0.404462
8.215	-0.405674
8.22	-0.406763
8.225	-0.407729
8.23	-0.408572
8.235	-0.409293
8.24	-0.409892
8.245	-0.41037
8.25	-0.410727
8.255	-0.410965
8.26	-0.411084
8.265	-0.411085
8.27	-0.410969
8.275	-0.410735
8.28	-0.410385
8.285	-0.409919
8.29	-0.409338
8.295	-0.408643
8.3	-0.407834
8.305	-0.406913
8.31	-0.40588
8.315	-0.404736
8.32	-0.403481
8.325	-0.402117
8.33	-0.400645
8.335	-0.399065
8.34	-0.39738
8.345	-0.395589
8.35	-0.393695
8.355	-0.391699
8.36	-0.389601
8.365	-0.387404
8.37	-0.385107
8.375	-0.382712
8.38	-0.38022
8.385	-0.377633
8.39	-0.374951
8.395	-0.372176
8.4	-0.369309
8.405	-0.366352
8.41	-0.363305
8.415	-0.360171
8.42	-0.35695
8.425	-0.353644
8.43	-0.350254
8.435	-0.346782
8.44	-0.34323
8.445	-0.3396
8.45	-0.335892
8.455	-0.332108
8.46	-0.328249
8.465	-0.324316
8.47	-0.320312
8.475	-0.316237
8.48	-0.312093
8.485	-0.307882
8.49	-0.303606
8.495	-0.299265
8.5	-0.294861
8.505	-0.290397
8.51	-0.285873
8.515	-0.281292
8.52	-0.276655
8.525	-0.271964
8.53	-0.267221
8.535	-0.262428
8.54	-0.257585
8.545	-0.252696
8.55	-0.247759
8.555	-0.242779
8.56	-0.237755
8.565	-0.23269
8.57	-0.227585
8.575	-0.222443
8.58	-0.217264
8.585	-0.212051
8.59	-0.206805
8.595	-0.201527
8.6	-0.196221
8.605	-0.190886
8.61	-0.185526
8.615	-0.180142
8.62	-0.174736
8.625	-0.169308
8.63	-0.163862
8.635	-0.158397
8.64	-0.152916
8.645	-0.147421
8.65	-0.141912
8.655	-0.136393
8.66	-0.130864
8.665	-0.125327
8.67	-0.119783
8.675	-0.114235
8.68	-0.108684
8.685	-0.103132
8.69	-0.0975797
8.695	-0.0920295
8.7	-0.0864828
8.705	-0.0809411
8.71	-0.0754059
8.715	-0.0698787
8.72	-0.0643608
8.725	-0.0588537
8.73	-0.0533588
8.735	-0.0478775
8.74	-0.0424115
8.745	-0.0369624
8.75	-0.0315316
8.755	-0.0261206
8.76	-0.0207308
8.765	-0.0153637
8.77	-0.0100206
8.775	-0.00470314
8.78	0.000587315
8.785	0.0058493
8.79	0.0110815
8.795	0.0162826
8.8	0.0214514
8.805	0.0265867
8.81	0.0316871
8.815	0.0367516
8.82	0.0417789
8.825	0.046768
8.83	0.0517175
8.835	0.0566264
8.84	0.0614931
8.845	0.0663165
8.85	0.0710953
8.855	0.0758285
8.86	0.0805151
8.865	0.085154
8.87	0.0897442
8.875	0.0942846
8.88	0.0987742
8.885	0.103212
8.89	0.107597
8.895	0.111928
8.9	0.116204
8.905	0.120424
8.91	0.124588
8.915	0.128694
8.92	0.132743
8.925	0.136732
8.93	0.140661
8.935	0.144529
8.94	0.148335
8.945	0.152079
8.95	0.155759
8.955	0.159376
8.96	0.162928
8.965	0.166416
8.97	0.169838
8.975	0.173194
8.98	0.176483
8.985	0.179704
8.99	0.182857
8.995	0.185941
9	0.188956
9.005	0.191901
9.01	0.194776
9.015	0.197581
9.02	0.200315
9.025	0.202977
9.03	0.205568
9.035	0.208086
9.04	0.210531
9.045	0.212904
9.05	0.215204
9.055	0.217431
9.06	0.219584
9.065	0.221663
9.07	0.223669
9.075	0.2256
9.08	0.227456
9.085	0.229238
9.09	0.230946
9.095	0.232579
9.1	0.234137
9.105	0.235621
9.11	0.23703
9.115	0.238363
9.12	0.239622
9.125	0.240807
9.13	0.241916
9.135	0.242952
9.14	0.243913
9.145	0.2448
9.15	0.245613
9.155	0.246352
9.16	0.247016
9.165	0.247607
9.17	0.248124
9.175	0.248568
9.18	0.248939
9.185	0.249237
9.19	0.249463
9.195	0.249617
9.2	0.249699
9.205	0.249709
9.21	0.249648
9.215	0.249517
9.22	0.249316
9.225	0.249045
9.23	0.248706
9.235	0.248298
9.24	0.247821
9.245	0.247277
9.25	0.246665
9.255	0.245986
9.26	0.24524
9.265	0.244429
9.27	0.243553
9.275	0.242613
9.28	0.241609
9.285	0.240542
9.29	0.239412
9.295	0.23822
9.3	0.236966
9.305	0.235652
9.31	0.234277
9.315	0.232844
9.32	0.231352
9.325	0.229802
9.33	0.228196
9.335	0.226533
9.34	0.224815
9.345	0.223042
9.35	0.221215
9.355	0.219335
9.36	0.217403
9.365	0.21542
9.37	0.213386
9.375	0.211302
9.38	0.20917
9.385	0.206989
9.39	0.204762
9.395	0.202487
9.4	0.200168
9.405	0.197804
9.41	0.195397
9.415	0.192947
9.42	0.190456
9.425	0.187924
9.43	0.185353
9.435	0.182743
9.44	0.180095
9.445	0.177409
9.45	0.174688
9.455	0.171931
9.46	0.169141
9.465	0.166317
9.47	0.163462
9.475	0.160575
9.48	0.157659
9.485	0.154713
9.49	0.151739
9.495	0.148739
9.5	0.145712
9.505	0.14266
9.51	0.139585
9.515	0.136487
9.52	0.133367
9.525	0.130226
9.53	0.127065
9.535	0.123885
9.54	0.120687
9.545	0.117472
9.55	0.11424
9.555	0.110994
9.56	0.107734
9.565	0.104461
9.57	0.101176
9.575	0.0978805
9.58	0.0945746
9.585	0.0912597
9.59	0.0879371
9.595	0.0846078
9.6	0.081273
9.605	0.0779336
9.61	0.0745904
9.615	0.0712443
9.62	0.067896
9.625	0.0645464
9.63	0.0611966
9.635	0.0578476
9.64	0.0545005
9.645	0.0511563
9.65	0.0478159
9.655	0.0444803
9.66	0.0411502
9.665	0.0378267
9.67	0.0345106
9.675	0.0312031
9.68	0.0279052
9.685	0.0246177
9.69	0.0213416
9.695	0.0180774
9.7	0.014826
9.705	0.011588
9.71	0.00836421
9.715	0.00515546
9.72	0.00196272
9.725	-0.00121302
9.73	-0.00437081
9.735	-0.00750977
9.74	-0.0106291
9.745	-0.0137281
9.75	-0.016806
9.755	-0.0198621
9.76	-0.0228954
9.765	-0.0259052
9.77	-0.0288906
9.775	-0.0318508
9.78	-0.0347854
9.785	-0.0376938
9.79	-0.0405755
9.795	-0.0434302
9.8	-0.0462571
9.805	-0.0490555
9.81	-0.0518244
9.815	-0.054563
9.82	-0.0572706
9.825	-0.0599465
9.83	-0.0625902
9.835	-0.0652012
9.84	-0.067779
9.845	-0.070323
9.85	-0.0728326
9.855	-0.0753073
9.86	-0.0777466
9.865	-0.0801499
9.87	-0.0825168
9.875	-0.0848469
9.88	-0.0871401
9.885	-0.0893958
9.89	-0.0916136
9.895	-0.0937931
9.9	-0.0959336
9.905	-0.0980345
9.91	-0.100095
9.915	-0.102115
9.92	-0.104095
9.925	-0.106033
9.93	-0.107929
9.935	-0.109785
9.94	-0.111598
9.945	-0.113369
9.95	-0.115098
9.955	-0.116785
9.96	-0.118429
9.965	-0.120029
9.97	-0.121587
9.975	-0.1231
9.98	-0.12457
9.985	-0.125996
9.99	-0.127378
9.995	-0.128716
10	-0.130009
10.005	-0.131257
10.01	-0.132459
10.015	-0.133617
10.02	-0.13473
10.025	-0.135797
10.03	-0.13682
10.035	-0.137797
10.04	-0.13873
10.045	-0.139618
10.05	-0.140461
10.055	-0.141258
10.06	-0.142011
10.065	-0.142719
10.07	-0.143381
10.075	-0.143999
10.08	-0.144571
10.085	-0.145099
10.09	-0.145581
10.095	-0.146019
10.1	-0.146411
10.105	-0.146759
10.11	-0.147063
10.115	-0.147322
10.12	-0.147538
10.125	-0.14771
10.13	-0.147839
10.135	-0.147925
10.14	-0.147967
10.145	-0.147967
10.15	-0.147924
10.155	-0.147838
10.16	-0.14771
10.165	-0.14754
10.17	-0.147328
10.175	-0.147074
10.18	-0.146779
10.185	-0.146442
10.19	-0.146065
10.195	-0.145648
10.2	-0.14519
10.205	-0.144694
10.21	-0.144159
10.215	-0.143586
10.22	-0.142974
10.225	-0.142325
10.23	-0.141637
10.235	-0.140913
10.24	-0.140151
10.245	-0.139353
10.25	-0.138518
10.255	-0.137648
10.26	-0.136743
10.265	-0.135803
10.27	-0.134828
10.275	-0.133819
10.28	-0.132777
10.285	-0.131702
10.29	-0.130595
10.295	-0.129457
10.3	-0.128287
10.305	-0.127087
10.31	-0.125857
10.315	-0.124597
10.32	-0.123307
10.325	-0.121988
10.33	-0.120641
10.335	-0.119266
10.34	-0.117864
10.345	-0.116436
10.35	-0.114981
10.355	-0.113501
10.36	-0.111995
10.365	-0.110465
10.37	-0.108911
10.375	-0.107334
10.38	-0.105734
10.385	-0.104112
10.39	-0.10247
10.395	-0.100806
10.4	-0.0991226
10.405	-0.097419
10.41	-0.0956959
10.415	-0.093954
10.42	-0.092194
10.425	-0.0904166
10.43	-0.0886224
10.435	-0.0868122
10.44	-0.0849864
10.445	-0.0831455
10.45	-0.08129
10.455	-0.0794206
10.46	-0.0775381
10.465	-0.0756433
10.47	-0.0737368
10.475	-0.0718193
10.48	-0.0698913
10.485	-0.0679532
10.49	-0.0660056
10.495	-0.0640489
10.5	-0.0620838
10.505	-0.0601109
10.51	-0.0581307
10.515	-0.0561439
10.52	-0.0541514
10.525	-0.0521535
10.53	-0.0501511
10.535	-0.0481446
10.54	-0.0461345
10.545	-0.0441215
10.55	-0.0421062
10.555	-0.0400893
10.56	-0.0380714
10.565	-0.036053
10.57	-0.0340348
10.575	-0.0320172
10.58	-0.0300008
10.585	-0.027986
10.59	-0.0259735
10.595	-0.0239637
10.6	-0.0219574
10.605	-0.0199549
10.61	-0.0179571
10.615	-0.0159643
10.62	-0.0139772
10.625	-0.0119963
10.63	-0.0100221
10.635	-0.00805518
10.64	-0.00609595
10.645	-0.00414499
10.65	-0.00220283
10.655	-0.00027001
10.66	0.00165295
10.665	0.00356558
10.67	0.00546741
10.675	0.00735801
10.68	0.00923695
10.685	0.0111038
10.69	0.0129581
10.695	0.0147993
10.7	0.016627
10.705	0.0184405
10.71	0.0202395
10.715	0.0220234
10.72	0.0237919
10.725	0.0255447
10.73	0.0272813
10.735	0.0290014
10.74	0.0307045
10.745	0.03239
10.75	0.0340577
10.755	0.035707
10.76	0.0373378
10.765	0.0389497
10.77	0.0405425
10.775	0.0421159
10.78	0.0436695
10.785	0.0452028
10.79	0.0467154
10.795	0.0482069
10.8	0.049677
10.805	0.0511253
10.81	0.0525518
10.815	0.0539563
10.82	0.0553385
10.825	0.0566982
10.83	0.0580348
10.835	0.0593481
10.84	0.0606376
10.845	0.0619032
10.85	0.0631446
10.855	0.0643619
10.86	0.0655551
10.865	0.0667238
10.87	0.067868
10.875	0.0689871
10.88	0.0700809
10.885	0.0711492
10.89	0.0721917
10.895	0.0732084
10.9	0.0741991
10.905	0.075164
10.91	0.0761029
10.915	0.0770156
10.92	0.0779019
10.925	0.0787615
10.93	0.0795943
10.935	0.0804002
10.94	0.0811793
10.945	0.0819316
10.95	0.0826572
10.955	0.083356
10.96	0.084028
10.965	0.084673
10.97	0.0852906
10.975	0.0858808
10.98	0.0864436
10.985	0.0869789
10.99	0.087487
10.995	0.087968
11	0.0884218
11.005	0.0888486
11.01	0.0892481
11.015	0.0896204
11.02	0.0899655
11.025	0.0902835
11.03	0.0905746
11.035	0.0908388
11.04	0.0910762
11.045	0.091287
11.05	0.091471
11.055	0.0916284
11.06	0.0917591
11.065	0.0918632
11.07	0.0919409
11.075	0.0919923
11.08	0.0920177
11.085	0.0920172
11.09	0.091991
11.095	0.0919392
11.1	0.0918619
11.105	0.0917592
11.11	0.0916313
11.115	0.0914783
11.12	0.0913006
11.125	0.0910984
11.13	0.0908717
11.135	0.0906208
11.14	0.0903458
11.145	0.0900468
11.15	0.089724
11.155	0.0893776
11.16	0.089008
11.165	0.0886155
11.17	0.0882002
11.175	0.0877626
11.18	0.0873027
11.185	0.086821
11.19	0.0863175
11.195	0.0857926
11.2	0.0852464
11.205	0.0846794
11.21	0.0840916
11.215	0.0834836
11.22	0.0828555
11.225	0.0822075
11.23	0.0815399
11.235	0.080853
11.24	0.080147
11.245	0.0794221
11.25	0.0786789
11.255	0.0779176
11.26	0.0771386
11.265	0.0763423
11.27	0.0755292
11.275	0.0746995
11.28	0.0738536
11.285	0.0729917
11.29	0.0721141
11.295	0.0712209
11.3	0.0703126
11.305	0.0693893
11.31	0.0684516
11.315	0.0674998
11.32	0.0665343
11.325	0.0655554
11.33	0.0645635
11.335	0.0635588
11.34	0.0625417
11.345	0.0615126
11.35	0.0604719
11.355	0.0594203
11.36	0.0583581
11.365	0.0572858
11.37	0.0562035
11.375	0.0551116
11.38	0.05401
11.385	0.0528992
11.39	0.0517794
11.395	0.0506511
11.4	0.0495147
11.405	0.0483707
11.41	0.0472196
11.415	0.0460618
11.42	0.0448974
11.425	0.0437269
11.43	0.0425506
11.435	0.0413689
11.44	0.0401823
11.445	0.0389914
11.45	0.0377965
11.455	0.036598
11.46	0.0353961
11.465	0.0341911
11.47	0.032983
11.475	0.0317721
11.48	0.0305587
11.485	0.0293434
11.49	0.0281265
11.495	0.0269087
11.5	0.0256904
11.505	0.0244719
11.51	0.0232535
11.515	0.0220354
11.52	0.020818
11.525	0.0196017
11.53	0.0183869
11.535	0.0171741
11.54	0.0159637
11.545	0.0147558
11.55	0.0135508
11.555	0.0123488
11.56	0.0111499
11.565	0.00995434
11.57	0.00876255
11.575	0.00757493
11.58	0.00639196
11.585	0.00521409
11.59	0.00404171
11.595	0.00287512
11.6	0.00171454
11.605	0.000560214
11.61	-0.00058758
11.615	-0.0017285
11.62	-0.00286217
11.625	-0.00398825
11.63	-0.0051065
11.635	-0.00621673
11.64	-0.00731883
11.645	-0.00841266
11.65	-0.00949804
11.655	-0.0105747
11.66	-0.0116423
11.665	-0.0127005
11.67	-0.0137489
11.675	-0.0147872
11.68	-0.015815
11.685	-0.0168322
11.69	-0.0178385
11.695	-0.0188336
11.7	-0.0198175
11.705	-0.0207899
11.71	-0.0217505
11.715	-0.0226991
11.72	-0.0236357
11.725	-0.02456
11.73	-0.025472
11.735	-0.0263717
11.74	-0.0272587
11.745	-0.028133
11.75	-0.0289943
11.755	-0.0298422
11.76	-0.0306765
11.765	-0.0314969
11.77	-0.0323032
11.775	-0.0330953
11.78	-0.033873
11.785	-0.0346363
11.79	-0.0353851
11.795	-0.0361193
11.8	-0.0368388
11.805	-0.0375434
11.81	-0.0382331
11.815	-0.0389078
11.82	-0.0395674
11.825	-0.0402119
11.83	-0.0408411
11.835	-0.041455
11.84	-0.0420534
11.845	-0.0426361
11.85	-0.0432029
11.855	-0.0437536
11.86	-0.0442882
11.865	-0.0448065
11.87	-0.0453086
11.875	-0.0457945
11.88	-0.0462643
11.885	-0.046718
11.89	-0.0471556
11.895	-0.0475772
11.9	-0.0479825
11.905	-0.0483715
11.91	-0.048744
11.915	-0.0491003
11.92	-0.0494402
11.925	-0.0497638
11.93	-0.0500711
11.935	-0.0503621
11.94	-0.0506367
11.945	-0.0508946
11.95	-0.0511359
11.955	-0.0513605
11.96	-0.0515685
11.965	-0.0517602
11.97	-0.0519356
11.975	-0.052095
11.98	-0.0522385
11.985	-0.0523661
11.99	-0.0524777
11.995	-0.0525733
12	-0.0526528
12.005	-0.0527163
12.01	-0.052764
12.015	-0.0527959
12.02	-0.0528122
12.025	-0.0528129
12.03	-0.052798
12.035	-0.0527675
12.04	-0.0527214
12.045	-0.0526597
12.05	-0.0525827
12.055	-0.0524907
12.06	-0.052384
12.065	-0.0522626
12.07	-0.0521267
12.075	-0.0519764
12.08	-0.0518118
12.085	-0.0516327
12.09	-0.0514392
12.095	-0.0512316
12.1	-0.0510098
12.105	-0.0507743
12.11	-0.0505251
12.115	-0.0502624
12.12	-0.0499862
12.125	-0.0496966
12.13	-0.0493938
12.135	-0.0490778
12.14	-0.0487489
12.145	-0.0484076
12.15	-0.0480542
12.155	-0.0476887
12.16	-0.0473113
12.165	-0.046922
12.17	-0.0465209
12.175	-0.0461081
12.18	-0.0456838
12.185	-0.0452482
12.19	-0.0448016
12.195	-0.0443441
12.2	-0.0438761
12.205	-0.0433976
12.21	-0.0429087
12.215	-0.0424096
12.22	-0.0419004
12.225	-0.0413814
12.23	-0.040853
12.235	-0.0403153
12.24	-0.0397688
12.245	-0.0392136
12.25	-0.03865
12.255	-0.0380779
12.26	-0.0374976
12.265	-0.0369092
12.27	-0.0363128
12.275	-0.0357086
12.28	-0.0350971
12.285	-0.0344783
12.29	-0.0338527
12.295	-0.0332203
12.3	-0.0325812
12.305	-0.0319358
12.31	-0.0312841
12.315	-0.0306265
12.32	-0.0299632
12.325	-0.0292947
12.33	-0.0286211
12.335	-0.0279426
12.34	-0.0272595
12.345	-0.0265719
12.35	-0.02588
12.355	-0.0251838
12.36	-0.0244836
12.365	-0.0237795
12.37	-0.023072
12.375	-0.0223611
12.38	-0.0216473
12.385	-0.0209307
12.39	-0.0202115
12.395	-0.01949
12.4	-0.0187663
12.405	-0.0180407
12.41	-0.0173135
12.415	-0.0165847
12.42	-0.0158548
12.425	-0.015124
12.43	-0.0143924
12.435	-0.0136603
12.44	-0.0129277
12.445	-0.012195
12.45	-0.0114621
12.455	-0.0107293
12.46	-0.00999684
12.465	-0.00926495
12.47	-0.00853389
12.475	-0.00780393
12.48	-0.00707529
12.485	-0.00634815
12.49	-0.00562268
12.495	-0.00489902
12.5	-0.00417733
12.505	-0.00345785
12.51	-0.00274084
12.515	-0.00202659
12.52	-0.00131533
12.525	-0.000607249
12.53	9.75805e-05
12.535	0.000799103
12.54	0.00149724
12.545	0.00219185
12.55	0.0028827
12.555	0.00356952
12.56	0.00425201
12.565	0.00492995
12.57	0.00560315
12.575	0.00627151
12.58	0.0069349
12.585	0.00759324
12.59	0.00824638
12.595	0.00889414
12.6	0.00953629
12.605	0.0101726
12.61	0.0108029
12.615	0.011427
12.62	0.0120448
12.625	0.0126564
12.63	0.0132618
12.635	0.0138607
12.64	0.0144531
12.645	0.0150387
12.65	0.0156172
12.655	0.0161885
12.66	0.0167522
12.665	0.0173085
12.67	0.0178573
12.675	0.0183984
12.68	0.018932
12.685	0.0194577
12.69	0.0199754
12.695	0.020485
12.7	0.0209863
12.705	0.0214793
12.71	0.021964
12.715	0.0224403
12.72	0.0229083
12.725	0.0233679
12.73	0.0238188
12.735	0.024261
12.74	0.0246941
12.745	0.0251182
12.75	0.025533
12.755	0.0259387
12.76	0.0263352
12.765	0.0267226
12.77	0.0271007
12.775	0.0274695
12.78	0.0278289
12.785	0.0281787
12.79	0.0285189
12.795	0.0288496
12.8	0.0291709
12.805	0.0294827
12.81	0.0297849
12.815	0.0300776
12.82	0.0303604
12.825	0.0306334
12.83	0.0308965
12.835	0.0311496
12.84	0.0313928
12.845	0.0316261
12.85	0.0318495
12.855	0.0320632
12.86	0.032267
12.865	0.032461
12.87	0.0326452
12.875	0.0328194
12.88	0.0329837
12.885	0.0331381
12.89	0.0332826
12.895	0.0334175
12.9	0.0335426
12.905	0.033658
12.91	0.0337635
12.915	0.0338591
12.92	0.0339449
12.925	0.0340207
12.93	0.0340868
12.935	0.0341431
12.94	0.0341897
12.945	0.0342268
12.95	0.0342545
12.955	0.0342727
12.96	0.0342815
12.965	0.0342811
12.97	0.0342712
12.975	0.0342521
12.98	0.0342237
12.985	0.0341862
12.99	0.0341395
12.995	0.0340838
13	0.034019
13.005	0.0339453
13.01	0.0338626
13.015	0.0337709
13.02	0.0336703
13.025	0.0335609
13.03	0.0334429
13.035	0.0333165
13.04	0.0331818
13.045	0.033039
13.05	0.0328882
13.055	0.0327294
13.06	0.0325625
13.065	0.0323877
13.07	0.0322048
13.075	0.032014
13.08	0.0318154
13.085	0.0316091
13.09	0.0313952
13.095	0.031174
13.1	0.0309454
13.105	0.0307095
13.11	0.0304665
13.115	0.0302165
13.12	0.0299597
13.125	0.0296962
13.13	0.0294264
13.135	0.0291502
13.14	0.0288677
13.145	0.0285791
13.15	0.0282842
13.155	0.0279831
13.16	0.0276758
13.165	0.0273625
13.17	0.0270434
13.175	0.0267186
13.18	0.0263884
13.185	0.0260528
13.19	0.025712
13.195	0.0253661
13.2	0.0250152
13.205	0.0246596
13.21	0.0242993
13.215	0.0239346
13.22	0.0235656
13.225	0.0231924
13.23	0.0228152
13.235	0.0224339
13.24	0.0220486
13.245	0.0216593
13.25	0.0212661
13.255	0.0208692
13.26	0.0204689
13.265	0.0200652
13.27	0.0196585
13.275	0.0192488
13.28	0.0188362
13.285	0.0184208
13.29	0.0180027
13.295	0.0175823
13.3	0.0171596
13.305	0.016735
13.31	0.0163085
13.315	0.0158803
13.32	0.0154503
13.325	0.0150184
13.33	0.0145849
13.335	0.0141496
13.34	0.013713
13.345	0.013275
13.35	0.0128359
13.355	0.012396
13.36	0.0119553
13.365	0.0115141
13.37	0.0110725
13.375	0.0106306
13.38	0.0101885
13.385	0.00974645
13.39	0.00930451
13.395	0.0088629
13.4	0.00842174
13.405	0.00798105
13.41	0.0075408
13.415	0.00710098
13.42	0.00666162
13.425	0.00622284
13.43	0.00578487
13.435	0.00534795
13.44	0.00491231
13.445	0.00447813
13.45	0.00404554
13.455	0.00361467
13.46	0.00318561
13.465	0.00275849
13.47	0.0023334
13.475	0.00191044
13.48	0.00148971
13.485	0.0010713
13.49	0.000655304
13.495	0.000241774
13.5	-0.000169259
13.505	-0.000577777
13.51	-0.000983743
13.515	-0.00138706
13.52	-0.00178755
13.525	-0.002185
13.53	-0.00257919
13.535	-0.00296996
13.54	-0.00335717
13.545	-0.00374078
13.55	-0.00412073
13.555	-0.00449696
13.56	-0.00486942
13.565	-0.00523802
13.57	-0.00560271
13.575	-0.00596341
13.58	-0.00632008
13.585	-0.00667267
13.59	-0.00702111
13.595	-0.00736536
13.6	-0.00770538
13.605	-0.00804109
13.61	-0.00837239
13.615	-0.00869915
13.62	-0.00902119
13.625	-0.00933835
13.63	-0.00965048
13.635	-0.00995753
13.64	-0.0102595
13.645	-0.0105564
13.65	-0.0108483
13.655	-0.0111352
13.66	-0.011417
13.665	-0.0116937
13.67	-0.0119653
13.675	-0.0122315
13.68	-0.0124925
13.685	-0.0127481
13.69	-0.0129984
13.695	-0.0132434
13.7	-0.0134829
13.705	-0.0137169
13.71	-0.0139451
13.715	-0.0141676
13.72	-0.0143842
13.725	-0.0145949
13.73	-0.0147997
13.735	-0.0149987
13.74	-0.015192
13.745	-0.0153797
13.75	-0.0155616
13.755	-0.0157377
13.76	-0.015908
13.765	-0.0160725
13.77	-0.0162311
13.775	-0.0163838
13.78	-0.0165306
13.785	-0.0166717
13.79	-0.0168068
13.795	-0.0169361
13.8	-0.0170593
13.805	-0.0171763
13.81	-0.0172871
13.815	-0.0173918
13.82	-0.0174905
13.825	-0.0175832
13.83	-0.0176702
13.835	-0.0177514
13.84	-0.0178267
13.845	-0.0178962
13.85	-0.0179598
13.855	-0.0180174
13.86	-0.0180691
13.865	-0.0181151
13.87	-0.0181553
13.875	-0.0181897
13.88	-0.0182183
13.885	-0.0182412
13.89	-0.0182581
13.895	-0.0182691
13.9	-0.0182742
13.905	-0.0182735
13.91	-0.0182671
13.915	-0.0182552
13.92	-0.0182379
13.925	-0.0182154
13.93	-0.0181875
13.935	-0.0181541
13.94	-0.0181152
13.945	-0.0180709
13.95	-0.0180211
13.955	-0.0179661
13.96	-0.0179059
13.965	-0.0178406
13.97	-0.0177701
13.975	-0.0176944
13.98	-0.0176135
13.985	-0.0175275
13.99	-0.0174363
13.995	-0.0173402
14	-0.0172392
14.005	-0.0171334
14.01	-0.0170231
14.015	-0.0169082
14.02	-0.0167889
14.025	-0.0166649
14.03	-0.0165365
14.035	-0.0164034
14.04	-0.0162659
14.045	-0.016124
14.05	-0.015978
14.055	-0.0158279
14.06	-0.0156737
14.065	-0.0155153
14.07	-0.0153529
14.075	-0.0151864
14.08	-0.0150159
14.085	-0.0148416
14.09	-0.0146636
14.095	-0.014482
14.1	-0.0142969
14.105	-0.0141083
14.11	-0.0139165
14.115	-0.0137213
14.12	-0.0135228
14.125	-0.0133211
14.13	-0.0131162
14.135	-0.0129082
14.14	-0.0126972
14.145	-0.0124833
14.15	-0.0122665
14.155	-0.012047
14.16	-0.0118247
14.165	-0.0115997
14.17	-0.0113721
14.175	-0.011142
14.18	-0.0109096
14.185	-0.010675
14.19	-0.0104384
14.195	-0.0101997
14.2	-0.00995913
14.205	-0.0097166
14.21	-0.00947218
14.215	-0.00922589
14.22	-0.0089778
14.225	-0.00872798
14.23	-0.00847651
14.235	-0.00822352
14.24	-0.0079691
14.245	-0.00771334
14.25	-0.00745632
14.255	-0.00719809
14.26	-0.00693874
14.265	-0.00667837
14.27	-0.00641709
14.275	-0.00615505
14.28	-0.00589238
14.285	-0.00562916
14.29	-0.00536544
14.295	-0.00510122
14.3	-0.00483651
14.305	-0.00457132
14.31	-0.00430571
14.315	-0.00403977
14.32	-0.00377365
14.325	-0.00350747
14.33	-0.00324134
14.335	-0.00297534
14.34	-0.00270952
14.345	-0.00244392
14.35	-0.0021786
14.355	-0.00191366
14.36	-0.00164919
14.365	-0.00138531
14.37	-0.00112215
14.375	-0.000859777
14.38	-0.000598251
14.385	-0.000337578
14.39	-7.77463e-05
14.395	0.000181249
14.4	0.000439377
14.405	0.00069655
14.41	0.000952627
14.415	0.00120745
14.42	0.00146087
14.425	0.00171282
14.43	0.00196327
14.435	0.00221223
14.44	0.00245969
14.445	0.00270557
14.45	0.00294975
14.455	0.00319208
14.46	0.00343245
14.465	0.00367082
14.47	0.00390719
14.475	0.00414163
14.48	0.00437417
14.485	0.00460481
14.49	0.00483348
14.495	0.00506007
14.5	0.00528443
14.505	0.00550646
14.51	0.00572604
14.515	0.00594312
14.52	0.00615766
14.525	0.00636966
14.53	0.0065791
14.535	0.00678595
14.54	0.00699014
14.545	0.00719157
14.55	0.00739017
14.555	0.0075859
14.56	0.00777878
14.565	0.00796888
14.57	0.00815625
14.575	0.00834091
14.58	0.00852279
14.585	0.00870174
14.59	0.00887762
14.595	0.00905031
14.6	0.00921972
14.605	0.00938585
14.61	0.00954872
14.615	0.00970835
14.62	0.00986474
14.625	0.0100179
14.63	0.0101678
14.635	0.0103144
14.64	0.0104577
14.645	0.0105976
14.65	0.0107342
14.655	0.0108675
14.66	0.0109975
14.665	0.0111242
14.67	0.0112475
14.675	0.0113674
14.68	0.0114837
14.685	0.0115963
14.69	0.0117053
14.695	0.0118105
14.7	0.0119121
14.705	0.0120102
14.71	0.0121047
14.715	0.0121957
14.72	0.0122832
14.725	0.0123672
14.73	0.0124477
14.735	0.0125246
14.74	0.012598
14.745	0.0126679
14.75	0.0127343
14.755	0.012797
14.76	0.0128562
14.765	0.0129118
14.77	0.0129637
14.775	0.0130119
14.78	0.0130565
14.785	0.0130973
14.79	0.0131345
14.795	0.013168
14.8	0.0131981
14.805	0.0132248
14.81	0.013248
14.815	0.0132679
14.82	0.0132842
14.825	0.0132972
14.83	0.0133066
14.835	0.0133127
14.84	0.0133153
14.845	0.0133145
14.85	0.0133103
14.855	0.0133027
14.86	0.0132916
14.865	0.013277
14.87	0.013259
14.875	0.0132376
14.88	0.0132128
14.885	0.0131848
14.89	0.0131537
14.895	0.0131195
14.9	0.0130824
14.905	0.0130423
14.91	0.0129992
14.915	0.012953
14.92	0.0129036
14.925	0.0128512
14.93	0.0127957
14.935	0.0127373
14.94	0.0126758
14.945	0.0126114
14.95	0.012544
14.955	0.0124737
14.96	0.0124004
14.965	0.0123243
14.97	0.0122455
14.975	0.012164
14.98	0.0120801
14.985	0.0119938
14.99	0.0119052
14.995	0.0118142
15	0.0117207
15.005	0.0116248
15.01	0.0115262
15.015	0.0114251
15.02	0.0113215
15.025	0.0112156
15.03	0.0111075
15.035	0.0109971
15.04	0.0108846
15.045	0.0107699
15.05	0.010653
15.055	0.0105341
15.06	0.0104132
15.065	0.0102906
15.07	0.0101662
15.075	0.0100401
15.08	0.0099124
15.085	0.00978302
15.09	0.0096519
15.095	0.00951897
15.1	0.00938424
15.105	0.00924777
15.11	0.00910967
15.115	0.00897006
15.12	0.00882905
15.125	0.00868667
15.13	0.00854297
15.135	0.00839796
15.14	0.0082517
15.145	0.00810428
15.15	0.00795581
15.155	0.00780638
15.16	0.00765606
15.165	0.00750489
15.17	0.00735287
15.175	0.00719997
15.18	0.00704617
15.185	0.00689144
15.19	0.00673577
15.195	0.00657921
15.2	0.00642187
15.205	0.00626388
15.21	0.00610536
15.215	0.00594638
15.22	0.00578699
15.225	0.00562719
15.23	0.00546703
15.235	0.00530658
15.24	0.00514595
15.245	0.00498524
15.25	0.00482452
15.255	0.00466379
15.26	0.004503
15.265	0.00434213
15.27	0.00418114
15.275	0.00402006
15.28	0.00385892
15.285	0.0036978
15.29	0.00353677
15.295	0.00337595
15.3	0.00321544
15.305	0.00305533
15.31	0.00289569
15.315	0.00273654
15.32	0.0025779
15.325	0.00241979
15.33	0.00226227
15.335	0.00210539
15.34	0.00194921
15.345	0.00179375
15.35	0.00163899
15.355	0.0014849
15.36	0.00133149
15.365	0.00117876
15.37	0.00102676
15.375	0.000875554
15.38	0.000725225
15.385	0.000575867
15.39	0.000427581
15.395	0.000280458
15.4	0.00013456
15.405	-1.00935e-05
15.41	-0.000153513
15.415	-0.000295714
15.42	-0.000436691
15.425	-0.000576404
15.43	-0.000714803
15.435	-0.000851847
15.44	-0.000987533
15.445	-0.00112188
15.45	-0.00125492
15.455	-0.00138665
15.46	-0.00151703
15.465	-0.00164599
15.47	-0.00177346
15.475	-0.00189933
15.48	-0.00202354
15.485	-0.00214602
15.49	-0.00226672
15.495	-0.00238563
15.5	-0.00250276
15.505	-0.00261817
15.51	-0.00273186
15.515	-0.00284383
15.52	-0.00295402
15.525	-0.0030624
15.53	-0.00316893
15.535	-0.00327362
15.54	-0.00337651
15.545	-0.00347761
15.55	-0.00357694
15.555	-0.00367443
15.56	-0.00377002
15.565	-0.0038636
15.57	-0.0039551
15.575	-0.00404447
15.58	-0.0041317
15.585	-0.00421679
15.59	-0.0042998
15.595	-0.00438078
15.6	-0.00445978
15.605	-0.00453679
15.61	-0.00461178
15.615	-0.00468467
15.62	-0.00475544
15.625	-0.00482407
15.63	-0.00489063
15.635	-0.00495517
15.64	-0.00501772
15.645	-0.00507824
15.65	-0.00513662
15.655	-0.00519276
15.66	-0.0052466
15.665	-0.00529811
15.67	-0.00534734
15.675	-0.00539434
15.68	-0.00543916
15.685	-0.00548185
15.69	-0.00552242
15.695	-0.0055609
15.7	-0.00559728
15.705	-0.00563155
15.71	-0.00566368
15.715	-0.00569367
15.72	-0.00572153
15.725	-0.0057473
15.73	-0.00577101
15.735	-0.00579264
15.74	-0.00581215
15.745	-0.00582944
15.75	-0.00584446
15.755	-0.00585719
15.76	-0.00586769
15.765	-0.00587604
15.77	-0.00588234
15.775	-0.00588663
15.78	-0.00588892
15.785	-0.00588919
15.79	-0.00588745
15.795	-0.00588369
15.8	-0.00587794
15.805	-0.0058702
15.81	-0.00586051
15.815	-0.00584888
15.82	-0.00583531
15.825	-0.0058198
15.83	-0.00580233
15.835	-0.00578285
15.84	-0.00576133
15.845	-0.00573778
15.85	-0.00571225
15.855	-0.00568484
15.86	-0.00565565
15.865	-0.00562473
15.87	-0.0055921
15.875	-0.00555775
15.88	-0.00552167
15.885	-0.00548385
15.89	-0.00544433
15.895	-0.00540315
15.9	-0.00536032
15.905	-0.00531585
15.91	-0.00526973
15.915	-0.00522195
15.92	-0.0051725
15.925	-0.0051214
15.93	-0.00506866
15.935	-0.0050143
15.94	-0.00495836
15.945	-0.00490091
15.95	-0.00484204
15.955	-0.00478185
15.96	-0.00472039
15.965	-0.00465769
15.97	-0.00459372
15.975	-0.00452846
15.98	-0.00446188
15.985	-0.004394
15.99	-0.00432484
15.995	-0.00425443
16	-0.00418279
16.005	-0.00410994
16.01	-0.00403591
16.015	-0.0039607
16.02	-0.00388434
16.025	-0.00380686
16.03	-0.00372832
16.035	-0.00364878
16.04	-0.00356832
16.045	-0.00348702
16.05	-0.00340493
16.055	-0.00332206
16.06	-0.0032384
16.065	-0.00315392
16.07	-0.00306859
16.075	-0.00298243
16.08	-0.00289544
16.085	-0.00280768
16.09	-0.0027192
16.095	-0.00263002
16.1	-0.0025402
16.105	-0.00244978
16.11	-0.00235877
16.115	-0.00226722
16.12	-0.00217515
16.125	-0.0020826
16.13	-0.00198964
16.135	-0.00189635
16.14	-0.00180279
16.145	-0.00170899
16.15	-0.00161491
16.155	-0.00152052
16.16	-0.00142575
16.165	-0.00133061
16.17	-0.00123514
16.175	-0.00113939
16.18	-0.00104347
16.185	-0.000947406
16.19	-0.000851245
16.195	-0.000755002
16.2	-0.0006587
16.205	-0.000562374
16.21	-0.000466073
16.215	-0.000369857
16.22	-0.000273785
16.225	-0.000177912
16.23	-8.22721e-05
16.235	1.31369e-05
16.24	0.000108355
16.245	0.000203445
16.25	0.000298458
16.255	0.000393396
16.26	0.0004882
16.265	0.000582767
16.27	0.000676993
16.275	0.000770806
16.28	0.000864181
16.285	0.000957119
16.29	0.00104962
16.295	0.00114164
16.3	0.00123315
16.305	0.00132409
16.31	0.00141444
16.315	0.00150419
16.32	0.00159334
16.325	0.00168192
16.33	0.00176992
16.335	0.00185737
16.34	0.00194429
16.345	0.00203067
16.35	0.00211646
16.355	0.00220157
16.36	0.00228591
16.365	0.00236936
16.37	0.0024519
16.375	0.00253354
16.38	0.00261433
16.385	0.00269429
16.39	0.0027734
16.395	0.00285161
16.4	0.00292887
16.405	0.00300517
16.41	0.00308053
16.415	0.00315501
16.42	0.00322864
16.425	0.00330141
16.43	0.0033733
16.435	0.00344426
16.44	0.00351422
16.445	0.00358314
16.45	0.00365095
16.455	0.00371761
16.46	0.00378308
16.465	0.00384735
16.47	0.00391046
16.475	0.00397242
16.48	0.00403327
16.485	0.00409298
16.49	0.00415155
16.495	0.00420895
16.5	0.0042652
16.505	0.00432032
16.51	0.00437435
16.515	0.0044273
16.52	0.00447914
16.525	0.00452982
16.53	0.00457926
16.535	0.00462741
16.54	0.00467422
16.545	0.00471966
16.55	0.00476373
16.555	0.00480644
16.56	0.00484781
16.565	0.00488791
16.57	0.00492678
16.575	0.00496446
16.58	0.00500094
16.585	0.0050362
16.59	0.00507021
16.595	0.00510296
16.6	0.00513445
16.605	0.0051647
16.61	0.00519371
16.615	0.00522144
16.62	0.00524783
16.625	0.00527283
16.63	0.00529639
16.635	0.00531851
16.64	0.0053392
16.645	0.00535853
16.65	0.00537653
16.655	0.00539327
16.66	0.0054088
16.665	0.00542314
16.67	0.00543632
16.675	0.0054483
16.68	0.00545906
16.685	0.00546854
16.69	0.00547673
16.695	0.00548363
16.7	0.00548925
16.705	0.0054936
16.71	0.00549666
16.715	0.0054984
16.72	0.0054988
16.725	0.00549783
16.73	0.00549552
16.735	0.00549192
16.74	0.0054871
16.745	0.00548115
16.75	0.00547412
16.755	0.00546603
16.76	0.00545688
16.765	0.00544664
16.77	0.00543525
16.775	0.00542267
16.78	0.00540889
16.785	0.00539392
16.79	0.00537777
16.795	0.00536049
16.8	0.00534206
16.805	0.00532246
16.81	0.00530169
16.815	0.00527973
16.82	0.00525663
16.825	0.00523247
16.83	0.00520735
16.835	0.00518134
16.84	0.00515448
16.845	0.00512676
16.85	0.00509814
16.855	0.00506858
16.86	0.00503803
16.865	0.00500647
16.87	0.00497389
16.875	0.00494032
16.88	0.00490578
16.885	0.00487031
16.89	0.00483392
16.895	0.00479664
16.9	0.00475847
16.905	0.00471941
16.91	0.0046795
16.915	0.0046388
16.92	0.00459738
16.925	0.00455534
16.93	0.00451272
16.935	0.00446951
16.94	0.00442566
16.945	0.00438109
16.95	0.00433577
16.955	0.00428966
16.96	0.0042428
16.965	0.00419522
16.97	0.00414698
16.975	0.00409812
16.98	0.00404866
16.985	0.00399862
16.99	0.00394799
16.995	0.00389681
17	0.00384511
17.005	0.00379293
17.01	0.00374035
17.015	0.00368742
17.02	0.00363418
17.025	0.00358063
17.03	0.00352671
17.035	0.00347238
17.04	0.00341758
17.045	0.0033623
17.05	0.00330656
17.055	0.00325042
17.06	0.00319391
17.065	0.0031371
17.07	0.00308
17.075	0.00302265
17.08	0.00296508
17.085	0.00290733
17.09	0.00284943
17.095	0.00279142
17.1	0.00273332
17.105	0.00267515
17.11	0.00261693
17.115	0.00255867
17.12	0.00250033
17.125	0.00244187
17.13	0.00238325
17.135	0.00232444
17.14	0.00226547
17.145	0.00220639
17.15	0.00214727
17.155	0.00208819
17.16	0.00202918
17.165	0.00197027
17.17	0.00191148
17.175	0.00185281
17.18	0.0017943
17.185	0.00173597
17.19	0.00167784
17.195	0.00161992
17.2	0.00156222
17.205	0.00150472
17.21	0.00144741
17.215	0.00139027
17.22	0.00133326
17.225	0.00127637
17.23	0.00121964
17.235	0.00116309
17.24	0.00110681
17.245	0.00105086
17.25	0.000995284
17.255	0.000940104
17.26	0.000885324
17.265	0.000830945
17.27	0.000776969
17.275	0.000723411
17.28	0.000670286
17.285	0.000617604
17.29	0.00056537
17.295	0.000513582
17.3	0.000462228
17.305	0.00041129
17.31	0.000360743
17.315	0.00031057
17.32	0.000260777
17.325	0.000211403
17.33	0.000162519
17.335	0.000114207
17.34	6.65318e-05
17.345	1.95199e-05
17.35	-2.68401e-05
17.355	-7.25794e-05
17.36	-0.000117723
17.365	-0.000162275
17.37	-0.000206216
17.375	-0.000249524
17.38	-0.000292189
17.385	-0.000334225
17.39	-0.000375661
17.395	-0.00041653
17.4	-0.000456855
17.405	-0.000496635
17.41	-0.000535842
17.415	-0.000574425
17.42	-0.000612317
17.425	-0.000649453
17.43	-0.00068579
17.435	-0.000721313
17.44	-0.000756038
17.445	-0.00079
17.45	-0.000823226
17.455	-0.00085573
17.46	-0.00088751
17.465	-0.000918553
17.47	-0.000948859
17.475	-0.00097844
17.48	-0.00100732
17.485	-0.00103553
17.49	-0.00106307
17.495	-0.00108994
17.5	-0.00111612
17.505	-0.00114154
17.51	-0.00116615
17.515	-0.0011899
17.52	-0.00121276
17.525	-0.00123472
17.53	-0.00125582
17.535	-0.00127611
17.54	-0.00129564
17.545	-0.00131444
17.55	-0.00133249
17.555	-0.00134978
17.56	-0.00136629
17.565	-0.00138202
17.57	-0.001397
17.575	-0.00141127
17.58	-0.00142484
17.585	-0.00143771
17.59	-0.00144981
17.595	-0.00146111
17.6	-0.00147154
17.605	-0.00148109
17.61	-0.00148974
17.615	-0.00149753
17.62	-0.00150448
17.625	-0.00151064
17.63	-0.00151605
17.635	-0.00152075
17.64	-0.00152475
17.645	-0.00152803
17.65	-0.0015306
17.655	-0.00153243
17.66	-0.00153354
17.665	-0.00153394
17.67	-0.00153366
17.675	-0.00153268
17.68	-0.00153098
17.685	-0.00152851
17.69	-0.00152524
17.695	-0.00152114
17.7	-0.00151623
17.705	-0.00151052
17.71	-0.00150406
17.715	-0.00149689
17.72	-0.00148906
17.725	-0.00148059
17.73	-0.00147153
17.735	-0.00146188
17.74	-0.00145162
17.745	-0.00144074
17.75	-0.00142921
17.755	-0.00141704
17.76	-0.00140423
17.765	-0.0013908
17.77	-0.00137674
17.775	-0.00136201
17.78	-0.00134659
17.785	-0.00133045
17.79	-0.00131362
17.795	-0.00129615
17.8	-0.00127809
17.805	-0.00125951
17.81	-0.00124043
17.815	-0.00122089
17.82	-0.00120089
17.825	-0.00118044
17.83	-0.00115951
17.835	-0.0011381
17.84	-0.00111617
17.845	-0.0010937
17.85	-0.00107069
17.855	-0.00104713
17.86	-0.00102305
17.865	-0.000998466
17.87	-0.00097338
17.875	-0.000947794
17.88	-0.000921717
17.885	-0.000895182
17.89	-0.000868244
17.895	-0.000840966
17.9	-0.000813399
17.905	-0.000785567
17.91	-0.000757465
17.915	-0.000729063
17.92	-0.00070032
17.925	-0.000671203
17.93	-0.00064169
17.935	-0.00061178
17.94	-0.000581492
17.945	-0.000550854
17.95	-0.000519898
17.955	-0.000488648
17.96	-0.000457111
17.965	-0.000425289
17.97	-0.00039319
17.975	-0.000360842
17.98	-0.000328289
17.985	-0.000295588
17.99	-0.00026278
17.995	-0.000229883
18	-0.00019688
18.005	-0.000163734
18.01	-0.000130404
18.015	-9.68596e-05
18.02	-6.30901e-05
18.025	-2.91038e-05
18.03	5.07503e-06
18.035	3.94118e-05
18.04	7.38695e-05
18.045	0.000108416
18.05	0.000143029
18.055	0.000177696
18.06	0.000212408
18.065	0.000247146
18.07	0.000281881
18.075	0.000316574
18.08	0.000351193
18.085	0.000385731
18.09	0.000420211
18.095	0.000454679
18.1	0.000489183
18.105	0.000523759
18.11	0.000558409
18.115	0.000593113
18.12	0.000627828
18.125	0.000662501
18.13	0.000697085
18.135	0.000731538
18.14	0.000765837
18.145	0.000799972
18.15	0.000833942
18.155	0.000867745
18.16	0.000901367
18.165	0.000934785
18.17	0.00096798
18.175	0.00100095
18.18	0.00103374
18.185	0.0010664
18.19	0.00109898
18.195	0.0011315
18.2	0.00116394
18.205	0.00119623
18.21	0.00122831
18.215	0.00126012
18.22	0.00129164
18.225	0.00132286
18.23	0.00135376
18.235	0.00138434
18.24	0.00141458
18.245	0.00144449
18.25	0.00147409
18.255	0.0015034
18.26	0.00153244
18.265	0.00156119
18.27	0.00158966
18.275	0.00161784
18.28	0.00164577
18.285	0.00167347
18.29	0.00170093
18.295	0.00172813
18.3	0.00175498
18.305	0.0017814
18.31	0.00180736
18.315	0.00183283
18.32	0.00185785
18.325	0.00188244
18.33	0.00190662
18.335	0.00193041
18.34	0.00195379
18.345	0.00197678
18.35	0.00199942
18.355	0.00202172
18.36	0.00204368
18.365	0.0020653
18.37	0.00208655
18.375	0.00210742
18.38	0.0021279
18.385	0.00214799
18.39	0.00216764
18.395	0.0021868
18.4	0.00220541
18.405	0.00222346
18.41	0.00224094
18.415	0.00225791
18.42	0.00227443
18.425	0.00229053
18.43	0.00230622
18.435	0.0023215
18.44	0.00233637
18.445	0.00235083
18.45	0.00236491
18.455	0.0023786
18.46	0.00239186
18.465	0.00240468
18.47	0.002417
18.475	0.00242882
18.48	0.00244013
18.485	0.00245091
18.49	0.00246113
18.495	0.00247078
18.5	0.00247986
18.505	0.0024884
18.51	0.00249647
18.515	0.00250416
18.52	0.00251149
18.525	0.00251846
18.53	0.00252502
18.535	0.00253113
18.54	0.00253678
18.545	0.00254198
18.55	0.00254673
18.555	0.00255104
18.56	0.00255486
18.565	0.00255817
18.57	0.00256092
18.575	0.0025631
18.58	0.00256473
18.585	0.00256584
18.59	0.00256644
18.595	0.00256659
18.6	0.00256633
18.605	0.00256571
18.61	0.00256475
18.615	0.00256346
18.62	0.00256181
18.625	0.00255976
18.63	0.00255726
18.635	0.00255429
18.64	0.00255085
18.645	0.00254696
18.65	0.00254262
18.655	0.00253783
18.66	0.00253256
18.665	0.0025268
18.67	0.00252055
18.675	0.00251384
18.68	0.0025067
18.685	0.00249919
18.69	0.00249135
18.695	0.00248322
18.7	0.00247481
18.705	0.00246612
18.71	0.00245711
18.715	0.00244774
18.72	0.00243797
18.725	0.00242778
18.73	0.00241718
18.735	0.00240618
18.74	0.0023948
18.745	0.00238304
18.75	0.0023709
18.755	0.00235837
18.76	0.00234546
18.765	0.00233221
18.77	0.00231866
18.775	0.00230484
18.78	0.00229079
18.785	0.00227652
18.79	0.00226206
18.795	0.00224738
18.8	0.00223245
18.805	0.00221724
18.81	0.00220172
18.815	0.00218588
18.82	0.0021697
18.825	0.00215321
18.83	0.00213642
18.835	0.00211935
18.84	0.00210199
18.845	0.00208436
18.85	0.00206649
18.855	0.00204841
18.86	0.00203016
18.865	0.00201178
18.87	0.00199328
18.875	0.00197466
18.88	0.00195593
18.885	0.00193708
18.89	0.00191808
18.895	0.0018989
18.9	0.0018795
18.905	0.00185986
18.91	0.00183998
18.915	0.00181987
18.92	0.00179959
18.925	0.00177917
18.93	0.00175863
18.935	0.00173796
18.94	0.00171717
18.945	0.0016963
18.95	0.00167536
18.955	0.00165442
18.96	0.00163347
18.965	0.00161253
18.97	0.00159155
18.975	0.00157052
18.98	0.0015494
18.985	0.0015282
18.99	0.00150691
18.995	0.00148552
19	0.00146401
19.005	0.00144239
19.01	0.0014207
19.015	0.00139898
19.02	0.00137728
19.025	0.00135563
19.03	0.00133401
19.035	0.00131243
19.04	0.00129089
19.045	0.0012694
19.05	0.001248
19.055	0.0012267
19.06	0.0012055
19.065	0.00118435
19.07	0.00116324
19.075	0.00114211
19.08	0.00112097
19.085	0.00109982
19.09	0.00107866
19.095	0.00105752
19.1	0.00103643
19.105	0.00101541
19.11	0.000994516
19.115	0.000973776
19.12	0.000953203
19.125	0.000932795
19.13	0.000912545
19.135	0.000892454
19.14	0.000872539
19.145	0.00085281
19.15	0.000833261
19.155	0.00081386
19.16	0.000794556
19.165	0.000775308
19.17	0.000756102
19.175	0.000736955
19.18	0.000717904
19.185	0.000698992
19.19	0.000680254
19.195	0.000661718
19.2	0.00064341
19.205	0.000625352
19.21	0.000607558
19.215	0.000590025
19.22	0.000572737
19.225	0.000555672
19.23	0.000538816
19.235	0.00052217
19.24	0.000505735
19.245	0.000489502
19.25	0.000473447
19.255	0.000457534
19.26	0.000441741
19.265	0.000426077
19.27	0.000410582
19.275	0.000395317
19.28	0.000380337
19.285	0.000365675
19.29	0.00035134
19.295	0.000337325
19.3	0.000323614
19.305	0.000310191
19.31	0.000297039
19.315	0.000284145
19.32	0.000271499
19.325	0.000259096
19.33	0.000246932
19.335	0.000235
19.34	0.000223282
19.345	0.000211759
19.35	0.000200418
19.355	0.000189273
19.36	0.000178362
19.365	0.000167739
19.37	0.000157451
19.375	0.000147528
19.38	0.00013797
19.385	0.000128764
19.39	0.000119895
19.395	0.000111345
19.4	0.000103099
19.405	9.51347e-05
19.41	8.74235e-05
19.415	7.99417e-05
19.42	7.2678e-05
19.425	6.56358e-05
19.43	5.88252e-05
19.435	5.22536e-05
19.44	4.59235e-05
19.445	3.98416e-05
19.45	3.40303e-05
19.455	2.85308e-05
19.46	2.33907e-05
19.465	1.86424e-05
19.47	1.42868e-05
19.475	1.02937e-05
19.48	6.61776e-06
19.485	3.21919e-06
19.49	7.42861e-08
19.495	-2.82786e-06
19.5	-5.49557e-06
19.505	-7.94045e-06
19.51	-1.01735e-05
19.515	-1.21958e-05
19.52	-1.39934e-05
19.525	-1.55413e-05
19.53	-1.68132e-05
19.535	-1.77884e-05
19.54	-1.84511e-05
19.545	-1.87845e-05
19.55	-1.87708e-05
19.555	-1.83984e-05
19.56	-1.76749e-05
19.565	-1.6633e-05
19.57	-1.53232e-05
19.575	-1.37952e-05
19.58	-1.20803e-05
19.585	-1.01856e-05
19.59	-8.10249e-06
19.595	-5.81988e-06
19.6	-3.33102e-06
19.605	-6.29939e-07
19.61	2.29672e-06
19.615	5.47239e-06
19.62	8.92343e-06
19.625	1.26677e-05
19.63	1.6709e-05
19.635	2.10414e-05
19.64	2.566e-05
19.645	3.05644e-05
19.65	3.57517e-05
19.655	4.12024e-05
19.66	4.68732e-05
19.665	5.2707e-05
19.67	5.86557e-05
19.675	6.47032e-05
19.68	7.08706e-05
19.685	7.72018e-05
19.69	8.37383e-05
19.695	9.05019e-05
19.7	9.74942e-05
19.705	0.000104709
19.71	0.000112148
19.715	0.000119819
19.72	0.000127731
19.725	0.000135882
19.73	0.000144256
19.735	0.00015283
19.74	0.000161578
19.745	0.000170478
19.75	0.000179507
19.755	0.000188637
19.76	0.000197843
19.765	0.00020711
19.77	0.000216453
19.775	0.000225907
19.78	0.000235521
19.785	0.000245332
19.79	0.000255353
19.795	0.000265575
19.8	0.000275976
19.805	0.00028654
19.81	0.000297255
19.815	0.000308114
19.82	0.000319102
19.825	0.000330196
19.83	0.000341369
19.835	0.000352599
19.84	0.000363868
19.845	0.000375167
19.85	0.000386489
19.855	0.000397832
19.86	0.000409212
19.865	0.000420659
19.87	0.000432218
19.875	0.000443928
19.88	0.000455802
19.885	0.000467825
19.89	0.00047996
19.895	0.000492168
19.9	0.000504423
19.905	0.000516718
19.91	0.000529049
19.915	0.000541406
19.92	0.000553763
19.925	0.000566091
19.93	0.000578371
19.935	0.000590601
19.94	0.000602803
19.945	0.000615003
19.95	0.00062723
19.955	0.000639504
19.96	0.000651843
19.965	0.000664261
19.97	0.000676764
19.975	0.000689337
19.98	0.00070195
19.985	0.000714557
19.99	0.000727114
19.995	0.000739594
