0	0
0.005	0
0.01	0
0.015	0
0.02	0
0.025	0
0.03	0
0.035	0
0.04	0
0.045	0
0.05	0
0.055	0
0.06	0
0.065	0
0.07	0
0.075	0
0.08	0
0.085	0
0.09	0
0.095	0
0.1	0
0.105	0
0.11	0
0.115	0
0.12	0
0.125	0
0.13	0
0.135	0
0.14	0
0.145	0
0.15	0
0.155	0
0.16	0
0.165	0
0.17	0
0.175	0
0.18	0
0.185	0
0.19	0
0.195	0
0.2	0
0.205	0
0.21	0
0.215	0
0.22	0
0.225	0
0.23	0
0.235	0
0.24	0
0.245	0
0.25	0
0.255	0
0.26	0
0.265	0
0.27	0
0.275	0
0.28	0
0.285	0
0.29	0
0.295	0
0.3	0
0.305	0
0.31	0
0.315	0
0.32	0
0.325	0
0.33	0
0.335	0
0.34	0
0.345	0
0.35	0
0.355	0
0.36	0
0.365	0
0.37	0
0.375	0
0.38	0
0.385	0
0.39	0
0.395	0
0.4	0
0.405	0
0.41	0
0.415	0
0.42	0
0.425	-7.10006e-67
0.43	-8.06698e-65
0.435	-4.64682e-63
0.44	-1.80989e-61
0.445	-5.36192e-60
0.45	-1.28826e-58
0.455	-2.61293e-57
0.46	-4.59751e-56
0.465	-7.15623e-55
0.47	-9.99923e-54
0.475	-1.26847e-52
0.48	-1.47408e-51
0.485	-1.58077e-50
0.49	-1.57382e-49
0.495	-1.46221e-48
0.5	-1.27332e-47
0.505	-1.04328e-46
0.51	-8.06935e-46
0.515	-5.90925e-45
0.52	-4.10775e-44
0.525	-2.71676e-43
0.53	-1.71299e-42
0.535	-1.03154e-41
0.54	-5.94189e-41
0.545	-3.27827e-40
0.55	-1.73434e-39
0.555	-8.80588e-39
0.56	-4.29379e-38
0.565	-2.01136e-37
0.57	-9.05157e-37
0.575	-3.91167e-36
0.58	-1.62168e-35
0.585	-6.43777e-35
0.59	-2.43959e-34
0.595	-8.77908e-34
0.6	-2.97337e-33
0.605	-9.32333e-33
0.61	-2.61538e-32
0.615	-5.99721e-32
0.62	-7.32311e-32
0.625	2.86706e-31
0.63	3.01147e-30
0.635	1.7488e-29
0.64	8.36813e-29
0.645	3.60303e-28
0.65	1.44495e-27
0.655	5.49162e-27
0.66	1.99783e-26
0.665	7.00167e-26
0.67	2.37426e-25
0.675	7.81465e-25
0.68	2.50255e-24
0.685	7.81193e-24
0.69	2.3806e-23
0.695	7.09101e-23
0.7	2.06668e-22
0.705	5.89891e-22
0.71	1.65022e-21
0.715	4.52773e-21
0.72	1.21914e-20
0.725	3.22333e-20
0.73	8.37232e-20
0.735	2.13736e-19
0.74	5.3652e-19
0.745	1.32476e-18
0.75	3.21878e-18
0.755	7.6983e-18
0.76	1.81296e-17
0.765	4.20534e-17
0.77	9.61077e-17
0.775	2.16459e-16
0.78	4.8058e-16
0.785	1.05205e-15
0.79	2.27135e-15
0.795	4.83738e-15
0.8	1.0165e-14
0.805	2.10797e-14
0.81	4.31485e-14
0.815	8.71959e-14
0.82	1.73994e-13
0.825	3.42894e-13
0.83	6.67488e-13
0.835	1.28369e-12
0.84	2.43937e-12
0.845	4.58106e-12
0.85	8.50335e-12
0.855	1.56032e-11
0.86	2.83073e-11
0.865	5.07816e-11
0.87	9.00941e-11
0.875	1.58098e-10
0.88	2.74441e-10
0.885	4.71329e-10
0.89	8.00945e-10
0.895	1.34691e-09
0.9	2.24172e-09
0.905	3.69303e-09
0.91	6.02272e-09
0.915	9.72431e-09
0.92	1.55464e-08
0.925	2.46122e-08
0.93	3.85894e-08
0.935	5.99277e-08
0.94	9.21881e-08
0.945	1.40492e-07
0.95	2.12132e-07
0.955	3.17377e-07
0.96	4.70551e-07
0.965	6.91416e-07
0.97	1.00697e-06
0.975	1.45371e-06
0.98	2.08049e-06
0.985	2.95204e-06
0.99	4.15324e-06
0.995	5.7943e-06
1	8.01687e-06
1.005	1.10012e-05
1.01	1.49742e-05
1.015	2.02191e-05
1.02	2.70854e-05
1.025	3.6e-05
1.03	4.74798e-05
1.035	6.21435e-05
1.04	8.07247e-05
1.045	0.000104084
1.05	0.000133223
1.055	0.00016929
1.06	0.000213595
1.065	0.000267612
1.07	0.000332987
1.075	0.000411532
1.08	0.000505233
1.085	0.000616231
1.09	0.000746822
1.095	0.000899436
1.1	0.00107663
1.105	0.00128104
1.11	0.00151541
1.115	0.00178251
1.12	0.00208516
1.125	0.00242619
1.13	0.00280841
1.135	0.00323461
1.14	0.00370756
1.145	0.00422995
1.15	0.00480447
1.155	0.00543373
1.16	0.00612035
1.165	0.00686688
1.17	0.00767591
1.175	0.00855002
1.18	0.00949182
1.185	0.010504
1.19	0.0115892
1.195	0.0127503
1.2	0.0139901
1.205	0.0153116
1.21	0.0167178
1.215	0.0182117
1.22	0.0197965
1.225	0.0214753
1.23	0.0232511
1.235	0.0251272
1.24	0.0271066
1.245	0.0291924
1.25	0.0313874
1.255	0.0336947
1.26	0.036117
1.265	0.038657
1.27	0.0413174
1.275	0.044101
1.28	0.0470101
1.285	0.0500475
1.29	0.0532157
1.295	0.0565172
1.3	0.0599545
1.305	0.0635303
1.31	0.0672471
1.315	0.0711074
1.32	0.075114
1.325	0.0792692
1.33	0.0835757
1.335	0.0880359
1.34	0.0926523
1.345	0.0974273
1.35	0.102363
1.355	0.107462
1.36	0.112726
1.365	0.118158
1.37	0.123758
1.375	0.12953
1.38	0.135475
1.385	0.141595
1.39	0.147891
1.395	0.154365
1.4	0.16102
1.405	0.167855
1.41	0.174873
1.415	0.182075
1.42	0.189462
1.425	0.197036
1.43	0.204798
1.435	0.212748
1.44	0.220888
1.445	0.229218
1.45	0.237739
1.455	0.246452
1.46	0.255358
1.465	0.264456
1.47	0.273748
1.475	0.283233
1.48	0.292912
1.485	0.302785
1.49	0.312852
1.495	0.323113
1.5	0.333567
1.505	0.344215
1.51	0.355057
1.515	0.36609
1.52	0.377316
1.525	0.388732
1.53	0.400339
1.535	0.412136
1.54	0.42412
1.545	0.436291
1.55	0.448648
1.555	0.461189
1.56	0.473912
1.565	0.486815
1.57	0.499897
1.575	0.513155
1.58	0.526587
1.585	0.540191
1.59	0.553965
1.595	0.567905
1.6	0.582009
1.605	0.596274
1.61	0.610697
1.615	0.625275
1.62	0.640004
1.625	0.654881
1.63	0.669901
1.635	0.685062
1.64	0.700359
1.645	0.715789
1.65	0.731346
1.655	0.747026
1.66	0.762824
1.665	0.778737
1.67	0.794758
1.675	0.810883
1.68	0.827107
1.685	0.843424
1.69	0.859828
1.695	0.876314
1.7	0.892877
1.705	0.909509
1.71	0.926206
1.715	0.942962
1.72	0.959769
1.725	0.976621
1.73	0.993513
1.735	1.01044
1.74	1.02739
1.745	1.04436
1.75	1.06134
1.755	1.07833
1.76	1.09531
1.765	1.11229
1.77	1.12925
1.775	1.14619
1.78	1.16309
1.785	1.17996
1.79	1.19678
1.795	1.21354
1.8	1.23025
1.805	1.24688
1.81	1.26343
1.815	1.2799
1.82	1.29627
1.825	1.31254
1.83	1.3287
1.835	1.34473
1.84	1.36064
1.845	1.37641
1.85	1.39204
1.855	1.40751
1.86	1.42282
1.865	1.43796
1.87	1.45291
1.875	1.46768
1.88	1.48225
1.885	1.49662
1.89	1.51077
1.895	1.52469
1.9	1.53838
1.905	1.55183
1.91	1.56503
1.915	1.57796
1.92	1.59063
1.925	1.60302
1.93	1.61512
1.935	1.62692
1.94	1.63842
1.945	1.64961
1.95	1.66048
1.955	1.67101
1.96	1.6812
1.965	1.69105
1.97	1.70054
1.975	1.70966
1.98	1.71841
1.985	1.72677
1.99	1.73475
1.995	1.74232
2	1.74949
2.005	1.75624
2.01	1.76257
2.015	1.76847
2.02	1.77393
2.025	1.77894
2.03	1.7835
2.035	1.78759
2.04	1.79121
2.045	1.79436
2.05	1.79702
2.055	1.79919
2.06	1.80087
2.065	1.80204
2.07	1.8027
2.075	1.80284
2.08	1.80246
2.085	1.80154
2.09	1.80009
2.095	1.79811
2.1	1.79557
2.105	1.79248
2.11	1.78883
2.115	1.78462
2.12	1.77984
2.125	1.7745
2.13	1.76857
2.135	1.76206
2.14	1.75497
2.145	1.74729
2.15	1.73902
2.155	1.73015
2.16	1.72069
2.165	1.71063
2.17	1.69996
2.175	1.68869
2.18	1.67681
2.185	1.66432
2.19	1.65122
2.195	1.63751
2.2	1.62319
2.205	1.60825
2.21	1.5927
2.215	1.57653
2.22	1.55975
2.225	1.54236
2.23	1.52435
2.235	1.50573
2.24	1.4865
2.245	1.46666
2.25	1.44621
2.255	1.42516
2.26	1.4035
2.265	1.38124
2.27	1.35839
2.275	1.33494
2.28	1.31089
2.285	1.28626
2.29	1.26105
2.295	1.23526
2.3	1.20889
2.305	1.18195
2.31	1.15445
2.315	1.12639
2.32	1.09777
2.325	1.06861
2.33	1.03891
2.335	1.00867
2.34	0.977897
2.345	0.946606
2.35	0.914801
2.355	0.882489
2.36	0.849678
2.365	0.816376
2.37	0.782591
2.375	0.748331
2.38	0.713606
2.385	0.678425
2.39	0.642797
2.395	0.606731
2.4	0.570237
2.405	0.533326
2.41	0.496008
2.415	0.458293
2.42	0.420192
2.425	0.381716
2.43	0.342875
2.435	0.303682
2.44	0.264148
2.445	0.224285
2.45	0.184104
2.455	0.143618
2.46	0.102839
2.465	0.061779
2.47	0.0204516
2.475	-0.0211307
2.48	-0.0629549
2.485	-0.105008
2.49	-0.147276
2.495	-0.189745
2.5	-0.232403
2.505	-0.275235
2.51	-0.318227
2.515	-0.361365
2.52	-0.404635
2.525	-0.448022
2.53	-0.491512
2.535	-0.535091
2.54	-0.578743
2.545	-0.622454
2.55	-0.66621
2.555	-0.709994
2.56	-0.753793
2.565	-0.797591
2.57	-0.841373
2.575	-0.885124
2.58	-0.928828
2.585	-0.972471
2.59	-1.01604
2.595	-1.05951
2.6	-1.10287
2.605	-1.14612
2.61	-1.18922
2.615	-1.23217
2.62	-1.27495
2.625	-1.31755
2.63	-1.35994
2.635	-1.40212
2.64	-1.44407
2.645	-1.48578
2.65	-1.52722
2.655	-1.56839
2.66	-1.60926
2.665	-1.64983
2.67	-1.69008
2.675	-1.73
2.68	-1.76956
2.685	-1.80876
2.69	-1.84757
2.695	-1.886
2.7	-1.92401
2.705	-1.9616
2.71	-1.99876
2.715	-2.03547
2.72	-2.07171
2.725	-2.10747
2.73	-2.14275
2.735	-2.17752
2.74	-2.21177
2.745	-2.2455
2.75	-2.27868
2.755	-2.31131
2.76	-2.34337
2.765	-2.37485
2.77	-2.40574
2.775	-2.43603
2.78	-2.46571
2.785	-2.49476
2.79	-2.52317
2.795	-2.55094
2.8	-2.57806
2.805	-2.6045
2.81	-2.63027
2.815	-2.65535
2.82	-2.67974
2.825	-2.70343
2.83	-2.7264
2.835	-2.74864
2.84	-2.77016
2.845	-2.79094
2.85	-2.81098
2.855	-2.83026
2.86	-2.84878
2.865	-2.86653
2.87	-2.88351
2.875	-2.89971
2.88	-2.91512
2.885	-2.92975
2.89	-2.94357
2.895	-2.9566
2.9	-2.96881
2.905	-2.98022
2.91	-2.99081
2.915	-3.00059
2.92	-3.00954
2.925	-3.01767
2.93	-3.02496
2.935	-3.03143
2.94	-3.03707
2.945	-3.04187
2.95	-3.04584
2.955	-3.04897
2.96	-3.05126
2.965	-3.05271
2.97	-3.05333
2.975	-3.05311
2.98	-3.05205
2.985	-3.05015
2.99	-3.04742
2.995	-3.04385
3	-3.03945
3.005	-3.03423
3.01	-3.02817
3.015	-3.02129
3.02	-3.01358
3.025	-3.00506
3.03	-2.99572
3.035	-2.98557
3.04	-2.97461
3.045	-2.96285
3.05	-2.9503
3.055	-2.93694
3.06	-2.9228
3.065	-2.90788
3.07	-2.89219
3.075	-2.87572
3.08	-2.85849
3.085	-2.84051
3.09	-2.82177
3.095	-2.8023
3.1	-2.78209
3.105	-2.76115
3.11	-2.73949
3.115	-2.71713
3.12	-2.69406
3.125	-2.67031
3.13	-2.64587
3.135	-2.62075
3.14	-2.59497
3.145	-2.56854
3.15	-2.54146
3.155	-2.51375
3.16	-2.48542
3.165	-2.45647
3.17	-2.42692
3.175	-2.39678
3.18	-2.36605
3.185	-2.33476
3.19	-2.30291
3.195	-2.27052
3.2	-2.23759
3.205	-2.20414
3.21	-2.17018
3.215	-2.13572
3.22	-2.10078
3.225	-2.06536
3.23	-2.02949
3.235	-1.99317
3.24	-1.95641
3.245	-1.91924
3.25	-1.88166
3.255	-1.84368
3.26	-1.80532
3.265	-1.7666
3.27	-1.72752
3.275	-1.6881
3.28	-1.64836
3.285	-1.6083
3.29	-1.56794
3.295	-1.5273
3.3	-1.48639
3.305	-1.44521
3.31	-1.4038
3.315	-1.36215
3.32	-1.32029
3.325	-1.27823
3.33	-1.23597
3.335	-1.19355
3.34	-1.15096
3.345	-1.10823
3.35	-1.06537
3.355	-1.02239
3.36	-0.9793
3.365	-0.936123
3.37	-0.89287
3.375	-0.849554
3.38	-0.80619
3.385	-0.76279
3.39	-0.719369
3.395	-0.67594
3.4	-0.632516
3.405	-0.589112
3.41	-0.545739
3.415	-0.502413
3.42	-0.459144
3.425	-0.415948
3.43	-0.372836
3.435	-0.329822
3.44	-0.286919
3.445	-0.244138
3.45	-0.201493
3.455	-0.158996
3.46	-0.116659
3.465	-0.074495
3.47	-0.0325158
3.475	0.00926651
3.48	0.0508402
3.485	0.0921934
3.49	0.133315
3.495	0.174193
3.5	0.214816
3.505	0.255173
3.51	0.295253
3.515	0.335046
3.52	0.37454
3.525	0.413726
3.53	0.452592
3.535	0.491129
3.54	0.529327
3.545	0.567176
3.55	0.604667
3.555	0.641789
3.56	0.678534
3.565	0.714893
3.57	0.750856
3.575	0.786416
3.58	0.821562
3.585	0.856288
3.59	0.890584
3.595	0.924443
3.6	0.957857
3.605	0.990818
3.61	1.02332
3.615	1.05535
3.62	1.08691
3.625	1.11799
3.63	1.14858
3.635	1.17867
3.64	1.20826
3.645	1.23735
3.65	1.26592
3.655	1.29397
3.66	1.3215
3.665	1.3485
3.67	1.37497
3.675	1.4009
3.68	1.42628
3.685	1.45111
3.69	1.47539
3.695	1.49912
3.7	1.52228
3.705	1.54488
3.71	1.56691
3.715	1.58837
3.72	1.60926
3.725	1.62957
3.73	1.64929
3.735	1.66844
3.74	1.687
3.745	1.70498
3.75	1.72236
3.755	1.73916
3.76	1.75536
3.765	1.77097
3.77	1.78598
3.775	1.8004
3.78	1.81422
3.785	1.82744
3.79	1.84007
3.795	1.8521
3.8	1.86353
3.805	1.87436
3.81	1.8846
3.815	1.89423
3.82	1.90328
3.825	1.91172
3.83	1.91957
3.835	1.92683
3.84	1.9335
3.845	1.93957
3.85	1.94506
3.855	1.94996
3.86	1.95427
3.865	1.95801
3.87	1.96116
3.875	1.96373
3.88	1.96573
3.885	1.96715
3.89	1.96801
3.895	1.9683
3.9	1.96802
3.905	1.96719
3.91	1.9658
3.915	1.96385
3.92	1.96136
3.925	1.95832
3.93	1.95475
3.935	1.95063
3.94	1.94598
3.945	1.94081
3.95	1.93511
3.955	1.9289
3.96	1.92217
3.965	1.91493
3.97	1.9072
3.975	1.89896
3.98	1.89023
3.985	1.88102
3.99	1.87133
3.995	1.86116
4	1.85052
4.005	1.83942
4.01	1.82786
4.015	1.81585
4.02	1.8034
4.025	1.79052
4.03	1.7772
4.035	1.76345
4.04	1.74929
4.045	1.73472
4.05	1.71975
4.055	1.70438
4.06	1.68862
4.065	1.67248
4.07	1.65596
4.075	1.63908
4.08	1.62184
4.085	1.60425
4.09	1.58631
4.095	1.56804
4.1	1.54944
4.105	1.53052
4.11	1.51129
4.115	1.49175
4.12	1.47192
4.125	1.4518
4.13	1.43139
4.135	1.41072
4.14	1.38978
4.145	1.36858
4.15	1.34714
4.155	1.32545
4.16	1.30352
4.165	1.28137
4.17	1.259
4.175	1.23642
4.18	1.21363
4.185	1.19065
4.19	1.16747
4.195	1.1441
4.2	1.12056
4.205	1.09685
4.21	1.07297
4.215	1.04893
4.22	1.02474
4.225	1.00041
4.23	0.975936
4.235	0.951331
4.24	0.926601
4.245	0.901752
4.25	0.876792
4.255	0.851727
4.26	0.826565
4.265	0.801311
4.27	0.775974
4.275	0.750561
4.28	0.725078
4.285	0.699531
4.29	0.673929
4.295	0.648278
4.3	0.622584
4.305	0.596855
4.31	0.571096
4.315	0.545314
4.32	0.519515
4.325	0.493707
4.33	0.467895
4.335	0.442085
4.34	0.416284
4.345	0.390499
4.35	0.364736
4.355	0.339
4.36	0.3133
4.365	0.28764
4.37	0.262029
4.375	0.236472
4.38	0.210975
4.385	0.185546
4.39	0.16019
4.395	0.134914
4.4	0.109725
4.405	0.0846271
4.41	0.0596278
4.415	0.0347328
4.42	0.009948
4.425	-0.0147208
4.43	-0.0392678
4.435	-0.0636873
4.44	-0.0879735
4.445	-0.112121
4.45	-0.136124
4.455	-0.159976
4.46	-0.183673
4.465	-0.207208
4.47	-0.230577
4.475	-0.253773
4.48	-0.276792
4.485	-0.299627
4.49	-0.322274
4.495	-0.344727
4.5	-0.366981
4.505	-0.389031
4.51	-0.410872
4.515	-0.432499
4.52	-0.453908
4.525	-0.475093
4.53	-0.49605
4.535	-0.516773
4.54	-0.53726
4.545	-0.557504
4.55	-0.577502
4.555	-0.597249
4.56	-0.616742
4.565	-0.635975
4.57	-0.654946
4.575	-0.673649
4.58	-0.692081
4.585	-0.710238
4.59	-0.728117
4.595	-0.745714
4.6	-0.763026
4.605	-0.780048
4.61	-0.796778
4.615	-0.813212
4.62	-0.829348
4.625	-0.845182
4.63	-0.860711
4.635	-0.875932
4.64	-0.890843
4.645	-0.905441
4.65	-0.919723
4.655	-0.933687
4.66	-0.947331
4.665	-0.960651
4.67	-0.973647
4.675	-0.986315
4.68	-0.998654
4.685	-1.01066
4.69	-1.02234
4.695	-1.03368
4.7	-1.04468
4.705	-1.05535
4.71	-1.06567
4.715	-1.07566
4.72	-1.0853
4.725	-1.0946
4.73	-1.10355
4.735	-1.11216
4.74	-1.12042
4.745	-1.12834
4.75	-1.1359
4.755	-1.14312
4.76	-1.14999
4.765	-1.1565
4.77	-1.16267
4.775	-1.16848
4.78	-1.17394
4.785	-1.17905
4.79	-1.18381
4.795	-1.18822
4.8	-1.19227
4.805	-1.19598
4.81	-1.19933
4.815	-1.20233
4.82	-1.20498
4.825	-1.20728
4.83	-1.20924
4.835	-1.21084
4.84	-1.2121
4.845	-1.21301
4.85	-1.21358
4.855	-1.21381
4.86	-1.21369
4.865	-1.21324
4.87	-1.21245
4.875	-1.21132
4.88	-1.20985
4.885	-1.20805
4.89	-1.20592
4.895	-1.20346
4.9	-1.20068
4.905	-1.19757
4.91	-1.19414
4.915	-1.19038
4.92	-1.18631
4.925	-1.18193
4.93	-1.17723
4.935	-1.17223
4.94	-1.16691
4.945	-1.1613
4.95	-1.15538
4.955	-1.14917
4.96	-1.14267
4.965	-1.13587
4.97	-1.12879
4.975	-1.12142
4.98	-1.11377
4.985	-1.10585
4.99	-1.09765
4.995	-1.08919
5	-1.08046
5.005	-1.07147
5.01	-1.06221
5.015	-1.05271
5.02	-1.04296
5.025	-1.03295
5.03	-1.02271
5.035	-1.01223
5.04	-1.00152
5.045	-0.990576
5.05	-0.979409
5.055	-0.968022
5.06	-0.956419
5.065	-0.944604
5.07	-0.932584
5.075	-0.920361
5.08	-0.907941
5.085	-0.895328
5.09	-0.882528
5.095	-0.869544
5.1	-0.856381
5.105	-0.843045
5.11	-0.829539
5.115	-0.815869
5.12	-0.802039
5.125	-0.788055
5.13	-0.77392
5.135	-0.75964
5.14	-0.74522
5.145	-0.730664
5.15	-0.715979
5.155	-0.701167
5.16	-0.686236
5.165	-0.671189
5.17	-0.656031
5.175	-0.640768
5.18	-0.625405
5.185	-0.609946
5.19	-0.594396
5.195	-0.578761
5.2	-0.563045
5.205	-0.547253
5.21	-0.53139
5.215	-0.515461
5.22	-0.499471
5.225	-0.483424
5.23	-0.467326
5.235	-0.451182
5.24	-0.434996
5.245	-0.418774
5.25	-0.40252
5.255	-0.386239
5.26	-0.369936
5.265	-0.353615
5.27	-0.337283
5.275	-0.320943
5.28	-0.304601
5.285	-0.28826
5.29	-0.271926
5.295	-0.255604
5.3	-0.239298
5.305	-0.223012
5.31	-0.206752
5.315	-0.190522
5.32	-0.174326
5.325	-0.158169
5.33	-0.142056
5.335	-0.125991
5.34	-0.109978
5.345	-0.0940226
5.35	-0.0781283
5.355	-0.0622997
5.36	-0.0465411
5.365	-0.0308568
5.37	-0.015251
5.375	0.000272064
5.38	0.0157083
5.385	0.0310537
5.39	0.0463042
5.395	0.0614558
5.4	0.0765048
5.405	0.0914473
5.41	0.10628
5.415	0.120998
5.42	0.135598
5.425	0.150078
5.43	0.164432
5.435	0.178658
5.44	0.192753
5.445	0.206713
5.45	0.220534
5.455	0.234214
5.46	0.24775
5.465	0.261137
5.47	0.274374
5.475	0.287458
5.48	0.300385
5.485	0.313152
5.49	0.325757
5.495	0.338197
5.5	0.35047
5.505	0.362572
5.51	0.374502
5.515	0.386256
5.52	0.397833
5.525	0.409231
5.53	0.420446
5.535	0.431478
5.54	0.442323
5.545	0.45298
5.55	0.463448
5.555	0.473723
5.56	0.483805
5.565	0.493692
5.57	0.503382
5.575	0.512874
5.58	0.522165
5.585	0.531255
5.59	0.540142
5.595	0.548825
5.6	0.557303
5.605	0.565574
5.61	0.573638
5.615	0.581492
5.62	0.589137
5.625	0.596571
5.63	0.603794
5.635	0.610805
5.64	0.617602
5.645	0.624186
5.65	0.630556
5.655	0.636711
5.66	0.642651
5.665	0.648375
5.67	0.653884
5.675	0.659176
5.68	0.664252
5.685	0.669112
5.69	0.673755
5.695	0.678181
5.7	0.682391
5.705	0.686383
5.71	0.69016
5.715	0.693719
5.72	0.697063
5.725	0.70019
5.73	0.703102
5.735	0.705798
5.74	0.70828
5.745	0.710547
5.75	0.712601
5.755	0.714441
5.76	0.716069
5.765	0.717486
5.77	0.718691
5.775	0.719686
5.78	0.720471
5.785	0.721049
5.79	0.721418
5.795	0.721581
5.8	0.721539
5.805	0.721293
5.81	0.720843
5.815	0.720192
5.82	0.71934
5.825	0.718288
5.83	0.717039
5.835	0.715593
5.84	0.713952
5.845	0.712118
5.85	0.710091
5.855	0.707874
5.86	0.705469
5.865	0.702876
5.87	0.700098
5.875	0.697136
5.88	0.693993
5.885	0.690669
5.89	0.687167
5.895	0.68349
5.9	0.679637
5.905	0.675613
5.91	0.671419
5.915	0.667056
5.92	0.662528
5.925	0.657835
5.93	0.652982
5.935	0.647968
5.94	0.642798
5.945	0.637473
5.95	0.631996
5.955	0.626368
5.96	0.620593
5.965	0.614672
5.97	0.608608
5.975	0.602403
5.98	0.59606
5.985	0.589581
5.99	0.582969
5.995	0.576226
6	0.569355
6.005	0.562359
6.01	0.555239
6.015	0.547999
6.02	0.540641
6.025	0.533168
6.03	0.525582
6.035	0.517887
6.04	0.510084
6.045	0.502178
6.05	0.494169
6.055	0.486062
6.06	0.477859
6.065	0.469563
6.07	0.461176
6.075	0.452701
6.08	0.444142
6.085	0.435501
6.09	0.426781
6.095	0.417985
6.1	0.409115
6.105	0.400174
6.11	0.391165
6.115	0.382091
6.12	0.372955
6.125	0.36376
6.13	0.354507
6.135	0.345202
6.14	0.335845
6.145	0.32644
6.15	0.31699
6.155	0.307498
6.16	0.297967
6.165	0.288398
6.17	0.278796
6.175	0.269163
6.18	0.259503
6.185	0.249817
6.19	0.240108
6.195	0.230381
6.2	0.220636
6.205	0.210878
6.21	0.201109
6.215	0.191332
6.22	0.18155
6.225	0.171765
6.23	0.16198
6.235	0.152199
6.24	0.142423
6.245	0.132656
6.25	0.1229
6.255	0.113157
6.26	0.103432
6.265	0.0937253
6.27	0.0840406
6.275	0.0743803
6.28	0.064747
6.285	0.0551434
6.29	0.0455719
6.295	0.0360352
6.3	0.0265359
6.305	0.0170765
6.31	0.00765963
6.315	-0.00171224
6.32	-0.0110365
6.325	-0.0203108
6.33	-0.0295325
6.335	-0.0386994
6.34	-0.047809
6.345	-0.056859
6.35	-0.0658472
6.355	-0.0747713
6.36	-0.083629
6.365	-0.092418
6.37	-0.101136
6.375	-0.109782
6.38	-0.118352
6.385	-0.126846
6.39	-0.13526
6.395	-0.143593
6.4	-0.151843
6.405	-0.160008
6.41	-0.168086
6.415	-0.176075
6.42	-0.183973
6.425	-0.191778
6.43	-0.199489
6.435	-0.207104
6.44	-0.214622
6.445	-0.222039
6.45	-0.229355
6.455	-0.236569
6.46	-0.243677
6.465	-0.25068
6.47	-0.257575
6.475	-0.264362
6.48	-0.271037
6.485	-0.277601
6.49	-0.284052
6.495	-0.290388
6.5	-0.296609
6.505	-0.302713
6.51	-0.308699
6.515	-0.314565
6.52	-0.320312
6.525	-0.325937
6.53	-0.33144
6.535	-0.336821
6.54	-0.342077
6.545	-0.347208
6.55	-0.352213
6.555	-0.357092
6.56	-0.361844
6.565	-0.366468
6.57	-0.370962
6.575	-0.375328
6.58	-0.379563
6.585	-0.383667
6.59	-0.387641
6.595	-0.391482
6.6	-0.395192
6.605	-0.398769
6.61	-0.402213
6.615	-0.405523
6.62	-0.4087
6.625	-0.411744
6.63	-0.414654
6.635	-0.417429
6.64	-0.420071
6.645	-0.422578
6.65	-0.424952
6.655	-0.427191
6.66	-0.429296
6.665	-0.431268
6.67	-0.433106
6.675	-0.43481
6.68	-0.436381
6.685	-0.437818
6.69	-0.439123
6.695	-0.440295
6.7	-0.441335
6.705	-0.442243
6.71	-0.44302
6.715	-0.443665
6.72	-0.444179
6.725	-0.444564
6.73	-0.444819
6.735	-0.444945
6.74	-0.444943
6.745	-0.444813
6.75	-0.444556
6.755	-0.444173
6.76	-0.443664
6.765	-0.443031
6.77	-0.442275
6.775	-0.441395
6.78	-0.440394
6.785	-0.439271
6.79	-0.438029
6.795	-0.436668
6.8	-0.435189
6.805	-0.433593
6.81	-0.431881
6.815	-0.430055
6.82	-0.428115
6.825	-0.426063
6.83	-0.4239
6.835	-0.421627
6.84	-0.419246
6.845	-0.416757
6.85	-0.414162
6.855	-0.411462
6.86	-0.408658
6.865	-0.405752
6.87	-0.402746
6.875	-0.39964
6.88	-0.396436
6.885	-0.393136
6.89	-0.389742
6.895	-0.386253
6.9	-0.382674
6.905	-0.379003
6.91	-0.375245
6.915	-0.371399
6.92	-0.367468
6.925	-0.363453
6.93	-0.359356
6.935	-0.355179
6.94	-0.350922
6.945	-0.346589
6.95	-0.34218
6.955	-0.337697
6.96	-0.333142
6.965	-0.328517
6.97	-0.323823
6.975	-0.319062
6.98	-0.314236
6.985	-0.309346
6.99	-0.304395
6.995	-0.299383
7	-0.294313
7.005	-0.289187
7.01	-0.284007
7.015	-0.278774
7.02	-0.27349
7.025	-0.268156
7.03	-0.262775
7.035	-0.257349
7.04	-0.251879
7.045	-0.246367
7.05	-0.240815
7.055	-0.235225
7.06	-0.229598
7.065	-0.223937
7.07	-0.218243
7.075	-0.212518
7.08	-0.206764
7.085	-0.200983
7.09	-0.195176
7.095	-0.189345
7.1	-0.183493
7.105	-0.17762
7.11	-0.171729
7.115	-0.165822
7.12	-0.1599
7.125	-0.153964
7.13	-0.148017
7.135	-0.142061
7.14	-0.136097
7.145	-0.130126
7.15	-0.124152
7.155	-0.118175
7.16	-0.112197
7.165	-0.106219
7.17	-0.100245
7.175	-0.0942741
7.18	-0.0883095
7.185	-0.0823524
7.19	-0.0764047
7.195	-0.070468
7.2	-0.0645439
7.205	-0.058634
7.21	-0.0527399
7.215	-0.0468633
7.22	-0.0410056
7.225	-0.0351685
7.23	-0.0293535
7.235	-0.0235621
7.24	-0.0177959
7.245	-0.0120563
7.25	-0.00634474
7.255	-0.000662706
7.26	0.00498842
7.265	0.0106072
7.27	0.0161923
7.275	0.0217423
7.28	0.0272557
7.285	0.0327311
7.29	0.0381672
7.295	0.0435626
7.3	0.0489161
7.305	0.0542262
7.31	0.0594917
7.315	0.0647114
7.32	0.069884
7.325	0.0750082
7.33	0.0800829
7.335	0.0851068
7.34	0.0900789
7.345	0.0949981
7.35	0.0998631
7.355	0.104673
7.36	0.109427
7.365	0.114124
7.37	0.118762
7.375	0.123341
7.38	0.12786
7.385	0.132317
7.39	0.136713
7.395	0.141045
7.4	0.145314
7.405	0.149518
7.41	0.153657
7.415	0.157729
7.42	0.161734
7.425	0.165672
7.43	0.169541
7.435	0.17334
7.44	0.177069
7.445	0.180728
7.45	0.184315
7.455	0.18783
7.46	0.191273
7.465	0.194642
7.47	0.197937
7.475	0.201157
7.48	0.204303
7.485	0.207373
7.49	0.210368
7.495	0.213286
7.5	0.216127
7.505	0.218892
7.51	0.221579
7.515	0.224188
7.52	0.226719
7.525	0.229172
7.53	0.231547
7.535	0.233843
7.54	0.23606
7.545	0.238197
7.55	0.240256
7.555	0.242234
7.56	0.244133
7.565	0.245952
7.57	0.247691
7.575	0.24935
7.58	0.250929
7.585	0.252427
7.59	0.253846
7.595	0.255184
7.6	0.256443
7.605	0.257621
7.61	0.258719
7.615	0.259738
7.62	0.260677
7.625	0.261536
7.63	0.262316
7.635	0.263017
7.64	0.263639
7.645	0.264183
7.65	0.264648
7.655	0.265034
7.66	0.265344
7.665	0.265575
7.67	0.26573
7.675	0.265808
7.68	0.26581
7.685	0.265736
7.69	0.265586
7.695	0.265362
7.7	0.265062
7.705	0.264688
7.71	0.264241
7.715	0.26372
7.72	0.263127
7.725	0.262461
7.73	0.261724
7.735	0.260915
7.74	0.260037
7.745	0.259088
7.75	0.25807
7.755	0.256984
7.76	0.255829
7.765	0.254608
7.77	0.253321
7.775	0.251967
7.78	0.250549
7.785	0.249066
7.79	0.24752
7.795	0.245911
7.8	0.244241
7.805	0.242509
7.81	0.240718
7.815	0.238867
7.82	0.236957
7.825	0.234989
7.83	0.232965
7.835	0.230884
7.84	0.228748
7.845	0.226558
7.85	0.224315
7.855	0.222019
7.86	0.219671
7.865	0.217273
7.87	0.214825
7.875	0.212328
7.88	0.209784
7.885	0.207193
7.89	0.204556
7.895	0.201874
7.9	0.199149
7.905	0.196381
7.91	0.193571
7.915	0.190721
7.92	0.187831
7.925	0.184903
7.93	0.181937
7.935	0.178934
7.94	0.175896
7.945	0.172824
7.95	0.169719
7.955	0.166581
7.96	0.163412
7.965	0.160213
7.97	0.156984
7.975	0.153728
7.98	0.150444
7.985	0.147135
7.99	0.143801
7.995	0.140443
8	0.137063
8.005	0.133661
8.01	0.130238
8.015	0.126796
8.02	0.123336
8.025	0.119859
8.03	0.116365
8.035	0.112857
8.04	0.109334
8.045	0.105799
8.05	0.102253
8.055	0.0986955
8.06	0.0951286
8.065	0.0915533
8.07	0.0879706
8.075	0.0843816
8.08	0.0807873
8.085	0.0771888
8.09	0.0735871
8.095	0.0699832
8.1	0.0663781
8.105	0.0627729
8.11	0.0591686
8.115	0.0555662
8.12	0.0519667
8.125	0.0483712
8.13	0.0447807
8.135	0.0411961
8.14	0.0376186
8.145	0.034049
8.15	0.0304884
8.155	0.0269378
8.16	0.0233982
8.165	0.0198705
8.17	0.0163557
8.175	0.0128549
8.18	0.00936884
8.185	0.0058985
8.19	0.00244477
8.195	-0.000991452
8.2	-0.00440928
8.205	-0.00780782
8.21	-0.0111862
8.215	-0.0145435
8.22	-0.017879
8.225	-0.0211918
8.23	-0.024481
8.235	-0.027746
8.24	-0.0309859
8.245	-0.0341999
8.25	-0.0373872
8.255	-0.040547
8.26	-0.0436785
8.265	-0.046781
8.27	-0.0498538
8.275	-0.0528961
8.28	-0.0559073
8.285	-0.0588865
8.29	-0.0618332
8.295	-0.0647465
8.3	-0.0676258
8.305	-0.0704705
8.31	-0.0732799
8.315	-0.0760533
8.32	-0.0787903
8.325	-0.0814901
8.33	-0.0841524
8.335	-0.0867765
8.34	-0.0893618
8.345	-0.0919079
8.35	-0.0944141
8.355	-0.09688
8.36	-0.0993051
8.365	-0.101689
8.37	-0.104031
8.375	-0.106331
8.38	-0.108589
8.385	-0.110804
8.39	-0.112975
8.395	-0.115102
8.4	-0.117185
8.405	-0.119224
8.41	-0.121218
8.415	-0.123166
8.42	-0.12507
8.425	-0.126927
8.43	-0.128738
8.435	-0.130502
8.44	-0.13222
8.445	-0.133891
8.45	-0.135515
8.455	-0.137091
8.46	-0.13862
8.465	-0.140101
8.47	-0.141534
8.475	-0.142919
8.48	-0.144256
8.485	-0.145544
8.49	-0.146784
8.495	-0.147976
8.5	-0.149119
8.505	-0.150214
8.51	-0.15126
8.515	-0.152257
8.52	-0.153206
8.525	-0.154106
8.53	-0.154957
8.535	-0.15576
8.54	-0.156514
8.545	-0.157219
8.55	-0.157875
8.555	-0.158483
8.56	-0.159043
8.565	-0.159554
8.57	-0.160017
8.575	-0.160432
8.58	-0.160799
8.585	-0.161118
8.59	-0.161389
8.595	-0.161613
8.6	-0.16179
8.605	-0.16192
8.61	-0.162003
8.615	-0.162039
8.62	-0.162029
8.625	-0.161973
8.63	-0.161871
8.635	-0.161724
8.64	-0.161531
8.645	-0.161294
8.65	-0.161012
8.655	-0.160686
8.66	-0.160315
8.665	-0.159902
8.67	-0.159444
8.675	-0.158944
8.68	-0.158402
8.685	-0.157817
8.69	-0.15719
8.695	-0.156522
8.7	-0.155813
8.705	-0.155064
8.71	-0.154274
8.715	-0.153445
8.72	-0.152576
8.725	-0.151669
8.73	-0.150723
8.735	-0.14974
8.74	-0.14872
8.745	-0.147662
8.75	-0.146569
8.755	-0.145439
8.76	-0.144275
8.765	-0.143076
8.77	-0.141842
8.775	-0.140575
8.78	-0.139275
8.785	-0.137942
8.79	-0.136578
8.795	-0.135182
8.8	-0.133755
8.805	-0.132298
8.81	-0.130811
8.815	-0.129295
8.82	-0.12775
8.825	-0.126177
8.83	-0.124577
8.835	-0.122951
8.84	-0.121298
8.845	-0.119619
8.85	-0.117916
8.855	-0.116188
8.86	-0.114437
8.865	-0.112662
8.87	-0.110866
8.875	-0.109047
8.88	-0.107208
8.885	-0.105348
8.89	-0.103468
8.895	-0.101569
8.9	-0.0996517
8.905	-0.0977164
8.91	-0.0957639
8.915	-0.0937948
8.92	-0.0918099
8.925	-0.0898097
8.93	-0.0877949
8.935	-0.0857661
8.94	-0.083724
8.945	-0.081669
8.95	-0.0796021
8.955	-0.0775237
8.96	-0.0754346
8.965	-0.0733355
8.97	-0.071227
8.975	-0.0691097
8.98	-0.0669843
8.985	-0.0648513
8.99	-0.0627115
8.995	-0.0605656
9	-0.0584141
9.005	-0.0562577
9.01	-0.0540972
9.015	-0.0519331
9.02	-0.0497661
9.025	-0.0475968
9.03	-0.0454258
9.035	-0.0432537
9.04	-0.0410813
9.045	-0.038909
9.05	-0.0367377
9.055	-0.0345678
9.06	-0.0324001
9.065	-0.0302349
9.07	-0.0280729
9.075	-0.0259147
9.08	-0.0237608
9.085	-0.0216118
9.09	-0.0194684
9.095	-0.0173311
9.1	-0.0152005
9.105	-0.0130773
9.11	-0.0109619
9.115	-0.00885502
9.12	-0.00675709
9.125	-0.00466869
9.13	-0.00259037
9.135	-0.000522698
9.14	0.00153376
9.145	0.00357846
9.15	0.00561087
9.155	0.00763052
9.16	0.00963692
9.165	0.0116296
9.17	0.0136081
9.175	0.0155719
9.18	0.0175204
9.185	0.0194533
9.19	0.0213699
9.195	0.02327
9.2	0.025153
9.205	0.0270185
9.21	0.0288661
9.215	0.0306955
9.22	0.0325061
9.225	0.0342976
9.23	0.0360695
9.235	0.0378214
9.24	0.0395529
9.245	0.0412635
9.25	0.042953
9.255	0.044621
9.26	0.0462671
9.265	0.047891
9.27	0.0494923
9.275	0.0510707
9.28	0.0526257
9.285	0.0541571
9.29	0.0556646
9.295	0.0571478
9.3	0.0586066
9.305	0.0600406
9.31	0.0614496
9.315	0.0628332
9.32	0.0641913
9.325	0.0655235
9.33	0.0668296
9.335	0.0681094
9.34	0.0693627
9.345	0.0705893
9.35	0.071789
9.355	0.0729617
9.36	0.0741072
9.365	0.0752251
9.37	0.0763153
9.375	0.0773777
9.38	0.0784121
9.385	0.0794183
9.39	0.0803963
9.395	0.0813458
9.4	0.0822669
9.405	0.0831593
9.41	0.0840229
9.415	0.0848576
9.42	0.0856633
9.425	0.0864399
9.43	0.0871873
9.435	0.0879057
9.44	0.0885949
9.445	0.0892549
9.45	0.0898857
9.455	0.0904872
9.46	0.0910595
9.465	0.0916024
9.47	0.092116
9.475	0.0926004
9.48	0.0930555
9.485	0.0934816
9.49	0.0938785
9.495	0.0942463
9.5	0.0945849
9.505	0.0948945
9.51	0.095175
9.515	0.0954265
9.52	0.0956492
9.525	0.0958431
9.53	0.0960084
9.535	0.0961452
9.54	0.0962535
9.545	0.0963335
9.55	0.0963852
9.555	0.0964088
9.56	0.0964045
9.565	0.0963723
9.57	0.0963126
9.575	0.0962255
9.58	0.0961112
9.585	0.0959697
9.59	0.0958013
9.595	0.0956062
9.6	0.0953846
9.605	0.0951366
9.61	0.0948625
9.615	0.0945626
9.62	0.0942372
9.625	0.0938863
9.63	0.0935104
9.635	0.0931095
9.64	0.0926839
9.645	0.0922337
9.65	0.0917593
9.655	0.0912609
9.66	0.0907389
9.665	0.0901934
9.67	0.0896249
9.675	0.0890335
9.68	0.0884196
9.685	0.0877833
9.69	0.087125
9.695	0.086445
9.7	0.0857437
9.705	0.0850213
9.71	0.0842784
9.715	0.0835151
9.72	0.0827319
9.725	0.081929
9.73	0.0811067
9.735	0.0802653
9.74	0.0794052
9.745	0.0785268
9.75	0.0776304
9.755	0.0767165
9.76	0.0757853
9.765	0.0748372
9.77	0.0738726
9.775	0.0728917
9.78	0.0718949
9.785	0.0708826
9.79	0.0698552
9.795	0.068813
9.8	0.0677565
9.805	0.0666861
9.81	0.0656021
9.815	0.0645048
9.82	0.0633947
9.825	0.0622721
9.83	0.0611373
9.835	0.0599909
9.84	0.0588333
9.845	0.0576649
9.85	0.056486
9.855	0.0552972
9.86	0.0540987
9.865	0.0528909
9.87	0.0516742
9.875	0.0504489
9.88	0.0492156
9.885	0.0479746
9.89	0.0467263
9.895	0.0454712
9.9	0.0442096
9.905	0.0429418
9.91	0.0416683
9.915	0.0403894
9.92	0.0391054
9.925	0.0378169
9.93	0.0365243
9.935	0.035228
9.94	0.0339283
9.945	0.0326257
9.95	0.0313204
9.955	0.0300129
9.96	0.0287035
9.965	0.0273926
9.97	0.0260807
9.975	0.0247681
9.98	0.0234554
9.985	0.0221427
9.99	0.0208306
9.995	0.0195193
10	0.0182093
10.005	0.0169008
10.01	0.0155943
10.015	0.0142901
10.02	0.0129886
10.025	0.0116902
10.03	0.0103953
10.035	0.00910412
10.04	0.00781707
10.045	0.00653439
10.05	0.0052564
10.055	0.00398344
10.06	0.00271587
10.065	0.00145409
10.07	0.000198456
10.075	-0.00105071
10.08	-0.0022931
10.085	-0.00352844
10.09	-0.00475641
10.095	-0.00597671
10.1	-0.00718899
10.105	-0.00839292
10.11	-0.00958816
10.115	-0.0107744
10.12	-0.0119513
10.125	-0.0131187
10.13	-0.0142762
10.135	-0.0154238
10.14	-0.016561
10.145	-0.0176877
10.15	-0.0188035
10.155	-0.0199081
10.16	-0.0210013
10.165	-0.0220828
10.17	-0.0231524
10.175	-0.0242099
10.18	-0.025255
10.185	-0.0262876
10.19	-0.0273074
10.195	-0.0283142
10.2	-0.0293076
10.205	-0.0302875
10.21	-0.0312537
10.215	-0.032206
10.22	-0.0331443
10.225	-0.0340683
10.23	-0.034978
10.235	-0.035873
10.24	-0.0367531
10.245	-0.0376182
10.25	-0.0384681
10.255	-0.0393025
10.26	-0.0401214
10.265	-0.0409246
10.27	-0.0417121
10.275	-0.0424836
10.28	-0.0432391
10.285	-0.0439784
10.29	-0.0447013
10.295	-0.0454078
10.3	-0.0460976
10.305	-0.0467708
10.31	-0.0474273
10.315	-0.048067
10.32	-0.0486898
10.325	-0.0492957
10.33	-0.0498844
10.335	-0.050456
10.34	-0.0510102
10.345	-0.0515471
10.35	-0.0520665
10.355	-0.0525686
10.36	-0.0530531
10.365	-0.0535202
10.37	-0.0539697
10.375	-0.0544016
10.38	-0.0548158
10.385	-0.0552123
10.39	-0.055591
10.395	-0.0559521
10.4	-0.0562954
10.405	-0.056621
10.41	-0.0569289
10.415	-0.0572191
10.42	-0.0574917
10.425	-0.0577465
10.43	-0.0579837
10.435	-0.0582032
10.44	-0.0584051
10.445	-0.0585895
10.45	-0.0587564
10.455	-0.058906
10.46	-0.0590382
10.465	-0.0591531
10.47	-0.0592507
10.475	-0.0593311
10.48	-0.0593942
10.485	-0.0594403
10.49	-0.0594694
10.495	-0.0594816
10.5	-0.0594769
10.505	-0.0594555
10.51	-0.0594174
10.515	-0.0593628
10.52	-0.0592917
10.525	-0.0592041
10.53	-0.0591003
10.535	-0.0589804
10.54	-0.0588445
10.545	-0.0586928
10.55	-0.0585253
10.555	-0.0583423
10.56	-0.0581439
10.565	-0.05793
10.57	-0.057701
10.575	-0.0574569
10.58	-0.0571979
10.585	-0.0569243
10.59	-0.0566361
10.595	-0.0563336
10.6	-0.0560169
10.605	-0.0556861
10.61	-0.0553413
10.615	-0.0549828
10.62	-0.0546107
10.625	-0.0542252
10.63	-0.0538265
10.635	-0.0534149
10.64	-0.0529904
10.645	-0.0525533
10.65	-0.0521037
10.655	-0.0516418
10.66	-0.0511677
10.665	-0.0506818
10.67	-0.0501842
10.675	-0.0496751
10.68	-0.0491548
10.685	-0.0486235
10.69	-0.0480814
10.695	-0.0475287
10.7	-0.0469655
10.705	-0.0463922
10.71	-0.0458089
10.715	-0.0452159
10.72	-0.0446135
10.725	-0.0440018
10.73	-0.0433811
10.735	-0.0427515
10.74	-0.0421134
10.745	-0.0414668
10.75	-0.040812
10.755	-0.0401492
10.76	-0.0394787
10.765	-0.0388008
10.77	-0.0381157
10.775	-0.0374235
10.78	-0.0367246
10.785	-0.0360191
10.79	-0.0353072
10.795	-0.0345893
10.8	-0.0338655
10.805	-0.0331361
10.81	-0.0324014
10.815	-0.0316615
10.82	-0.0309169
10.825	-0.0301676
10.83	-0.0294139
10.835	-0.0286561
10.84	-0.0278943
10.845	-0.0271289
10.85	-0.02636
10.855	-0.0255881
10.86	-0.0248132
10.865	-0.0240356
10.87	-0.0232555
10.875	-0.0224732
10.88	-0.0216888
10.885	-0.0209026
10.89	-0.0201148
10.895	-0.0193257
10.9	-0.0185354
10.905	-0.0177443
10.91	-0.0169526
10.915	-0.0161605
10.92	-0.0153681
10.925	-0.0145759
10.93	-0.0137838
10.935	-0.0129922
10.94	-0.0122014
10.945	-0.0114115
10.95	-0.0106228
10.955	-0.00983546
10.96	-0.00904979
10.965	-0.00826594
10.97	-0.00748412
10.975	-0.00670455
10.98	-0.00592746
10.985	-0.00515304
10.99	-0.00438153
10.995	-0.00361313
11	-0.00284804
11.005	-0.00208647
11.01	-0.00132858
11.015	-0.000574565
11.02	0.000175425
11.025	0.000921208
11.03	0.00166259
11.035	0.00239937
11.04	0.00313134
11.045	0.00385831
11.05	0.0045801
11.055	0.00529654
11.06	0.00600748
11.065	0.00671273
11.07	0.00741213
11.075	0.00810548
11.08	0.0087926
11.085	0.0094733
11.09	0.0101474
11.095	0.0108148
11.1	0.0114753
11.105	0.0121287
11.11	0.012775
11.115	0.0134141
11.12	0.0140457
11.125	0.0146697
11.13	0.015286
11.135	0.0158945
11.14	0.0164949
11.145	0.0170872
11.15	0.0176713
11.155	0.0182471
11.16	0.0188145
11.165	0.0193732
11.17	0.0199233
11.175	0.0204646
11.18	0.0209969
11.185	0.0215202
11.19	0.0220343
11.195	0.0225393
11.2	0.0230349
11.205	0.0235211
11.21	0.0239979
11.215	0.0244651
11.22	0.0249227
11.225	0.0253704
11.23	0.0258083
11.235	0.0262362
11.24	0.0266542
11.245	0.0270621
11.25	0.0274599
11.255	0.0278476
11.26	0.0282251
11.265	0.0285922
11.27	0.0289491
11.275	0.0292955
11.28	0.0296316
11.285	0.0299572
11.29	0.0302724
11.295	0.0305772
11.3	0.0308715
11.305	0.0311552
11.31	0.0314284
11.315	0.031691
11.32	0.0319429
11.325	0.0321842
11.33	0.0324147
11.335	0.0326347
11.34	0.0328439
11.345	0.0330425
11.35	0.0332304
11.355	0.0334076
11.36	0.0335741
11.365	0.0337299
11.37	0.0338751
11.375	0.0340096
11.38	0.0341335
11.385	0.0342469
11.39	0.0343497
11.395	0.034442
11.4	0.0345238
11.405	0.0345952
11.41	0.034656
11.415	0.0347065
11.42	0.0347466
11.425	0.0347764
11.43	0.034796
11.435	0.0348055
11.44	0.0348048
11.445	0.0347941
11.45	0.0347733
11.455	0.0347425
11.46	0.0347017
11.465	0.0346511
11.47	0.0345907
11.475	0.0345207
11.48	0.0344409
11.485	0.0343516
11.49	0.0342528
11.495	0.0341445
11.5	0.0340268
11.505	0.0338998
11.51	0.0337637
11.515	0.0336185
11.52	0.0334643
11.525	0.0333012
11.53	0.0331294
11.535	0.0329489
11.54	0.0327597
11.545	0.0325621
11.55	0.0323561
11.555	0.0321418
11.56	0.0319193
11.565	0.0316887
11.57	0.0314502
11.575	0.0312039
11.58	0.0309499
11.585	0.0306882
11.59	0.030419
11.595	0.0301423
11.6	0.0298583
11.605	0.0295672
11.61	0.029269
11.615	0.0289639
11.62	0.0286521
11.625	0.0283336
11.63	0.0280085
11.635	0.027677
11.64	0.0273391
11.645	0.0269951
11.65	0.026645
11.655	0.0262891
11.66	0.0259275
11.665	0.0255602
11.67	0.0251875
11.675	0.0248094
11.68	0.0244261
11.685	0.0240378
11.69	0.0236445
11.695	0.0232465
11.7	0.0228438
11.705	0.0224367
11.71	0.0220252
11.715	0.0216095
11.72	0.0211898
11.725	0.020766
11.73	0.0203384
11.735	0.0199071
11.74	0.0194722
11.745	0.019034
11.75	0.0185925
11.755	0.018148
11.76	0.0177005
11.765	0.0172502
11.77	0.0167972
11.775	0.0163417
11.78	0.0158838
11.785	0.0154236
11.79	0.0149615
11.795	0.0144974
11.8	0.0140316
11.805	0.0135641
11.81	0.0130951
11.815	0.0126247
11.82	0.0121531
11.825	0.0116804
11.83	0.0112068
11.835	0.0107323
11.84	0.0102573
11.845	0.00978182
11.85	0.00930594
11.855	0.00882979
11.86	0.0083535
11.865	0.00787719
11.87	0.00740103
11.875	0.00692517
11.88	0.00644976
11.885	0.00597495
11.89	0.00550084
11.895	0.00502755
11.9	0.00455518
11.905	0.00408387
11.91	0.00361375
11.915	0.00314495
11.92	0.00267764
11.925	0.00221196
11.93	0.00174805
11.935	0.00128604
11.94	0.000826031
11.945	0.000368125
11.95	-8.75789e-05
11.955	-0.000540965
11.96	-0.000991903
11.965	-0.00144025
11.97	-0.00188589
11.975	-0.00232869
11.98	-0.00276856
11.985	-0.00320543
11.99	-0.00363921
11.995	-0.0040698
12	-0.00449711
12.005	-0.00492101
12.01	-0.00534138
12.015	-0.00575811
12.02	-0.00617107
12.025	-0.00658017
12.03	-0.00698533
12.035	-0.00738646
12.04	-0.00778348
12.045	-0.00817632
12.05	-0.00856486
12.055	-0.008949
12.06	-0.00932863
12.065	-0.00970365
12.07	-0.010074
12.075	-0.0104395
12.08	-0.0108003
12.085	-0.0111562
12.09	-0.0115072
12.095	-0.0118531
12.1	-0.0121939
12.105	-0.0125296
12.11	-0.01286
12.115	-0.013185
12.12	-0.0135047
12.125	-0.0138189
12.13	-0.0141277
12.135	-0.0144309
12.14	-0.0147286
12.145	-0.0150206
12.15	-0.0153069
12.155	-0.0155874
12.16	-0.0158621
12.165	-0.0161308
12.17	-0.0163937
12.175	-0.0166506
12.18	-0.0169016
12.185	-0.0171466
12.19	-0.0173855
12.195	-0.0176183
12.2	-0.0178449
12.205	-0.0180652
12.21	-0.0182793
12.215	-0.0184872
12.22	-0.0186888
12.225	-0.0188841
12.23	-0.0190731
12.235	-0.0192559
12.24	-0.0194322
12.245	-0.0196022
12.25	-0.0197658
12.255	-0.019923
12.26	-0.0200739
12.265	-0.0202183
12.27	-0.0203565
12.275	-0.0204882
12.28	-0.0206135
12.285	-0.0207325
12.29	-0.0208449
12.295	-0.0209509
12.3	-0.0210505
12.305	-0.0211436
12.31	-0.0212304
12.315	-0.0213108
12.32	-0.0213848
12.325	-0.0214525
12.33	-0.0215137
12.335	-0.0215686
12.34	-0.0216172
12.345	-0.0216594
12.35	-0.0216954
12.355	-0.0217251
12.36	-0.0217486
12.365	-0.021766
12.37	-0.0217772
12.375	-0.0217823
12.38	-0.0217812
12.385	-0.021774
12.39	-0.0217608
12.395	-0.0217415
12.4	-0.0217164
12.405	-0.0216853
12.41	-0.0216484
12.415	-0.0216057
12.42	-0.0215571
12.425	-0.0215028
12.43	-0.0214427
12.435	-0.021377
12.44	-0.0213056
12.445	-0.0212287
12.45	-0.0211463
12.455	-0.0210585
12.46	-0.0209653
12.465	-0.0208667
12.47	-0.0207628
12.475	-0.0206536
12.48	-0.0205391
12.485	-0.0204196
12.49	-0.020295
12.495	-0.0201654
12.5	-0.020031
12.505	-0.0198917
12.51	-0.0197477
12.515	-0.0195989
12.52	-0.0194454
12.525	-0.0192874
12.53	-0.0191248
12.535	-0.0189578
12.54	-0.0187865
12.545	-0.0186109
12.55	-0.0184311
12.555	-0.0182471
12.56	-0.018059
12.565	-0.0178668
12.57	-0.0176707
12.575	-0.0174707
12.58	-0.0172669
12.585	-0.0170595
12.59	-0.0168485
12.595	-0.0166339
12.6	-0.0164159
12.605	-0.0161945
12.61	-0.0159698
12.615	-0.0157418
12.62	-0.0155107
12.625	-0.0152766
12.63	-0.0150395
12.635	-0.0147995
12.64	-0.0145568
12.645	-0.0143114
12.65	-0.0140633
12.655	-0.0138126
12.66	-0.0135595
12.665	-0.013304
12.67	-0.0130463
12.675	-0.0127864
12.68	-0.0125244
12.685	-0.0122604
12.69	-0.0119945
12.695	-0.0117267
12.7	-0.011457
12.705	-0.0111857
12.71	-0.0109128
12.715	-0.0106383
12.72	-0.0103625
12.725	-0.0100853
12.73	-0.00980687
12.735	-0.00952729
12.74	-0.00924659
12.745	-0.00896486
12.75	-0.0086822
12.755	-0.00839872
12.76	-0.00811452
12.765	-0.00782972
12.77	-0.0075444
12.775	-0.00725864
12.78	-0.00697249
12.785	-0.00668602
12.79	-0.0063993
12.795	-0.00611241
12.8	-0.00582543
12.805	-0.00553848
12.81	-0.00525166
12.815	-0.00496506
12.82	-0.00467875
12.825	-0.00439278
12.83	-0.00410721
12.835	-0.00382211
12.84	-0.00353755
12.845	-0.00325364
12.85	-0.00297048
12.855	-0.00268817
12.86	-0.00240679
12.865	-0.0021264
12.87	-0.00184705
12.875	-0.00156879
12.88	-0.00129169
12.885	-0.0010158
12.89	-0.000741234
12.895	-0.000468078
12.9	-0.000196431
12.905	7.36271e-05
12.91	0.000342032
12.915	0.000608737
12.92	0.000873701
12.925	0.00113688
12.93	0.00139819
12.935	0.00165757
12.94	0.00191492
12.945	0.00217015
12.95	0.0024232
12.955	0.00267402
12.96	0.0029226
12.965	0.0031689
12.97	0.00341287
12.975	0.00365445
12.98	0.00389358
12.985	0.00413016
12.99	0.00436413
12.995	0.00459541
13	0.00482398
13.005	0.00504978
13.01	0.0052728
13.015	0.005493
13.02	0.00571033
13.025	0.00592472
13.03	0.0061361
13.035	0.00634441
13.04	0.00654958
13.045	0.00675161
13.05	0.00695047
13.055	0.00714615
13.06	0.00733865
13.065	0.0075279
13.07	0.00771385
13.075	0.00789644
13.08	0.00807561
13.085	0.00825134
13.09	0.00842361
13.095	0.0085924
13.1	0.00875769
13.105	0.00891948
13.11	0.00907773
13.115	0.00923242
13.12	0.00938348
13.125	0.00953089
13.13	0.0096746
13.135	0.0098146
13.14	0.00995088
13.145	0.0100835
13.15	0.0102124
13.155	0.0103375
13.16	0.010459
13.165	0.0105766
13.17	0.0106904
13.175	0.0108003
13.18	0.0109064
13.185	0.0110086
13.19	0.0111071
13.195	0.0112016
13.2	0.0112924
13.205	0.0113793
13.21	0.0114623
13.215	0.0115414
13.22	0.0116167
13.225	0.011688
13.23	0.0117555
13.235	0.0118192
13.24	0.011879
13.245	0.011935
13.25	0.0119872
13.255	0.0120355
13.26	0.01208
13.265	0.0121206
13.27	0.0121573
13.275	0.0121902
13.28	0.0122193
13.285	0.0122446
13.29	0.0122662
13.295	0.012284
13.3	0.012298
13.305	0.0123083
13.31	0.0123149
13.315	0.0123177
13.32	0.0123168
13.325	0.0123123
13.33	0.0123042
13.335	0.0122925
13.34	0.0122773
13.345	0.0122584
13.35	0.012236
13.355	0.01221
13.36	0.0121805
13.365	0.0121476
13.37	0.0121112
13.375	0.0120714
13.38	0.0120283
13.385	0.0119819
13.39	0.0119321
13.395	0.0118791
13.4	0.0118227
13.405	0.0117631
13.41	0.0117003
13.415	0.0116344
13.42	0.0115654
13.425	0.0114934
13.43	0.0114183
13.435	0.0113403
13.44	0.0112592
13.445	0.0111751
13.45	0.0110882
13.455	0.0109983
13.46	0.0109057
13.465	0.0108104
13.47	0.0107123
13.475	0.0106117
13.48	0.0105083
13.485	0.0104024
13.49	0.0102939
13.495	0.0101829
13.5	0.0100694
13.505	0.00995357
13.51	0.00983538
13.515	0.00971491
13.52	0.00959218
13.525	0.00946723
13.53	0.00934007
13.535	0.00921075
13.54	0.0090793
13.545	0.00894581
13.55	0.00881034
13.555	0.00867299
13.56	0.00853379
13.565	0.00839279
13.57	0.00825
13.575	0.00810546
13.58	0.00795921
13.585	0.00781131
13.59	0.00766181
13.595	0.0075108
13.6	0.00735834
13.605	0.00720448
13.61	0.00704926
13.615	0.00689271
13.62	0.00673488
13.625	0.00657581
13.63	0.00641555
13.635	0.00625417
13.64	0.00609175
13.645	0.00592835
13.65	0.00576404
13.655	0.00559886
13.66	0.00543284
13.665	0.005266
13.67	0.00509837
13.675	0.00493002
13.68	0.004761
13.685	0.00459141
13.69	0.00442129
13.695	0.00425072
13.7	0.00407971
13.705	0.00390831
13.71	0.00373656
13.715	0.00356449
13.72	0.00339217
13.725	0.00321967
13.73	0.00304706
13.735	0.0028744
13.74	0.00270173
13.745	0.00252911
13.75	0.00235657
13.755	0.00218412
13.76	0.00201182
13.765	0.00183971
13.77	0.00166784
13.775	0.0014963
13.78	0.00132513
13.785	0.00115439
13.79	0.000984124
13.795	0.000814348
13.8	0.000645094
13.805	0.000476404
13.81	0.000308332
13.815	0.00014094
13.82	-2.57073e-05
13.825	-0.000191556
13.83	-0.000356566
13.835	-0.000520709
13.84	-0.000683962
13.845	-0.000846299
13.85	-0.00100769
13.855	-0.00116808
13.86	-0.00132743
13.865	-0.00148568
13.87	-0.00164276
13.875	-0.00179865
13.88	-0.0019533
13.885	-0.00210669
13.89	-0.00225879
13.895	-0.00240957
13.9	-0.00255899
13.905	-0.00270702
13.91	-0.00285359
13.915	-0.00299866
13.92	-0.00314221
13.925	-0.0032842
13.93	-0.00342462
13.935	-0.00356347
13.94	-0.00370072
13.945	-0.00383633
13.95	-0.00397027
13.955	-0.0041025
13.96	-0.00423295
13.965	-0.0043616
13.97	-0.00448843
13.975	-0.00461342
13.98	-0.00473654
13.985	-0.0048578
13.99	-0.00497716
13.995	-0.00509459
14	-0.00521006
14.005	-0.00532353
14.01	-0.00543499
14.015	-0.0055444
14.02	-0.00565176
14.025	-0.00575707
14.03	-0.00586033
14.035	-0.00596151
14.04	-0.00606059
14.045	-0.00615754
14.05	-0.00625232
14.055	-0.00634492
14.06	-0.0064353
14.065	-0.00652346
14.07	-0.00660942
14.075	-0.00669316
14.08	-0.0067747
14.085	-0.006854
14.09	-0.00693106
14.095	-0.00700583
14.1	-0.00707831
14.105	-0.00714848
14.11	-0.00721635
14.115	-0.00728194
14.12	-0.00734525
14.125	-0.00740627
14.13	-0.007465
14.135	-0.00752141
14.14	-0.00757548
14.145	-0.00762718
14.15	-0.00767653
14.155	-0.00772352
14.16	-0.00776816
14.165	-0.00781049
14.17	-0.0078505
14.175	-0.00788819
14.18	-0.00792356
14.185	-0.00795659
14.19	-0.00798727
14.195	-0.0080156
14.2	-0.00804161
14.205	-0.00806531
14.21	-0.00808674
14.215	-0.0081059
14.22	-0.00812279
14.225	-0.0081374
14.23	-0.00814971
14.235	-0.00815972
14.24	-0.00816745
14.245	-0.0081729
14.25	-0.00817611
14.255	-0.0081771
14.26	-0.00817588
14.265	-0.00817247
14.27	-0.00816687
14.275	-0.00815907
14.28	-0.00814909
14.285	-0.00813695
14.29	-0.00812265
14.295	-0.00810623
14.3	-0.00808773
14.305	-0.00806717
14.31	-0.00804456
14.315	-0.00801989
14.32	-0.00799317
14.325	-0.0079644
14.33	-0.0079336
14.335	-0.0079008
14.34	-0.00786605
14.345	-0.00782936
14.35	-0.00779078
14.355	-0.00775032
14.36	-0.00770798
14.365	-0.00766378
14.37	-0.00761773
14.375	-0.00756986
14.38	-0.0075202
14.385	-0.00746878
14.39	-0.00741565
14.395	-0.00736081
14.4	-0.00730429
14.405	-0.00724611
14.41	-0.00718628
14.415	-0.00712481
14.42	-0.00706173
14.425	-0.00699706
14.43	-0.00693085
14.435	-0.00686315
14.44	-0.00679398
14.445	-0.00672339
14.45	-0.00665137
14.455	-0.00657796
14.46	-0.00650316
14.465	-0.00642701
14.47	-0.00634955
14.475	-0.00627081
14.48	-0.00619084
14.485	-0.00610966
14.49	-0.00602731
14.495	-0.00594379
14.5	-0.00585913
14.505	-0.00577334
14.51	-0.00568645
14.515	-0.0055985
14.52	-0.00550952
14.525	-0.00541957
14.53	-0.00532868
14.535	-0.00523689
14.54	-0.00514424
14.545	-0.00505073
14.55	-0.00495639
14.555	-0.00486123
14.56	-0.0047653
14.565	-0.00466864
14.57	-0.00457128
14.575	-0.00447328
14.58	-0.00437465
14.585	-0.00427541
14.59	-0.00417559
14.595	-0.0040752
14.6	-0.00397427
14.605	-0.00387284
14.61	-0.00377096
14.615	-0.00366867
14.62	-0.00356601
14.625	-0.00346303
14.63	-0.00335975
14.635	-0.00325619
14.64	-0.00315235
14.645	-0.00304827
14.65	-0.00294396
14.655	-0.00283948
14.66	-0.00273485
14.665	-0.00263013
14.67	-0.00252535
14.675	-0.00242052
14.68	-0.00231567
14.685	-0.00221081
14.69	-0.00210597
14.695	-0.00200118
14.7	-0.00189649
14.705	-0.00179195
14.71	-0.00168759
14.715	-0.00158345
14.72	-0.00147955
14.725	-0.0013759
14.73	-0.00127252
14.735	-0.00116941
14.74	-0.00106661
14.745	-0.00096414
14.75	-0.00086206
14.755	-0.000760409
14.76	-0.000659214
14.765	-0.000558492
14.77	-0.000458252
14.775	-0.000358509
14.78	-0.000259284
14.785	-0.000160613
14.79	-6.25364e-05
14.795	3.49049e-05
14.8	0.000131678
14.805	0.000227759
14.81	0.000323133
14.815	0.000417794
14.82	0.000511733
14.825	0.000604939
14.83	0.000697394
14.835	0.000789064
14.84	0.000879912
14.845	0.0009699
14.85	0.001059
14.855	0.00114719
14.86	0.00123448
14.865	0.00132085
14.87	0.0014063
14.875	0.00149079
14.88	0.00157429
14.885	0.00165677
14.89	0.0017382
14.895	0.00181857
14.9	0.00189786
14.905	0.00197609
14.91	0.00205325
14.915	0.00212933
14.92	0.00220432
14.925	0.00227817
14.93	0.00235088
14.935	0.0024224
14.94	0.00249273
14.945	0.00256184
14.95	0.00262974
14.955	0.00269642
14.96	0.00276189
14.965	0.00282613
14.97	0.00288911
14.975	0.00295081
14.98	0.00301121
14.985	0.00307029
14.99	0.00312807
14.995	0.00318455
15	0.00323973
15.005	0.00329362
15.01	0.0033462
15.015	0.00339745
15.02	0.00344734
15.025	0.00349586
15.03	0.003543
15.035	0.00358876
15.04	0.00363314
15.045	0.00367613
15.05	0.00371776
15.055	0.003758
15.06	0.00379686
15.065	0.00383431
15.07	0.00387035
15.075	0.00390496
15.08	0.00393817
15.085	0.00396998
15.09	0.0040004
15.095	0.00402945
15.1	0.00405711
15.105	0.00408337
15.11	0.00410822
15.115	0.00413164
15.12	0.00415363
15.125	0.00417419
15.13	0.00419334
15.135	0.00421108
15.14	0.00422743
15.145	0.00424241
15.15	0.004256
15.155	0.0042682
15.16	0.00427902
15.165	0.00428844
15.17	0.00429647
15.175	0.00430314
15.18	0.00430845
15.185	0.00431242
15.19	0.00431506
15.195	0.00431636
15.2	0.00431631
15.205	0.00431491
15.21	0.00431216
15.215	0.00430807
15.22	0.00430267
15.225	0.00429597
15.23	0.00428799
15.235	0.00427876
15.24	0.00426827
15.245	0.00425653
15.25	0.00424353
15.255	0.00422927
15.26	0.00421377
15.265	0.00419703
15.27	0.0041791
15.275	0.00415999
15.28	0.00413972
15.285	0.00411829
15.29	0.0040957
15.295	0.00407194
15.3	0.00404703
15.305	0.00402097
15.31	0.0039938
15.315	0.00396554
15.32	0.00393621
15.325	0.00390584
15.33	0.00387443
15.335	0.00384199
15.34	0.00380853
15.345	0.00377405
15.35	0.00373856
15.355	0.00370209
15.36	0.00366466
15.365	0.00362632
15.37	0.00358707
15.375	0.00354692
15.38	0.00350588
15.385	0.00346395
15.39	0.00342112
15.395	0.00337743
15.4	0.0033329
15.405	0.00328757
15.41	0.00324147
15.415	0.00319462
15.42	0.00314702
15.425	0.00309869
15.43	0.00304964
15.435	0.00299986
15.44	0.00294939
15.445	0.00289824
15.45	0.00284644
15.455	0.00279403
15.46	0.00274101
15.465	0.00268742
15.47	0.00263324
15.475	0.0025785
15.48	0.0025232
15.485	0.00246736
15.49	0.00241101
15.495	0.00235419
15.5	0.00229694
15.505	0.00223927
15.51	0.00218119
15.515	0.00212271
15.52	0.00206383
15.525	0.00200456
15.53	0.00194493
15.535	0.00188496
15.54	0.00182469
15.545	0.00176414
15.55	0.00170333
15.555	0.00164227
15.56	0.00158097
15.565	0.00151945
15.57	0.00145772
15.575	0.0013958
15.58	0.00133371
15.585	0.00127147
15.59	0.00120913
15.595	0.0011467
15.6	0.00108421
15.605	0.00102165
15.61	0.00095904
15.615	0.000896383
15.62	0.000833701
15.625	0.000771019
15.63	0.000708365
15.635	0.000645764
15.64	0.000583234
15.645	0.000520787
15.65	0.000458433
15.655	0.000396184
15.66	0.000334051
15.665	0.000272053
15.67	0.00021021
15.675	0.000148546
15.68	8.7089e-05
15.685	2.58636e-05
15.69	-3.51131e-05
15.695	-9.58324e-05
15.7	-0.000156292
15.705	-0.000216486
15.71	-0.000276405
15.715	-0.000336028
15.72	-0.000395331
15.725	-0.000454288
15.73	-0.000512883
15.735	-0.000571102
15.74	-0.000628936
15.745	-0.000686376
15.75	-0.000743409
15.755	-0.000800022
15.76	-0.000856197
15.765	-0.000911913
15.77	-0.00096715
15.775	-0.00102189
15.78	-0.0010761
15.785	-0.0011298
15.79	-0.00118297
15.795	-0.00123562
15.8	-0.00128776
15.805	-0.00133935
15.81	-0.00139039
15.815	-0.00144084
15.82	-0.0014907
15.825	-0.00153994
15.83	-0.00158856
15.835	-0.00163655
15.84	-0.00168392
15.845	-0.00173065
15.85	-0.00177673
15.855	-0.00182214
15.86	-0.00186686
15.865	-0.00191089
15.87	-0.00195421
15.875	-0.00199681
15.88	-0.0020387
15.885	-0.00207989
15.89	-0.00212037
15.895	-0.00216015
15.9	-0.0021992
15.905	-0.0022375
15.91	-0.00227502
15.915	-0.00231176
15.92	-0.00234772
15.925	-0.00238291
15.93	-0.00241731
15.935	-0.00245094
15.94	-0.00248378
15.945	-0.00251583
15.95	-0.00254706
15.955	-0.00257747
15.96	-0.00260707
15.965	-0.00263584
15.97	-0.0026638
15.975	-0.00269095
15.98	-0.00271729
15.985	-0.00274283
15.99	-0.00276755
15.995	-0.00279145
16	-0.00281448
16.005	-0.00283666
16.01	-0.00285797
16.015	-0.00287842
16.02	-0.00289804
16.025	-0.00291682
16.03	-0.00293476
16.035	-0.00295186
16.04	-0.0029681
16.045	-0.00298347
16.05	-0.00299799
16.055	-0.00301166
16.06	-0.00302448
16.065	-0.00303648
16.07	-0.00304766
16.075	-0.00305801
16.08	-0.00306753
16.085	-0.00307621
16.09	-0.00308405
16.095	-0.00309104
16.1	-0.00309716
16.105	-0.00310244
16.11	-0.00310689
16.115	-0.00311053
16.12	-0.00311336
16.125	-0.00311538
16.13	-0.00311658
16.135	-0.00311696
16.14	-0.00311652
16.145	-0.00311528
16.15	-0.00311324
16.155	-0.00311044
16.16	-0.00310687
16.165	-0.00310253
16.17	-0.00309742
16.175	-0.00309153
16.18	-0.00308485
16.185	-0.0030774
16.19	-0.00306917
16.195	-0.00306018
16.2	-0.00305045
16.205	-0.00303999
16.21	-0.00302883
16.215	-0.00301696
16.22	-0.00300438
16.225	-0.00299111
16.23	-0.00297713
16.235	-0.00296246
16.24	-0.00294711
16.245	-0.0029311
16.25	-0.00291443
16.255	-0.00289713
16.26	-0.00287917
16.265	-0.00286057
16.27	-0.00284132
16.275	-0.00282142
16.28	-0.00280088
16.285	-0.00277972
16.29	-0.00275797
16.295	-0.00273565
16.3	-0.00271277
16.305	-0.00268934
16.31	-0.00266536
16.315	-0.00264083
16.32	-0.00261575
16.325	-0.00259015
16.33	-0.00256402
16.335	-0.00253739
16.34	-0.00251027
16.345	-0.00248268
16.35	-0.00245462
16.355	-0.00242609
16.36	-0.0023971
16.365	-0.00236765
16.37	-0.00233774
16.375	-0.00230739
16.38	-0.00227664
16.385	-0.0022455
16.39	-0.00221399
16.395	-0.00218213
16.4	-0.0021499
16.405	-0.00211732
16.41	-0.00208437
16.415	-0.00205108
16.42	-0.00201746
16.425	-0.00198352
16.43	-0.00194929
16.435	-0.00191479
16.44	-0.00188001
16.445	-0.00184496
16.45	-0.00180965
16.455	-0.00177408
16.46	-0.00173826
16.465	-0.0017022
16.47	-0.00166594
16.475	-0.0016295
16.48	-0.0015929
16.485	-0.00155616
16.49	-0.00151927
16.495	-0.00148222
16.5	-0.00144502
16.505	-0.00140767
16.51	-0.00137019
16.515	-0.0013326
16.52	-0.00129492
16.525	-0.00125717
16.53	-0.00121936
16.535	-0.00118148
16.54	-0.00114353
16.545	-0.00110553
16.55	-0.00106748
16.555	-0.0010294
16.56	-0.000991324
16.565	-0.000953268
16.57	-0.000915253
16.575	-0.000877288
16.58	-0.000839368
16.585	-0.000801487
16.59	-0.000763644
16.595	-0.00072585
16.6	-0.000688124
16.605	-0.000650489
16.61	-0.000612965
16.615	-0.000575566
16.62	-0.000538297
16.625	-0.000501159
16.63	-0.000464154
16.635	-0.000427283
16.64	-0.000390557
16.645	-0.00035399
16.65	-0.000317604
16.655	-0.000281421
16.66	-0.000245457
16.665	-0.000209718
16.67	-0.000174199
16.675	-0.00013889
16.68	-0.000103789
16.685	-6.89042e-05
16.69	-3.42549e-05
16.695	1.33913e-07
16.7	3.4242e-05
16.705	6.80588e-05
16.71	0.000101583
16.715	0.000134816
16.72	0.000167759
16.725	0.000200405
16.73	0.000232743
16.735	0.000264759
16.74	0.000296439
16.745	0.000327769
16.75	0.000358738
16.755	0.000389339
16.76	0.000419574
16.765	0.00044945
16.77	0.000478973
16.775	0.000508143
16.78	0.000536949
16.785	0.00056537
16.79	0.000593385
16.795	0.000620981
16.8	0.000648158
16.805	0.000674922
16.81	0.00070128
16.815	0.000727231
16.82	0.000752766
16.825	0.00077787
16.83	0.000802528
16.835	0.000826731
16.84	0.000850471
16.845	0.000873748
16.85	0.000896564
16.855	0.000918922
16.86	0.000940828
16.865	0.000962282
16.87	0.00098328
16.875	0.00100381
16.88	0.00102386
16.885	0.0010434
16.89	0.00106245
16.895	0.001081
16.9	0.00109907
16.905	0.00111666
16.91	0.00113377
16.915	0.00115039
16.92	0.0011665
16.925	0.00118211
16.93	0.0011972
16.935	0.00121178
16.94	0.00122585
16.945	0.00123943
16.95	0.00125252
16.955	0.00126512
16.96	0.00127723
16.965	0.00128883
16.97	0.00129992
16.975	0.00131047
16.98	0.0013205
16.985	0.00133
16.99	0.00133898
16.995	0.00134747
17	0.00135545
17.005	0.00136293
17.01	0.0013699
17.015	0.00137635
17.02	0.00138228
17.025	0.0013877
17.03	0.00139261
17.035	0.00139702
17.04	0.00140096
17.045	0.00140441
17.05	0.00140738
17.055	0.00140986
17.06	0.00141184
17.065	0.00141331
17.07	0.00141427
17.075	0.00141472
17.08	0.00141469
17.085	0.00141419
17.09	0.00141323
17.095	0.0014118
17.1	0.00140989
17.105	0.00140751
17.11	0.00140464
17.115	0.00140129
17.12	0.00139749
17.125	0.00139323
17.13	0.00138854
17.135	0.00138341
17.14	0.00137784
17.145	0.00137183
17.15	0.00136538
17.155	0.00135848
17.16	0.00135113
17.165	0.00134334
17.17	0.00133513
17.175	0.00132651
17.18	0.0013175
17.185	0.0013081
17.19	0.00129832
17.195	0.00128813
17.2	0.00127754
17.205	0.00126656
17.21	0.00125519
17.215	0.00124346
17.22	0.00123137
17.225	0.00121894
17.23	0.00120616
17.235	0.00119302
17.24	0.00117951
17.245	0.00116565
17.25	0.00115143
17.255	0.00113688
17.26	0.00112199
17.265	0.00110678
17.27	0.00109128
17.275	0.00107549
17.28	0.00105942
17.285	0.00104306
17.29	0.0010264
17.295	0.00100945
17.3	0.00099222
17.305	0.000974726
17.31	0.000956989
17.315	0.000939018
17.32	0.000920812
17.325	0.00090236
17.33	0.000883656
17.335	0.000864705
17.34	0.000845518
17.345	0.000826111
17.35	0.0008065
17.355	0.000786697
17.36	0.000766714
17.365	0.000746556
17.37	0.000726227
17.375	0.000705728
17.38	0.000685057
17.385	0.000664214
17.39	0.000643204
17.395	0.000622044
17.4	0.00060075
17.405	0.000579337
17.41	0.000557809
17.415	0.000536162
17.42	0.000514391
17.425	0.000492495
17.43	0.000470484
17.435	0.000448378
17.44	0.000426197
17.445	0.000403957
17.45	0.000381668
17.455	0.000359332
17.46	0.000336948
17.465	0.000314515
17.47	0.000292032
17.475	0.000269503
17.48	0.000246933
17.485	0.000224335
17.49	0.000201721
17.495	0.000179103
17.5	0.000156488
17.505	0.000133876
17.51	0.000111264
17.515	8.86528e-05
17.52	6.60492e-05
17.525	4.34675e-05
17.53	2.09257e-05
17.535	-1.55987e-06
17.54	-2.39789e-05
17.545	-4.63275e-05
17.55	-6.86069e-05
17.555	-9.08196e-05
17.56	-0.000112967
17.565	-0.000135048
17.57	-0.000157056
17.575	-0.00017898
17.58	-0.000200807
17.585	-0.000222522
17.59	-0.000244118
17.595	-0.000265594
17.6	-0.000286953
17.605	-0.000308198
17.61	-0.000329328
17.615	-0.00035033
17.62	-0.000371187
17.625	-0.000391885
17.63	-0.000412414
17.635	-0.000432773
17.64	-0.000452964
17.645	-0.000472995
17.65	-0.000492866
17.655	-0.000512576
17.66	-0.000532119
17.665	-0.000551487
17.67	-0.000570668
17.675	-0.000589649
17.68	-0.00060842
17.685	-0.000626976
17.69	-0.000645321
17.695	-0.000663459
17.7	-0.000681393
17.705	-0.000699114
17.71	-0.00071661
17.715	-0.000733861
17.72	-0.000750855
17.725	-0.000767593
17.73	-0.000784084
17.735	-0.000800341
17.74	-0.000816371
17.745	-0.000832173
17.75	-0.000847738
17.755	-0.000863055
17.76	-0.000878112
17.765	-0.000892902
17.77	-0.00090742
17.775	-0.000921664
17.78	-0.000935634
17.785	-0.000949333
17.79	-0.000962764
17.795	-0.000975927
17.8	-0.000988814
17.805	-0.00100141
17.81	-0.00101371
17.815	-0.0010257
17.82	-0.00103738
17.825	-0.00104878
17.83	-0.00105991
17.835	-0.00107078
17.84	-0.00108136
17.845	-0.00109165
17.85	-0.00110163
17.855	-0.00111129
17.86	-0.00112064
17.865	-0.00112968
17.87	-0.00113841
17.875	-0.00114685
17.88	-0.00115499
17.885	-0.00116284
17.89	-0.00117037
17.895	-0.0011776
17.9	-0.0011845
17.905	-0.0011911
17.91	-0.00119737
17.915	-0.00120335
17.92	-0.00120903
17.925	-0.00121443
17.93	-0.00121954
17.935	-0.00122434
17.94	-0.00122884
17.945	-0.001233
17.95	-0.00123684
17.955	-0.00124036
17.96	-0.00124357
17.965	-0.00124649
17.97	-0.00124911
17.975	-0.00125142
17.98	-0.00125343
17.985	-0.00125512
17.99	-0.0012565
17.995	-0.00125757
18	-0.00125835
18.005	-0.00125884
18.01	-0.00125905
18.015	-0.00125899
18.02	-0.00125864
18.025	-0.00125801
18.03	-0.00125709
18.035	-0.00125587
18.04	-0.00125435
18.045	-0.00125252
18.05	-0.00125042
18.055	-0.00124803
18.06	-0.00124538
18.065	-0.00124246
18.07	-0.00123927
18.075	-0.0012358
18.08	-0.00123205
18.085	-0.00122803
18.09	-0.00122374
18.095	-0.0012192
18.1	-0.00121441
18.105	-0.00120938
18.11	-0.00120411
18.115	-0.00119858
18.12	-0.0011928
18.125	-0.00118676
18.13	-0.00118046
18.135	-0.00117391
18.14	-0.00116712
18.145	-0.0011601
18.15	-0.00115286
18.155	-0.00114541
18.16	-0.00113775
18.165	-0.00112986
18.17	-0.00112176
18.175	-0.00111344
18.18	-0.00110491
18.185	-0.00109618
18.19	-0.00108726
18.195	-0.00107815
18.2	-0.00106886
18.205	-0.00105937
18.21	-0.00104969
18.215	-0.00103981
18.22	-0.00102972
18.225	-0.00101944
18.23	-0.00100899
18.235	-0.000998366
18.24	-0.000987589
18.245	-0.000976661
18.25	-0.000965585
18.255	-0.000954357
18.26	-0.000942978
18.265	-0.00093145
18.27	-0.000919781
18.275	-0.000907978
18.28	-0.00089605
18.285	-0.000884004
18.29	-0.00087184
18.295	-0.000859557
18.3	-0.000847151
18.305	-0.000834619
18.31	-0.000821962
18.315	-0.000809188
18.32	-0.000796309
18.325	-0.000783338
18.33	-0.000770288
18.335	-0.000757164
18.34	-0.000743968
18.345	-0.000730696
18.35	-0.000717343
18.355	-0.00070391
18.36	-0.000690401
18.365	-0.000676825
18.37	-0.000663192
18.375	-0.000649511
18.38	-0.000635784
18.385	-0.000622011
18.39	-0.000608188
18.395	-0.000594315
18.4	-0.000580394
18.405	-0.000566436
18.41	-0.000552453
18.415	-0.000538458
18.42	-0.000524461
18.425	-0.000510467
18.43	-0.000496474
18.435	-0.000482479
18.44	-0.000468481
18.445	-0.000454476
18.45	-0.000440469
18.455	-0.000426466
18.46	-0.000412476
18.465	-0.000398508
18.47	-0.000384566
18.475	-0.000370649
18.48	-0.000356756
18.485	-0.000342881
18.49	-0.000329028
18.495	-0.000315205
18.5	-0.000301424
18.505	-0.000287701
18.51	-0.000274045
18.515	-0.000260459
18.52	-0.00024694
18.525	-0.000233482
18.53	-0.000220085
18.535	-0.000206749
18.54	-0.000193479
18.545	-0.000180284
18.55	-0.000167167
18.555	-0.000154135
18.56	-0.00014119
18.565	-0.000128335
18.57	-0.00011557
18.575	-0.000102896
18.58	-9.03119e-05
18.585	-7.78214e-05
18.59	-6.54327e-05
18.595	-5.31567e-05
18.6	-4.10033e-05
18.605	-2.8976e-05
18.61	-1.70709e-05
18.615	-5.27974e-06
18.62	6.40396e-06
18.625	1.79804e-05
18.63	2.94427e-05
18.635	4.07807e-05
18.64	5.19861e-05
18.645	6.30549e-05
18.65	7.39865e-05
18.655	8.47805e-05
18.66	9.54353e-05
18.665	0.000105948
18.67	0.000116314
18.675	0.000126532
18.68	0.0001366
18.685	0.000146513
18.69	0.000156266
18.695	0.000165855
18.7	0.00017528
18.705	0.000184545
18.71	0.000193658
18.715	0.000202623
18.72	0.000211439
18.725	0.000220099
18.73	0.000228593
18.735	0.000236915
18.74	0.000245064
18.745	0.000253041
18.75	0.000260849
18.755	0.000268488
18.76	0.000275954
18.765	0.000283246
18.77	0.00029036
18.775	0.000297295
18.78	0.000304048
18.785	0.000310616
18.79	0.000316997
18.795	0.000323194
18.8	0.000329212
18.805	0.000335056
18.81	0.000340729
18.815	0.000346227
18.82	0.000351541
18.825	0.000356665
18.83	0.000361595
18.835	0.000366333
18.84	0.000370883
18.845	0.000375249
18.85	0.000379431
18.855	0.000383429
18.86	0.000387243
18.865	0.000390873
18.87	0.000394318
18.875	0.000397576
18.88	0.000400646
18.885	0.000403528
18.89	0.000406229
18.895	0.000408754
18.9	0.000411109
18.905	0.000413289
18.91	0.000415288
18.915	0.000417095
18.92	0.000418706
18.925	0.000420123
18.93	0.000421351
18.935	0.000422399
18.94	0.000423268
18.945	0.00042396
18.95	0.000424472
18.955	0.000424807
18.96	0.000424965
18.965	0.000424946
18.97	0.000424752
18.975	0.000424382
18.98	0.000423842
18.985	0.000423137
18.99	0.000422275
18.995	0.000421257
19	0.000420079
19.005	0.00041873
19.01	0.000417202
19.015	0.000415496
19.02	0.000413621
19.025	0.000411588
19.03	0.000409404
19.035	0.00040707
19.04	0.000404581
19.045	0.000401933
19.05	0.000399128
19.055	0.00039617
19.06	0.000393063
19.065	0.000389812
19.07	0.000386416
19.075	0.000382877
19.08	0.000379199
19.085	0.000375387
19.09	0.00037144
19.095	0.000367354
19.1	0.000363124
19.105	0.000358747
19.11	0.000354229
19.115	0.000349581
19.12	0.000344816
19.125	0.00033994
19.13	0.000334953
19.135	0.000329849
19.14	0.000324623
19.145	0.00031928
19.15	0.000313823
19.155	0.000308261
19.16	0.000302596
19.165	0.000296829
19.17	0.000290958
19.175	0.000284984
19.18	0.000278907
19.185	0.00027273
19.19	0.00026645
19.195	0.000260066
19.2	0.000253581
19.205	0.000247002
19.21	0.00024034
19.215	0.000233605
19.22	0.000226799
19.225	0.000219923
19.23	0.000212971
19.235	0.000205944
19.24	0.000198845
19.245	0.000191681
19.25	0.000184456
19.255	0.000177175
19.26	0.000169836
19.265	0.00016244
19.27	0.000154985
19.275	0.000147473
19.28	0.000139904
19.285	0.000132279
19.29	0.000124602
19.295	0.000116878
19.3	0.000109116
19.305	0.000101323
19.31	9.35037e-05
19.315	8.56595e-05
19.32	7.77873e-05
19.325	6.98851e-05
19.33	6.19534e-05
19.335	5.39956e-05
19.34	4.6016e-05
19.345	3.80179e-05
19.35	3.00031e-05
19.355	2.19728e-05
19.36	1.39282e-05
19.365	5.87113e-06
19.37	-2.19653e-06
19.375	-1.02727e-05
19.38	-1.8354e-05
19.385	-2.64341e-05
19.39	-3.45042e-05
19.395	-4.25558e-05
19.4	-5.0584e-05
19.405	-5.85897e-05
19.41	-6.65782e-05
19.415	-7.45552e-05
19.42	-8.25225e-05
19.425	-9.04773e-05
19.43	-9.84139e-05
19.435	-0.000106328
19.44	-0.000114217
19.445	-0.000122081
19.45	-0.000129921
19.455	-0.000137733
19.46	-0.000145515
19.465	-0.000153262
19.47	-0.000160971
19.475	-0.00016864
19.48	-0.000176262
19.485	-0.00018383
19.49	-0.000191338
19.495	-0.000198783
19.5	-0.000206171
19.505	-0.000213507
19.51	-0.000220799
19.515	-0.000228046
19.52	-0.000235241
19.525	-0.000242376
19.53	-0.000249445
19.535	-0.000256445
19.54	-0.000263379
19.545	-0.000270251
19.55	-0.000277059
19.555	-0.000283799
19.56	-0.000290467
19.565	-0.000297056
19.57	-0.000303564
19.575	-0.000309988
19.58	-0.000316327
19.585	-0.000322579
19.59	-0.000328749
19.595	-0.000334839
19.6	-0.000340855
19.605	-0.000346801
19.61	-0.000352673
19.615	-0.000358462
19.62	-0.00036416
19.625	-0.00036976
19.63	-0.000375262
19.635	-0.000380667
19.64	-0.00038598
19.645	-0.000391201
19.65	-0.000396324
19.655	-0.000401343
19.66	-0.000406254
19.665	-0.000411054
19.67	-0.000415747
19.675	-0.000420337
19.68	-0.000424831
19.685	-0.000429231
19.69	-0.000433539
19.695	-0.000437756
19.7	-0.000441877
19.705	-0.000445898
19.71	-0.000449812
19.715	-0.000453616
19.72	-0.000457305
19.725	-0.000460882
19.73	-0.000464348
19.735	-0.000467706
19.74	-0.000470957
19.745	-0.000474096
19.75	-0.000477121
19.755	-0.000480028
19.76	-0.000482817
19.765	-0.000485492
19.77	-0.000488061
19.775	-0.000490527
19.78	-0.000492893
19.785	-0.000495157
19.79	-0.000497313
19.795	-0.000499355
19.8	-0.000501278
19.805	-0.000503082
19.81	-0.000504768
19.815	-0.000506339
19.82	-0.000507798
19.825	-0.000509145
19.83	-0.000510381
19.835	-0.000511505
19.84	-0.000512518
19.845	-0.00051342
19.85	-0.000514213
19.855	-0.000514896
19.86	-0.000515474
19.865	-0.000515948
19.87	-0.000516322
19.875	-0.000516596
19.88	-0.000516767
19.885	-0.000516829
19.89	-0.000516776
19.895	-0.000516604
19.9	-0.000516315
19.905	-0.000515913
19.91	-0.000515404
19.915	-0.000514792
19.92	-0.000514077
19.925	-0.000513258
19.93	-0.000512336
19.935	-0.000511312
19.94	-0.00051019
19.945	-0.000508972
19.95	-0.00050766
19.955	-0.000506255
19.96	-0.000504758
19.965	-0.00050317
19.97	-0.000501491
19.975	-0.000499718
19.98	-0.000497847
19.985	-0.000495876
19.99	-0.000493801
19.995	-0.000491628
