0	0
0.005	0
0.01	0
0.015	0
0.02	0
0.025	0
0.03	0
0.035	0
0.04	0
0.045	0
0.05	0
0.055	0
0.06	0
0.065	0
0.07	0
0.075	0
0.08	0
0.085	0
0.09	0
0.095	0
0.1	0
0.105	0
0.11	0
0.115	0
0.12	0
0.125	0
0.13	0
0.135	0
0.14	0
0.145	0
0.15	0
0.155	0
0.16	0
0.165	0
0.17	0
0.175	0
0.18	0
0.185	0
0.19	0
0.195	0
0.2	0
0.205	0
0.21	0
0.215	0
0.22	0
0.225	0
0.23	0
0.235	0
0.24	0
0.245	0
0.25	0
0.255	0
0.26	0
0.265	0
0.27	0
0.275	0
0.28	0
0.285	0
0.29	0
0.295	0
0.3	0
0.305	0
0.31	0
0.315	0
0.32	0
0.325	0
0.33	0
0.335	0
0.34	0
0.345	0
0.35	0
0.355	0
0.36	0
0.365	0
0.37	0
0.375	0
0.38	0
0.385	0
0.39	0
0.395	0
0.4	0
0.405	0
0.41	0
0.415	0
0.42	0
0.425	0
0.43	0
0.435	0
0.44	0
0.445	0
0.45	0
0.455	0
0.46	0
0.465	0
0.47	0
0.475	0
0.48	0
0.485	0
0.49	0
0.495	0
0.5	0
0.505	0
0.51	0
0.515	0
0.52	0
0.525	0
0.53	0
0.535	0
0.54	0
0.545	0
0.55	-3.48082e-85
0.555	-5.09591e-83
0.56	-3.7839e-81
0.565	-1.90027e-79
0.57	-7.25922e-78
0.575	-2.24879e-76
0.58	-5.87983e-75
0.585	-1.33336e-73
0.59	-2.67412e-72
0.595	-4.81317e-71
0.6	-7.86371e-70
0.605	-1.1768e-68
0.61	-1.62506e-67
0.615	-2.08356e-66
0.62	-2.49334e-65
0.625	-2.79741e-64
0.63	-2.95416e-63
0.635	-2.94659e-62
0.64	-2.78449e-61
0.645	-2.49979e-60
0.65	-2.13732e-59
0.655	-1.74424e-58
0.66	-1.36143e-57
0.665	-1.01819e-56
0.67	-7.30854e-56
0.675	-5.04272e-55
0.68	-3.34912e-54
0.685	-2.14376e-53
0.69	-1.32403e-52
0.695	-7.89863e-52
0.7	-4.55555e-51
0.705	-2.54232e-50
0.71	-1.37385e-49
0.715	-7.19367e-49
0.72	-3.65168e-48
0.725	-1.79784e-47
0.73	-8.58732e-47
0.735	-3.98e-46
0.74	-1.78988e-45
0.745	-7.80884e-45
0.75	-3.30344e-44
0.755	-1.35395e-43
0.76	-5.36934e-43
0.765	-2.05609e-42
0.77	-7.57889e-42
0.775	-2.676e-41
0.78	-8.9784e-41
0.785	-2.82237e-40
0.79	-8.08416e-40
0.795	-1.97288e-39
0.8	-3.19519e-39
0.805	3.77744e-39
0.81	7.00988e-38
0.815	4.50417e-37
0.82	2.27888e-36
0.825	1.02575e-35
0.83	4.28829e-35
0.835	1.69945e-34
0.84	6.45725e-34
0.845	2.36891e-33
0.85	8.4304e-33
0.855	2.92002e-32
0.86	9.86783e-32
0.865	3.25966e-31
0.87	1.0541e-30
0.875	3.34095e-30
0.88	1.03889e-29
0.885	3.17212e-29
0.89	9.51744e-29
0.895	2.80772e-28
0.9	8.14875e-28
0.905	2.3278e-27
0.91	6.54805e-27
0.915	1.81452e-26
0.92	4.95515e-26
0.925	1.33396e-25
0.93	3.54124e-25
0.935	9.27302e-25
0.94	2.39584e-24
0.945	6.10907e-24
0.95	1.53772e-23
0.955	3.82176e-23
0.96	9.38051e-23
0.965	2.27433e-22
0.97	5.44792e-22
0.975	1.28955e-21
0.98	3.01682e-21
0.985	6.97657e-21
0.99	1.59509e-20
0.995	3.60616e-20
1	8.06287e-20
1.005	1.78312e-19
1.01	3.90101e-19
1.015	8.44384e-19
1.02	1.80852e-18
1.025	3.83341e-18
1.03	8.04222e-18
1.035	1.67012e-17
1.04	3.43359e-17
1.045	6.98922e-17
1.05	1.40875e-16
1.055	2.81197e-16
1.06	5.55908e-16
1.065	1.08856e-15
1.07	2.11156e-15
1.075	4.05783e-15
1.08	7.72617e-15
1.085	1.45765e-14
1.09	2.7252e-14
1.095	5.04937e-14
1.1	9.27267e-14
1.105	1.68786e-13
1.11	3.04554e-13
1.115	5.44782e-13
1.12	9.66151e-13
1.125	1.69888e-12
1.13	2.96213e-12
1.135	5.12156e-12
1.14	8.78186e-12
1.145	1.49343e-11
1.15	2.51898e-11
1.155	4.2144e-11
1.16	6.9943e-11
1.165	1.15153e-10
1.17	1.88087e-10
1.175	3.048e-10
1.18	4.90085e-10
1.185	7.81903e-10
1.19	1.23789e-09
1.195	1.94484e-09
1.2	3.03236e-09
1.205	4.69241e-09
1.21	7.20694e-09
1.215	1.09867e-08
1.22	1.66252e-08
1.225	2.49732e-08
1.23	3.72396e-08
1.235	5.51294e-08
1.24	8.10268e-08
1.245	1.18239e-07
1.25	1.71318e-07
1.255	2.46473e-07
1.26	3.52115e-07
1.265	4.99535e-07
1.27	7.03775e-07
1.275	9.84707e-07
1.28	1.36838e-06
1.285	1.88864e-06
1.29	2.58915e-06
1.295	3.52573e-06
1.3	4.76918e-06
1.305	6.4086e-06
1.31	8.55514e-06
1.315	1.13463e-05
1.32	1.4951e-05
1.325	1.95746e-05
1.33	2.5465e-05
1.335	3.2919e-05
1.34	4.22888e-05
1.345	5.39888e-05
1.35	6.85024e-05
1.355	8.63889e-05
1.36	0.00010829
1.365	0.000134934
1.37	0.000167143
1.375	0.000205836
1.38	0.000252028
1.385	0.000306837
1.39	0.000371476
1.395	0.000447255
1.4	0.000535576
1.405	0.000637922
1.41	0.000755853
1.415	0.000890995
1.42	0.00104503
1.425	0.00121968
1.43	0.0014167
1.435	0.00163786
1.44	0.00188494
1.445	0.00215974
1.45	0.00246401
1.455	0.00279951
1.46	0.00316799
1.465	0.00357117
1.47	0.00401074
1.475	0.00448841
1.48	0.00500584
1.485	0.00556473
1.49	0.00616675
1.495	0.00681362
1.5	0.00750705
1.505	0.0082488
1.51	0.00904063
1.515	0.00988438
1.52	0.0107819
1.525	0.011735
1.53	0.0127456
1.535	0.0138157
1.54	0.0149471
1.545	0.0161417
1.55	0.0174016
1.555	0.0187285
1.56	0.0201244
1.565	0.0215911
1.57	0.0231304
1.575	0.0247442
1.58	0.026434
1.585	0.0282018
1.59	0.0300493
1.595	0.031978
1.6	0.0339898
1.605	0.0360862
1.61	0.0382691
1.615	0.0405401
1.62	0.0429008
1.625	0.045353
1.63	0.0478983
1.635	0.0505384
1.64	0.0532749
1.645	0.0561094
1.65	0.0590435
1.655	0.0620788
1.66	0.0652167
1.665	0.0684586
1.67	0.0718059
1.675	0.07526
1.68	0.0788221
1.685	0.0824935
1.69	0.0862755
1.695	0.0901692
1.7	0.0941757
1.705	0.0982963
1.71	0.102532
1.715	0.106884
1.72	0.111353
1.725	0.11594
1.73	0.120646
1.735	0.125472
1.74	0.13042
1.745	0.135488
1.75	0.140679
1.755	0.145994
1.76	0.151431
1.765	0.156993
1.77	0.162679
1.775	0.16849
1.78	0.174426
1.785	0.180487
1.79	0.186674
1.795	0.192986
1.8	0.199424
1.805	0.205987
1.81	0.212676
1.815	0.21949
1.82	0.22643
1.825	0.233494
1.83	0.240683
1.835	0.247996
1.84	0.255433
1.845	0.262992
1.85	0.270675
1.855	0.278479
1.86	0.286403
1.865	0.294448
1.87	0.302611
1.875	0.310892
1.88	0.31929
1.885	0.327803
1.89	0.33643
1.895	0.345169
1.9	0.354019
1.905	0.362979
1.91	0.372045
1.915	0.381217
1.92	0.390493
1.925	0.39987
1.93	0.409346
1.935	0.41892
1.94	0.428588
1.945	0.438348
1.95	0.448198
1.955	0.458136
1.96	0.468157
1.965	0.47826
1.97	0.488441
1.975	0.498698
1.98	0.509027
1.985	0.519425
1.99	0.529889
1.995	0.540415
2	0.551
2.005	0.56164
2.01	0.572331
2.015	0.583071
2.02	0.593854
2.025	0.604677
2.03	0.615535
2.035	0.626426
2.04	0.637343
2.045	0.648284
2.05	0.659244
2.055	0.670218
2.06	0.681203
2.065	0.692193
2.07	0.703183
2.075	0.71417
2.08	0.725149
2.085	0.736114
2.09	0.747061
2.095	0.757985
2.1	0.768881
2.105	0.779744
2.11	0.79057
2.115	0.801351
2.12	0.812085
2.125	0.822765
2.13	0.833385
2.135	0.843941
2.14	0.854428
2.145	0.864839
2.15	0.875169
2.155	0.885413
2.16	0.895565
2.165	0.905619
2.17	0.91557
2.175	0.925413
2.18	0.935141
2.185	0.944748
2.19	0.95423
2.195	0.96358
2.2	0.972792
2.205	0.981861
2.21	0.990781
2.215	0.999546
2.22	1.00815
2.225	1.01659
2.23	1.02485
2.235	1.03294
2.24	1.04085
2.245	1.04856
2.25	1.05608
2.255	1.0634
2.26	1.07051
2.265	1.07741
2.27	1.08409
2.275	1.09055
2.28	1.09677
2.285	1.10277
2.29	1.10852
2.295	1.11403
2.3	1.11928
2.305	1.12428
2.31	1.12902
2.315	1.13348
2.32	1.13768
2.325	1.1416
2.33	1.14523
2.335	1.14858
2.34	1.15164
2.345	1.15439
2.35	1.15685
2.355	1.15899
2.36	1.16083
2.365	1.16234
2.37	1.16354
2.375	1.16441
2.38	1.16495
2.385	1.16516
2.39	1.16503
2.395	1.16456
2.4	1.16374
2.405	1.16257
2.41	1.16105
2.415	1.15917
2.42	1.15694
2.425	1.15433
2.43	1.15137
2.435	1.14803
2.44	1.14432
2.445	1.14023
2.45	1.13577
2.455	1.13092
2.46	1.1257
2.465	1.12008
2.47	1.11409
2.475	1.1077
2.48	1.10092
2.485	1.09375
2.49	1.08619
2.495	1.07824
2.5	1.06989
2.505	1.06114
2.51	1.052
2.515	1.04246
2.52	1.03252
2.525	1.02218
2.53	1.01145
2.535	1.00032
2.54	0.988789
2.545	0.976864
2.55	0.964543
2.555	0.951827
2.56	0.938717
2.565	0.925215
2.57	0.911322
2.575	0.897039
2.58	0.882369
2.585	0.867314
2.59	0.851875
2.595	0.836056
2.6	0.819858
2.605	0.803285
2.61	0.786339
2.615	0.769024
2.62	0.751343
2.625	0.733299
2.63	0.714896
2.635	0.696138
2.64	0.677028
2.645	0.657572
2.65	0.637772
2.655	0.617635
2.66	0.597164
2.665	0.576365
2.67	0.555242
2.675	0.5338
2.68	0.512046
2.685	0.489984
2.69	0.467621
2.695	0.444962
2.7	0.422013
2.705	0.39878
2.71	0.37527
2.715	0.35149
2.72	0.327446
2.725	0.303144
2.73	0.278593
2.735	0.253798
2.74	0.228768
2.745	0.203509
2.75	0.178029
2.755	0.152336
2.76	0.126438
2.765	0.100342
2.77	0.0740562
2.775	0.0475893
2.78	0.0209493
2.785	-0.00585541
2.79	-0.0328163
2.795	-0.0599248
2.8	-0.0871722
2.805	-0.11455
2.81	-0.142048
2.815	-0.169659
2.82	-0.197372
2.825	-0.225179
2.83	-0.253071
2.835	-0.281038
2.84	-0.309071
2.845	-0.33716
2.85	-0.365295
2.855	-0.393468
2.86	-0.421668
2.865	-0.449886
2.87	-0.478112
2.875	-0.506336
2.88	-0.534548
2.885	-0.562739
2.89	-0.590898
2.895	-0.619015
2.9	-0.647081
2.905	-0.675086
2.91	-0.703019
2.915	-0.73087
2.92	-0.758631
2.925	-0.786289
2.93	-0.813836
2.935	-0.841261
2.94	-0.868555
2.945	-0.895707
2.95	-0.922708
2.955	-0.949548
2.96	-0.976216
2.965	-1.0027
2.97	-1.029
2.975	-1.0551
2.98	-1.08098
2.985	-1.10665
2.99	-1.13208
2.995	-1.15728
3	-1.18223
3.005	-1.20692
3.01	-1.23135
3.015	-1.2555
3.02	-1.27936
3.025	-1.30293
3.03	-1.32619
3.035	-1.34915
3.04	-1.37178
3.045	-1.39409
3.05	-1.41606
3.055	-1.43768
3.06	-1.45895
3.065	-1.47986
3.07	-1.50039
3.075	-1.52055
3.08	-1.54033
3.085	-1.55971
3.09	-1.57869
3.095	-1.59727
3.1	-1.61543
3.105	-1.63317
3.11	-1.65049
3.115	-1.66737
3.12	-1.6838
3.125	-1.6998
3.13	-1.71534
3.135	-1.73042
3.14	-1.74503
3.145	-1.75918
3.15	-1.77285
3.155	-1.78605
3.16	-1.79875
3.165	-1.81097
3.17	-1.8227
3.175	-1.83392
3.18	-1.84464
3.185	-1.85486
3.19	-1.86457
3.195	-1.87376
3.2	-1.88243
3.205	-1.89059
3.21	-1.89822
3.215	-1.90533
3.22	-1.9119
3.225	-1.91795
3.23	-1.92346
3.235	-1.92844
3.24	-1.93289
3.245	-1.93679
3.25	-1.94016
3.255	-1.94299
3.26	-1.94527
3.265	-1.94702
3.27	-1.94822
3.275	-1.94888
3.28	-1.949
3.285	-1.94858
3.29	-1.94761
3.295	-1.94611
3.3	-1.94406
3.305	-1.94148
3.31	-1.93836
3.315	-1.9347
3.32	-1.93051
3.325	-1.92579
3.33	-1.92054
3.335	-1.91476
3.34	-1.90846
3.345	-1.90163
3.35	-1.89428
3.355	-1.88642
3.36	-1.87804
3.365	-1.86916
3.37	-1.85977
3.375	-1.84988
3.38	-1.83948
3.385	-1.8286
3.39	-1.81723
3.395	-1.80537
3.4	-1.79303
3.405	-1.78021
3.41	-1.76693
3.415	-1.75318
3.42	-1.73898
3.425	-1.72432
3.43	-1.70921
3.435	-1.69366
3.44	-1.67767
3.445	-1.66126
3.45	-1.64442
3.455	-1.62717
3.46	-1.6095
3.465	-1.59144
3.47	-1.57298
3.475	-1.55412
3.48	-1.53489
3.485	-1.51528
3.49	-1.49531
3.495	-1.47497
3.5	-1.45429
3.505	-1.43326
3.51	-1.41189
3.515	-1.3902
3.52	-1.36818
3.525	-1.34585
3.53	-1.32322
3.535	-1.3003
3.54	-1.27708
3.545	-1.25359
3.55	-1.22983
3.555	-1.2058
3.56	-1.18153
3.565	-1.157
3.57	-1.13225
3.575	-1.10726
3.58	-1.08206
3.585	-1.05665
3.59	-1.03104
3.595	-1.00524
3.6	-0.979258
3.605	-0.953102
3.61	-0.926783
3.615	-0.900309
3.62	-0.873689
3.625	-0.846932
3.63	-0.820049
3.635	-0.793046
3.64	-0.765935
3.645	-0.738723
3.65	-0.71142
3.655	-0.684035
3.66	-0.656578
3.665	-0.629056
3.67	-0.601479
3.675	-0.573857
3.68	-0.546197
3.685	-0.51851
3.69	-0.490803
3.695	-0.463086
3.7	-0.435368
3.705	-0.407656
3.71	-0.379961
3.715	-0.35229
3.72	-0.324653
3.725	-0.297058
3.73	-0.269512
3.735	-0.242026
3.74	-0.214606
3.745	-0.187262
3.75	-0.160001
3.755	-0.132831
3.76	-0.105762
3.765	-0.0787993
3.77	-0.0519524
3.775	-0.0252287
3.78	0.00136411
3.785	0.0278184
3.79	0.0541266
3.795	0.0802814
3.8	0.106275
3.805	0.132101
3.81	0.157752
3.815	0.183221
3.82	0.2085
3.825	0.233584
3.83	0.258465
3.835	0.283136
3.84	0.307592
3.845	0.331826
3.85	0.355832
3.855	0.379603
3.86	0.403134
3.865	0.426419
3.87	0.449451
3.875	0.472226
3.88	0.494737
3.885	0.51698
3.89	0.538949
3.895	0.560638
3.9	0.582044
3.905	0.60316
3.91	0.623983
3.915	0.644506
3.92	0.664727
3.925	0.68464
3.93	0.704242
3.935	0.723527
3.94	0.742493
3.945	0.761135
3.95	0.779449
3.955	0.797432
3.96	0.815081
3.965	0.832392
3.97	0.849361
3.975	0.865986
3.98	0.882264
3.985	0.898192
3.99	0.913767
3.995	0.928986
4	0.943848
4.005	0.95835
4.01	0.972489
4.015	0.986264
4.02	0.999672
4.025	1.01271
4.03	1.02538
4.035	1.03768
4.04	1.04961
4.045	1.06116
4.05	1.07234
4.055	1.08314
4.06	1.09357
4.065	1.10361
4.07	1.11328
4.075	1.12257
4.08	1.13148
4.085	1.14001
4.09	1.14816
4.095	1.15593
4.1	1.16332
4.105	1.17033
4.11	1.17697
4.115	1.18322
4.12	1.18909
4.125	1.19459
4.13	1.1997
4.135	1.20445
4.14	1.20881
4.145	1.21281
4.15	1.21642
4.155	1.21967
4.16	1.22255
4.165	1.22505
4.17	1.22719
4.175	1.22897
4.18	1.23038
4.185	1.23142
4.19	1.23211
4.195	1.23244
4.2	1.23241
4.205	1.23203
4.21	1.2313
4.215	1.23022
4.22	1.22879
4.225	1.22702
4.23	1.22491
4.235	1.22246
4.24	1.21967
4.245	1.21655
4.25	1.21311
4.255	1.20933
4.26	1.20523
4.265	1.20082
4.27	1.19608
4.275	1.19103
4.28	1.18568
4.285	1.18001
4.29	1.17405
4.295	1.16778
4.3	1.16123
4.305	1.15438
4.31	1.14724
4.315	1.13982
4.32	1.13212
4.325	1.12415
4.33	1.1159
4.335	1.10739
4.34	1.09862
4.345	1.08959
4.35	1.08031
4.355	1.07078
4.36	1.061
4.365	1.05099
4.37	1.04074
4.375	1.03026
4.38	1.01955
4.385	1.00862
4.39	0.997482
4.395	0.986129
4.4	0.97457
4.405	0.96281
4.41	0.950854
4.415	0.938707
4.42	0.926374
4.425	0.91386
4.43	0.90117
4.435	0.888309
4.44	0.875282
4.445	0.862094
4.45	0.84875
4.455	0.835255
4.46	0.821613
4.465	0.80783
4.47	0.793909
4.475	0.779857
4.48	0.765676
4.485	0.751373
4.49	0.736951
4.495	0.722415
4.5	0.707768
4.505	0.693016
4.51	0.678162
4.515	0.663211
4.52	0.648166
4.525	0.633033
4.53	0.617814
4.535	0.602514
4.54	0.587137
4.545	0.571688
4.55	0.556169
4.555	0.540586
4.56	0.524943
4.565	0.509243
4.57	0.493492
4.575	0.477693
4.58	0.46185
4.585	0.445968
4.59	0.430051
4.595	0.414103
4.6	0.398128
4.605	0.382132
4.61	0.366116
4.615	0.350087
4.62	0.334047
4.625	0.318001
4.63	0.301953
4.635	0.285907
4.64	0.269866
4.645	0.253834
4.65	0.237816
4.655	0.221815
4.66	0.205835
4.665	0.189881
4.67	0.173954
4.675	0.158061
4.68	0.142205
4.685	0.126388
4.69	0.110617
4.695	0.094893
4.7	0.0792214
4.705	0.0636054
4.71	0.0480488
4.715	0.0325554
4.72	0.0171286
4.725	0.00177218
4.73	-0.0135105
4.735	-0.0287159
4.74	-0.0438405
4.745	-0.0588811
4.75	-0.073834
4.755	-0.088696
4.76	-0.103464
4.765	-0.118134
4.77	-0.132703
4.775	-0.147167
4.78	-0.161524
4.785	-0.17577
4.79	-0.189902
4.795	-0.203916
4.8	-0.21781
4.805	-0.23158
4.81	-0.245224
4.815	-0.258739
4.82	-0.272121
4.825	-0.285367
4.83	-0.298476
4.835	-0.311444
4.84	-0.324268
4.845	-0.336946
4.85	-0.349475
4.855	-0.361853
4.86	-0.374076
4.865	-0.386143
4.87	-0.39805
4.875	-0.409796
4.88	-0.421378
4.885	-0.432793
4.89	-0.44404
4.895	-0.455115
4.9	-0.466018
4.905	-0.476744
4.91	-0.487294
4.915	-0.497664
4.92	-0.507852
4.925	-0.517857
4.93	-0.527677
4.935	-0.537311
4.94	-0.546755
4.945	-0.556009
4.95	-0.565071
4.955	-0.573939
4.96	-0.582613
4.965	-0.591089
4.97	-0.599368
4.975	-0.607447
4.98	-0.615326
4.985	-0.623003
4.99	-0.630476
4.995	-0.637745
5	-0.644809
5.005	-0.651667
5.01	-0.658316
5.015	-0.664758
5.02	-0.67099
5.025	-0.677011
5.03	-0.682822
5.035	-0.688421
5.04	-0.693808
5.045	-0.698981
5.05	-0.70394
5.055	-0.708686
5.06	-0.713216
5.065	-0.717532
5.07	-0.721631
5.075	-0.725515
5.08	-0.729183
5.085	-0.732634
5.09	-0.735869
5.095	-0.738887
5.1	-0.741688
5.105	-0.744272
5.11	-0.74664
5.115	-0.748791
5.12	-0.750726
5.125	-0.752445
5.13	-0.753948
5.135	-0.755235
5.14	-0.756308
5.145	-0.757166
5.15	-0.75781
5.155	-0.75824
5.16	-0.758458
5.165	-0.758464
5.17	-0.75826
5.175	-0.757845
5.18	-0.757221
5.185	-0.75639
5.19	-0.755351
5.195	-0.754107
5.2	-0.752659
5.205	-0.751007
5.21	-0.749153
5.215	-0.747099
5.22	-0.744846
5.225	-0.742395
5.23	-0.739748
5.235	-0.736907
5.24	-0.733873
5.245	-0.730648
5.25	-0.727233
5.255	-0.723631
5.26	-0.719843
5.265	-0.715872
5.27	-0.711718
5.275	-0.707385
5.28	-0.702874
5.285	-0.698188
5.29	-0.693328
5.295	-0.688297
5.3	-0.683096
5.305	-0.677729
5.31	-0.672197
5.315	-0.666503
5.32	-0.66065
5.325	-0.654639
5.33	-0.648473
5.335	-0.642155
5.34	-0.635688
5.345	-0.629073
5.35	-0.622314
5.355	-0.615413
5.36	-0.608373
5.365	-0.601196
5.37	-0.593886
5.375	-0.586445
5.38	-0.578876
5.385	-0.571182
5.39	-0.563366
5.395	-0.55543
5.4	-0.547378
5.405	-0.539212
5.41	-0.530936
5.415	-0.522552
5.42	-0.514062
5.425	-0.505472
5.43	-0.496782
5.435	-0.487997
5.44	-0.479118
5.445	-0.470151
5.45	-0.461096
5.455	-0.451958
5.46	-0.442739
5.465	-0.433443
5.47	-0.424073
5.475	-0.414632
5.48	-0.405122
5.485	-0.395547
5.49	-0.385911
5.495	-0.376216
5.5	-0.366465
5.505	-0.356661
5.51	-0.346808
5.515	-0.336908
5.52	-0.326965
5.525	-0.316981
5.53	-0.30696
5.535	-0.296905
5.54	-0.286818
5.545	-0.276704
5.55	-0.266564
5.555	-0.256402
5.56	-0.246222
5.565	-0.236025
5.57	-0.225816
5.575	-0.215597
5.58	-0.205372
5.585	-0.195142
5.59	-0.184912
5.595	-0.174684
5.6	-0.164461
5.605	-0.154247
5.61	-0.144043
5.615	-0.133853
5.62	-0.12368
5.625	-0.113527
5.63	-0.103396
5.635	-0.0932911
5.64	-0.0832139
5.645	-0.0731678
5.65	-0.0631554
5.655	-0.0531797
5.66	-0.0432434
5.665	-0.0333492
5.67	-0.0234998
5.675	-0.013698
5.68	-0.00394643
5.685	0.00575235
5.69	0.0153957
5.695	0.0249811
5.7	0.0345061
5.705	0.0439682
5.71	0.0533648
5.715	0.0626938
5.72	0.0719526
5.725	0.081139
5.73	0.0902506
5.735	0.0992853
5.74	0.108241
5.745	0.117115
5.75	0.125906
5.755	0.134611
5.76	0.143228
5.765	0.151756
5.77	0.160192
5.775	0.168535
5.78	0.176783
5.785	0.184933
5.79	0.192984
5.795	0.200934
5.8	0.208781
5.805	0.216525
5.81	0.224162
5.815	0.231692
5.82	0.239112
5.825	0.246422
5.83	0.25362
5.835	0.260705
5.84	0.267674
5.845	0.274528
5.85	0.281264
5.855	0.287881
5.86	0.294379
5.865	0.300755
5.87	0.30701
5.875	0.313141
5.88	0.319148
5.885	0.32503
5.89	0.330786
5.895	0.336416
5.9	0.341917
5.905	0.34729
5.91	0.352533
5.915	0.357646
5.92	0.362629
5.925	0.36748
5.93	0.372199
5.935	0.376785
5.94	0.381238
5.945	0.385558
5.95	0.389744
5.955	0.393796
5.96	0.397713
5.965	0.401495
5.97	0.405141
5.975	0.408653
5.98	0.412029
5.985	0.415269
5.99	0.418373
5.995	0.421341
6	0.424173
6.005	0.42687
6.01	0.42943
6.015	0.431854
6.02	0.434143
6.025	0.436296
6.03	0.438313
6.035	0.440195
6.04	0.441942
6.045	0.443555
6.05	0.445032
6.055	0.446376
6.06	0.447586
6.065	0.448662
6.07	0.449606
6.075	0.450417
6.08	0.451096
6.085	0.451643
6.09	0.45206
6.095	0.452347
6.1	0.452504
6.105	0.452532
6.11	0.452432
6.115	0.452205
6.12	0.45185
6.125	0.45137
6.13	0.450764
6.135	0.450035
6.14	0.449181
6.145	0.448206
6.15	0.447109
6.155	0.445891
6.16	0.444554
6.165	0.443098
6.17	0.441525
6.175	0.439836
6.18	0.438031
6.185	0.436112
6.19	0.43408
6.195	0.431937
6.2	0.429682
6.205	0.427319
6.21	0.424847
6.215	0.422268
6.22	0.419584
6.225	0.416795
6.23	0.413903
6.235	0.41091
6.24	0.407817
6.245	0.404625
6.25	0.401336
6.255	0.397951
6.26	0.394472
6.265	0.3909
6.27	0.387236
6.275	0.383482
6.28	0.37964
6.285	0.375711
6.29	0.371697
6.295	0.367599
6.3	0.363418
6.305	0.359158
6.31	0.354818
6.315	0.350401
6.32	0.345908
6.325	0.341341
6.33	0.336702
6.335	0.331992
6.34	0.327214
6.345	0.322367
6.35	0.317455
6.355	0.312479
6.36	0.307441
6.365	0.302342
6.37	0.297184
6.375	0.291969
6.38	0.286698
6.385	0.281374
6.39	0.275998
6.395	0.270572
6.4	0.265098
6.405	0.259577
6.41	0.254011
6.415	0.248402
6.42	0.242752
6.425	0.237062
6.43	0.231335
6.435	0.225572
6.44	0.219774
6.445	0.213945
6.45	0.208084
6.455	0.202195
6.46	0.196279
6.465	0.190337
6.47	0.184372
6.475	0.178385
6.48	0.172378
6.485	0.166352
6.49	0.160311
6.495	0.154254
6.5	0.148184
6.505	0.142104
6.51	0.136013
6.515	0.129915
6.52	0.123812
6.525	0.117704
6.53	0.111593
6.535	0.105482
6.54	0.0993715
6.545	0.0932639
6.55	0.0871607
6.555	0.0810636
6.56	0.0749743
6.565	0.0688943
6.57	0.0628255
6.575	0.0567694
6.58	0.0507277
6.585	0.0447019
6.59	0.0386938
6.595	0.0327048
6.6	0.0267367
6.605	0.020791
6.61	0.0148693
6.615	0.00897308
6.62	0.00310396
6.625	-0.00273651
6.63	-0.00854682
6.635	-0.0143254
6.64	-0.0200709
6.645	-0.0257816
6.65	-0.0314563
6.655	-0.0370933
6.66	-0.0426914
6.665	-0.048249
6.67	-0.0537648
6.675	-0.0592375
6.68	-0.0646657
6.685	-0.070048
6.69	-0.0753833
6.695	-0.0806701
6.7	-0.0859072
6.705	-0.0910934
6.71	-0.0962273
6.715	-0.101308
6.72	-0.106334
6.725	-0.111304
6.73	-0.116218
6.735	-0.121073
6.74	-0.125869
6.745	-0.130605
6.75	-0.13528
6.755	-0.139893
6.76	-0.144442
6.765	-0.148927
6.77	-0.153347
6.775	-0.1577
6.78	-0.161987
6.785	-0.166206
6.79	-0.170355
6.795	-0.174436
6.8	-0.178445
6.805	-0.182384
6.81	-0.18625
6.815	-0.190043
6.82	-0.193763
6.825	-0.197409
6.83	-0.20098
6.835	-0.204475
6.84	-0.207894
6.845	-0.211236
6.85	-0.214501
6.855	-0.217688
6.86	-0.220796
6.865	-0.223826
6.87	-0.226777
6.875	-0.229648
6.88	-0.232438
6.885	-0.235148
6.89	-0.237777
6.895	-0.240325
6.9	-0.242791
6.905	-0.245175
6.91	-0.247477
6.915	-0.249696
6.92	-0.251832
6.925	-0.253886
6.93	-0.255856
6.935	-0.257744
6.94	-0.259548
6.945	-0.261268
6.95	-0.262905
6.955	-0.264458
6.96	-0.265928
6.965	-0.267315
6.97	-0.268617
6.975	-0.269837
6.98	-0.270973
6.985	-0.272025
6.99	-0.272995
6.995	-0.273881
7	-0.274684
7.005	-0.275405
7.01	-0.276043
7.015	-0.276599
7.02	-0.277073
7.025	-0.277465
7.03	-0.277775
7.035	-0.278005
7.04	-0.278153
7.045	-0.278222
7.05	-0.27821
7.055	-0.278119
7.06	-0.277948
7.065	-0.277699
7.07	-0.277372
7.075	-0.276967
7.08	-0.276484
7.085	-0.275925
7.09	-0.27529
7.095	-0.274579
7.1	-0.273794
7.105	-0.272934
7.11	-0.272
7.115	-0.270993
7.12	-0.269914
7.125	-0.268763
7.13	-0.267541
7.135	-0.266249
7.14	-0.264888
7.145	-0.263458
7.15	-0.26196
7.155	-0.260395
7.16	-0.258763
7.165	-0.257066
7.17	-0.255305
7.175	-0.253479
7.18	-0.251591
7.185	-0.24964
7.19	-0.247629
7.195	-0.245557
7.2	-0.243426
7.205	-0.241237
7.21	-0.23899
7.215	-0.236687
7.22	-0.234328
7.225	-0.231915
7.23	-0.229449
7.235	-0.22693
7.24	-0.22436
7.245	-0.221739
7.25	-0.219069
7.255	-0.216351
7.26	-0.213585
7.265	-0.210774
7.27	-0.207917
7.275	-0.205016
7.28	-0.202072
7.285	-0.199087
7.29	-0.19606
7.295	-0.192994
7.3	-0.18989
7.305	-0.186748
7.31	-0.18357
7.315	-0.180357
7.32	-0.177109
7.325	-0.173829
7.33	-0.170517
7.335	-0.167174
7.34	-0.163802
7.345	-0.160402
7.35	-0.156974
7.355	-0.15352
7.36	-0.150041
7.365	-0.146538
7.37	-0.143013
7.375	-0.139466
7.38	-0.135898
7.385	-0.132311
7.39	-0.128707
7.395	-0.125085
7.4	-0.121447
7.405	-0.117795
7.41	-0.114129
7.415	-0.110451
7.42	-0.106762
7.425	-0.103062
7.43	-0.0993536
7.435	-0.0956371
7.44	-0.0919138
7.445	-0.0881848
7.45	-0.0844511
7.455	-0.0807139
7.46	-0.0769743
7.465	-0.0732333
7.47	-0.0694921
7.475	-0.0657517
7.48	-0.0620131
7.485	-0.0582775
7.49	-0.0545459
7.495	-0.0508194
7.5	-0.047099
7.505	-0.0433858
7.51	-0.0396808
7.515	-0.0359849
7.52	-0.0322993
7.525	-0.0286249
7.53	-0.0249627
7.535	-0.0213137
7.54	-0.0176789
7.545	-0.0140593
7.55	-0.0104558
7.555	-0.00686935
7.56	-0.00330092
7.565	0.000248604
7.57	0.00377832
7.575	0.00728735
7.58	0.0107748
7.585	0.0142397
7.59	0.0176814
7.595	0.0210988
7.6	0.0244911
7.605	0.0278577
7.61	0.0311975
7.615	0.0345099
7.62	0.037794
7.625	0.041049
7.63	0.0442741
7.635	0.0474686
7.64	0.0506316
7.645	0.0537626
7.65	0.0568608
7.655	0.0599254
7.66	0.0629558
7.665	0.0659514
7.67	0.0689114
7.675	0.0718351
7.68	0.074722
7.685	0.0775715
7.69	0.0803828
7.695	0.0831555
7.7	0.0858889
7.705	0.0885826
7.71	0.091236
7.715	0.0938485
7.72	0.0964197
7.725	0.098949
7.73	0.101436
7.735	0.10388
7.74	0.106281
7.745	0.108638
7.75	0.110951
7.755	0.11322
7.76	0.115444
7.765	0.117622
7.77	0.119755
7.775	0.121841
7.78	0.123882
7.785	0.125875
7.79	0.127822
7.795	0.129721
7.8	0.131572
7.805	0.133376
7.81	0.135131
7.815	0.136838
7.82	0.138497
7.825	0.140107
7.83	0.141667
7.835	0.143179
7.84	0.144642
7.845	0.146055
7.85	0.147419
7.855	0.148733
7.86	0.149997
7.865	0.151212
7.87	0.152376
7.875	0.153491
7.88	0.154556
7.885	0.15557
7.89	0.156535
7.895	0.15745
7.9	0.158314
7.905	0.159129
7.91	0.159893
7.915	0.160608
7.92	0.161273
7.925	0.161888
7.93	0.162453
7.935	0.162969
7.94	0.163436
7.945	0.163853
7.95	0.164221
7.955	0.16454
7.96	0.16481
7.965	0.165031
7.97	0.165204
7.975	0.165329
7.98	0.165406
7.985	0.165435
7.99	0.165417
7.995	0.165351
8	0.165238
8.005	0.165079
8.01	0.164873
8.015	0.164622
8.02	0.164324
8.025	0.163981
8.03	0.163594
8.035	0.163161
8.04	0.162684
8.045	0.162163
8.05	0.161598
8.055	0.16099
8.06	0.160339
8.065	0.159646
8.07	0.158911
8.075	0.158134
8.08	0.157316
8.085	0.156457
8.09	0.155558
8.095	0.15462
8.1	0.153642
8.105	0.152625
8.11	0.151571
8.115	0.150478
8.12	0.149348
8.125	0.148182
8.13	0.146979
8.135	0.145741
8.14	0.144468
8.145	0.14316
8.15	0.141818
8.155	0.140443
8.16	0.139035
8.165	0.137594
8.17	0.136122
8.175	0.134619
8.18	0.133085
8.185	0.131521
8.19	0.129928
8.195	0.128306
8.2	0.126656
8.205	0.124979
8.21	0.123275
8.215	0.121544
8.22	0.119788
8.225	0.118007
8.23	0.116202
8.235	0.114373
8.24	0.112521
8.245	0.110646
8.25	0.10875
8.255	0.106833
8.26	0.104896
8.265	0.102939
8.27	0.100962
8.275	0.0989679
8.28	0.0969556
8.285	0.0949264
8.29	0.0928807
8.295	0.0908194
8.3	0.088743
8.305	0.0866521
8.31	0.0845475
8.315	0.0824298
8.32	0.0802997
8.325	0.0781579
8.33	0.0760051
8.335	0.0738419
8.34	0.071669
8.345	0.069487
8.35	0.0672967
8.355	0.0650988
8.36	0.0628938
8.365	0.0606825
8.37	0.0584656
8.375	0.0562438
8.38	0.0540176
8.385	0.0517877
8.39	0.0495548
8.395	0.0473196
8.4	0.0450826
8.405	0.0428444
8.41	0.0406059
8.415	0.0383675
8.42	0.0361301
8.425	0.0338941
8.43	0.0316602
8.435	0.0294291
8.44	0.0272013
8.445	0.0249775
8.45	0.0227582
8.455	0.0205441
8.46	0.0183358
8.465	0.0161339
8.47	0.0139391
8.475	0.0117518
8.48	0.00957263
8.485	0.00740224
8.49	0.00524116
8.495	0.00308998
8.5	0.000949256
8.505	-0.00118043
8.51	-0.00329851
8.515	-0.00540443
8.52	-0.00749764
8.525	-0.00957762
8.53	-0.0116438
8.535	-0.0136958
8.54	-0.015733
8.545	-0.0177549
8.55	-0.019761
8.555	-0.0217509
8.56	-0.023724
8.565	-0.0256799
8.57	-0.0276181
8.575	-0.0295381
8.58	-0.0314396
8.585	-0.0333221
8.59	-0.0351851
8.595	-0.0370282
8.6	-0.038851
8.605	-0.040653
8.61	-0.0424338
8.615	-0.0441931
8.62	-0.0459303
8.625	-0.0476452
8.63	-0.0493374
8.635	-0.0510064
8.64	-0.052652
8.645	-0.0542738
8.65	-0.0558715
8.655	-0.0574446
8.66	-0.058993
8.665	-0.0605162
8.67	-0.0620141
8.675	-0.0634862
8.68	-0.0649324
8.685	-0.0663524
8.69	-0.0677458
8.695	-0.0691124
8.7	-0.070452
8.705	-0.0717643
8.71	-0.0730491
8.715	-0.0743062
8.72	-0.0755354
8.725	-0.0767365
8.73	-0.0779094
8.735	-0.0790537
8.74	-0.0801693
8.745	-0.081256
8.75	-0.0823138
8.755	-0.0833424
8.76	-0.0843417
8.765	-0.0853115
8.77	-0.0862518
8.775	-0.0871623
8.78	-0.0880431
8.785	-0.0888939
8.79	-0.0897148
8.795	-0.0905056
8.8	-0.0912663
8.805	-0.0919969
8.81	-0.0926973
8.815	-0.0933675
8.82	-0.0940075
8.825	-0.0946172
8.83	-0.0951966
8.835	-0.0957457
8.84	-0.0962646
8.845	-0.0967532
8.85	-0.0972116
8.855	-0.0976397
8.86	-0.0980377
8.865	-0.0984056
8.87	-0.0987433
8.875	-0.099051
8.88	-0.0993287
8.885	-0.0995765
8.89	-0.0997946
8.895	-0.0999829
8.9	-0.100142
8.905	-0.100271
8.91	-0.100371
8.915	-0.100442
8.92	-0.100483
8.925	-0.100496
8.93	-0.10048
8.935	-0.100435
8.94	-0.100362
8.945	-0.100261
8.95	-0.100131
8.955	-0.0999736
8.96	-0.0997884
8.965	-0.0995757
8.97	-0.0993357
8.975	-0.0990686
8.98	-0.0987747
8.985	-0.0984541
8.99	-0.0981072
8.995	-0.097734
9	-0.097335
9.005	-0.0969104
9.01	-0.0964603
9.015	-0.095985
9.02	-0.0954849
9.025	-0.0949602
9.03	-0.0944112
9.035	-0.0938381
9.04	-0.0932413
9.045	-0.092621
9.05	-0.0919776
9.055	-0.0913114
9.06	-0.0906226
9.065	-0.0899117
9.07	-0.0891789
9.075	-0.0884246
9.08	-0.0876492
9.085	-0.0868529
9.09	-0.0860361
9.095	-0.0851992
9.1	-0.0843425
9.105	-0.0834664
9.11	-0.0825711
9.115	-0.0816571
9.12	-0.0807247
9.125	-0.0797743
9.13	-0.0788061
9.135	-0.0778208
9.14	-0.0768185
9.145	-0.0757996
9.15	-0.0747647
9.155	-0.0737139
9.16	-0.0726478
9.165	-0.0715667
9.17	-0.070471
9.175	-0.0693611
9.18	-0.0682374
9.185	-0.0671003
9.19	-0.0659502
9.195	-0.0647875
9.2	-0.0636125
9.205	-0.0624258
9.21	-0.0612276
9.215	-0.0600184
9.22	-0.0587987
9.225	-0.0575688
9.23	-0.0563291
9.235	-0.0550801
9.24	-0.0538221
9.245	-0.0525556
9.25	-0.0512809
9.255	-0.0499985
9.26	-0.0487088
9.265	-0.0474121
9.27	-0.046109
9.275	-0.0447997
9.28	-0.0434847
9.285	-0.0421645
9.29	-0.0408393
9.295	-0.0395096
9.3	-0.0381757
9.305	-0.0368382
9.31	-0.0354974
9.315	-0.0341537
9.32	-0.0328075
9.325	-0.0314593
9.33	-0.0301093
9.335	-0.0287581
9.34	-0.027406
9.345	-0.0260534
9.35	-0.0247007
9.355	-0.0233484
9.36	-0.0219967
9.365	-0.0206461
9.37	-0.0192969
9.375	-0.0179495
9.38	-0.0166042
9.385	-0.0152614
9.39	-0.0139216
9.395	-0.012585
9.4	-0.011252
9.405	-0.00992298
9.41	-0.00859834
9.415	-0.00727839
9.42	-0.0059635
9.425	-0.00465401
9.43	-0.00335029
9.435	-0.00205267
9.44	-0.000761492
9.445	0.000522909
9.45	0.00180021
9.455	0.00307009
9.46	0.00433223
9.465	0.00558631
9.47	0.00683202
9.475	0.00806906
9.48	0.00929711
9.485	0.0105158
9.49	0.011725
9.495	0.0129242
9.5	0.0141132
9.505	0.0152918
9.51	0.0164595
9.515	0.0176163
9.52	0.0187618
9.525	0.0198957
9.53	0.0210178
9.535	0.0221278
9.54	0.0232255
9.545	0.0243106
9.55	0.025383
9.555	0.0264423
9.56	0.0274884
9.565	0.0285209
9.57	0.0295398
9.575	0.0305447
9.58	0.0315354
9.585	0.0325117
9.59	0.0334735
9.595	0.0344204
9.6	0.0353524
9.605	0.0362693
9.61	0.0371708
9.615	0.0380568
9.62	0.0389271
9.625	0.0397815
9.63	0.04062
9.635	0.0414423
9.64	0.0422484
9.645	0.043038
9.65	0.043811
9.655	0.0445673
9.66	0.0453068
9.665	0.0460294
9.67	0.0467349
9.675	0.0474232
9.68	0.0480942
9.685	0.0487478
9.69	0.049384
9.695	0.0500026
9.7	0.0506036
9.705	0.0511869
9.71	0.0517525
9.715	0.0523001
9.72	0.0528299
9.725	0.0533416
9.73	0.0538353
9.735	0.054311
9.74	0.0547685
9.745	0.0552078
9.75	0.055629
9.755	0.0560319
9.76	0.0564166
9.765	0.0567831
9.77	0.0571313
9.775	0.0574613
9.78	0.0577731
9.785	0.0580666
9.79	0.058342
9.795	0.0585992
9.8	0.0588383
9.805	0.0590592
9.81	0.0592621
9.815	0.0594468
9.82	0.0596136
9.825	0.0597624
9.83	0.0598932
9.835	0.0600062
9.84	0.0601013
9.845	0.0601787
9.85	0.0602384
9.855	0.0602805
9.86	0.0603051
9.865	0.0603122
9.87	0.0603021
9.875	0.0602746
9.88	0.0602301
9.885	0.0601686
9.89	0.0600901
9.895	0.0599948
9.9	0.0598829
9.905	0.0597543
9.91	0.0596093
9.915	0.0594479
9.92	0.0592703
9.925	0.0590767
9.93	0.0588671
9.935	0.0586418
9.94	0.0584008
9.945	0.0581444
9.95	0.0578727
9.955	0.0575858
9.96	0.057284
9.965	0.0569673
9.97	0.056636
9.975	0.0562903
9.98	0.0559302
9.985	0.055556
9.99	0.0551677
9.995	0.0547657
10	0.0543501
10.005	0.0539211
10.01	0.0534789
10.015	0.0530236
10.02	0.0525556
10.025	0.0520749
10.03	0.0515818
10.035	0.0510766
10.04	0.0505594
10.045	0.0500304
10.05	0.0494899
10.055	0.0489381
10.06	0.0483752
10.065	0.0478014
10.07	0.0472169
10.075	0.0466219
10.08	0.0460167
10.085	0.0454015
10.09	0.0447766
10.095	0.044142
10.1	0.0434982
10.105	0.0428452
10.11	0.0421834
10.115	0.041513
10.12	0.0408342
10.125	0.0401473
10.13	0.0394525
10.135	0.03875
10.14	0.0380402
10.145	0.0373232
10.15	0.0365992
10.155	0.0358686
10.16	0.0351316
10.165	0.0343883
10.17	0.0336391
10.175	0.0328842
10.18	0.0321238
10.185	0.0313582
10.19	0.0305876
10.195	0.0298123
10.2	0.0290325
10.205	0.0282486
10.21	0.0274606
10.215	0.026669
10.22	0.0258738
10.225	0.0250755
10.23	0.0242741
10.235	0.02347
10.24	0.0226635
10.245	0.0218546
10.25	0.0210438
10.255	0.0202311
10.26	0.0194169
10.265	0.0186014
10.27	0.0177848
10.275	0.0169673
10.28	0.0161493
10.285	0.015331
10.29	0.0145125
10.295	0.0136942
10.3	0.0128763
10.305	0.012059
10.31	0.0112425
10.315	0.010427
10.32	0.00961284
10.325	0.00880021
10.33	0.00798933
10.335	0.00718041
10.34	0.00637367
10.345	0.00556931
10.35	0.00476754
10.355	0.00396857
10.36	0.00317263
10.365	0.00237993
10.37	0.0015907
10.375	0.000805139
10.38	2.34674e-05
10.385	-0.000754122
10.39	-0.00152744
10.395	-0.00229628
10.4	-0.00306047
10.405	-0.00381979
10.41	-0.00457406
10.415	-0.00532308
10.42	-0.00606666
10.425	-0.00680461
10.43	-0.00753678
10.435	-0.00826299
10.44	-0.00898309
10.445	-0.00969688
10.45	-0.0104042
10.455	-0.0111049
10.46	-0.0117987
10.465	-0.0124855
10.47	-0.0131652
10.475	-0.0138375
10.48	-0.0145024
10.485	-0.0151597
10.49	-0.0158093
10.495	-0.0164509
10.5	-0.0170846
10.505	-0.01771
10.51	-0.0183271
10.515	-0.0189357
10.52	-0.0195358
10.525	-0.0201273
10.53	-0.0207099
10.535	-0.0212836
10.54	-0.0218483
10.545	-0.0224039
10.55	-0.0229501
10.555	-0.023487
10.56	-0.0240144
10.565	-0.0245322
10.57	-0.0250403
10.575	-0.0255386
10.58	-0.0260271
10.585	-0.0265056
10.59	-0.0269741
10.595	-0.0274324
10.6	-0.0278806
10.605	-0.0283184
10.61	-0.028746
10.615	-0.0291632
10.62	-0.0295699
10.625	-0.0299661
10.63	-0.0303518
10.635	-0.0307268
10.64	-0.0310912
10.645	-0.0314448
10.65	-0.0317876
10.655	-0.0321196
10.66	-0.0324407
10.665	-0.032751
10.67	-0.0330503
10.675	-0.0333388
10.68	-0.0336163
10.685	-0.0338828
10.69	-0.0341384
10.695	-0.0343829
10.7	-0.0346164
10.705	-0.0348389
10.71	-0.0350504
10.715	-0.0352508
10.72	-0.0354403
10.725	-0.0356186
10.73	-0.035786
10.735	-0.0359423
10.74	-0.0360876
10.745	-0.0362219
10.75	-0.0363452
10.755	-0.0364576
10.76	-0.0365592
10.765	-0.0366499
10.77	-0.0367297
10.775	-0.0367988
10.78	-0.0368571
10.785	-0.0369047
10.79	-0.0369415
10.795	-0.0369678
10.8	-0.0369835
10.805	-0.0369887
10.81	-0.0369834
10.815	-0.0369678
10.82	-0.0369417
10.825	-0.0369053
10.83	-0.0368587
10.835	-0.0368019
10.84	-0.036735
10.845	-0.0366581
10.85	-0.0365713
10.855	-0.0364746
10.86	-0.0363682
10.865	-0.0362521
10.87	-0.0361263
10.875	-0.035991
10.88	-0.0358463
10.885	-0.0356922
10.89	-0.0355289
10.895	-0.0353564
10.9	-0.0351749
10.905	-0.0349845
10.91	-0.0347852
10.915	-0.0345771
10.92	-0.0343603
10.925	-0.034135
10.93	-0.0339013
10.935	-0.0336593
10.94	-0.0334092
10.945	-0.033151
10.95	-0.0328849
10.955	-0.0326109
10.96	-0.0323293
10.965	-0.0320399
10.97	-0.0317431
10.975	-0.031439
10.98	-0.0311276
10.985	-0.0308091
10.99	-0.0304837
10.995	-0.0301514
11	-0.0298124
11.005	-0.0294667
11.01	-0.0291146
11.015	-0.0287562
11.02	-0.0283916
11.025	-0.0280211
11.03	-0.0276447
11.035	-0.0272625
11.04	-0.0268748
11.045	-0.0264816
11.05	-0.026083
11.055	-0.0256792
11.06	-0.0252704
11.065	-0.0248567
11.07	-0.0244382
11.075	-0.0240152
11.08	-0.0235876
11.085	-0.0231558
11.09	-0.0227198
11.095	-0.0222797
11.1	-0.0218357
11.105	-0.021388
11.11	-0.0209367
11.115	-0.020482
11.12	-0.020024
11.125	-0.019563
11.13	-0.0190989
11.135	-0.0186319
11.14	-0.0181623
11.145	-0.01769
11.15	-0.0172154
11.155	-0.0167385
11.16	-0.0162595
11.165	-0.0157786
11.17	-0.0152958
11.175	-0.0148114
11.18	-0.0143255
11.185	-0.0138382
11.19	-0.0133497
11.195	-0.0128602
11.2	-0.0123697
11.205	-0.0118785
11.21	-0.0113867
11.215	-0.0108943
11.22	-0.0104017
11.225	-0.00990879
11.23	-0.0094158
11.235	-0.00892286
11.24	-0.00843011
11.245	-0.0079377
11.25	-0.00744579
11.255	-0.00695451
11.26	-0.00646399
11.265	-0.00597435
11.27	-0.00548575
11.275	-0.0049983
11.28	-0.00451217
11.285	-0.00402748
11.29	-0.00354437
11.295	-0.00306297
11.3	-0.00258342
11.305	-0.00210582
11.31	-0.00163029
11.315	-0.00115696
11.32	-0.000685916
11.325	-0.000217301
11.33	0.00024876
11.335	0.000712133
11.34	0.00117269
11.345	0.00163032
11.35	0.00208491
11.355	0.00253636
11.36	0.00298456
11.365	0.0034294
11.37	0.00387077
11.375	0.00430855
11.38	0.00474263
11.385	0.00517291
11.39	0.00559929
11.395	0.00602167
11.4	0.00643998
11.405	0.00685412
11.41	0.00726401
11.415	0.00766954
11.42	0.00807061
11.425	0.00846711
11.43	0.00885893
11.435	0.00924599
11.44	0.00962821
11.445	0.0100055
11.45	0.0103778
11.455	0.0107451
11.46	0.0111072
11.465	0.0114641
11.47	0.0118157
11.475	0.0121618
11.48	0.0125026
11.485	0.0128379
11.49	0.0131676
11.495	0.0134916
11.5	0.0138101
11.505	0.0141228
11.51	0.0144297
11.515	0.0147307
11.52	0.0150258
11.525	0.0153149
11.53	0.0155979
11.535	0.0158749
11.54	0.0161457
11.545	0.0164104
11.55	0.016669
11.555	0.0169212
11.56	0.0171672
11.565	0.0174068
11.57	0.0176401
11.575	0.017867
11.58	0.0180874
11.585	0.0183015
11.59	0.018509
11.595	0.0187101
11.6	0.0189047
11.605	0.0190927
11.61	0.0192741
11.615	0.0194489
11.62	0.0196172
11.625	0.0197788
11.63	0.0199338
11.635	0.0200822
11.64	0.020224
11.645	0.0203593
11.65	0.0204878
11.655	0.0206098
11.66	0.0207251
11.665	0.0208337
11.67	0.0209358
11.675	0.0210312
11.68	0.0211201
11.685	0.0212023
11.69	0.0212779
11.695	0.021347
11.7	0.0214095
11.705	0.0214654
11.71	0.0215148
11.715	0.0215576
11.72	0.021594
11.725	0.0216239
11.73	0.0216475
11.735	0.0216646
11.74	0.0216754
11.745	0.0216798
11.75	0.0216779
11.755	0.0216698
11.76	0.0216554
11.765	0.0216349
11.77	0.0216082
11.775	0.0215754
11.78	0.0215365
11.785	0.0214916
11.79	0.0214406
11.795	0.0213838
11.8	0.021321
11.805	0.0212524
11.81	0.021178
11.815	0.0210979
11.82	0.0210121
11.825	0.0209207
11.83	0.0208237
11.835	0.0207212
11.84	0.0206133
11.845	0.0205
11.85	0.0203813
11.855	0.0202573
11.86	0.0201282
11.865	0.0199938
11.87	0.0198545
11.875	0.01971
11.88	0.0195607
11.885	0.0194065
11.89	0.0192474
11.895	0.0190837
11.9	0.0189153
11.905	0.0187424
11.91	0.018565
11.915	0.0183831
11.92	0.018197
11.925	0.0180065
11.93	0.0178119
11.935	0.0176131
11.94	0.0174102
11.945	0.0172034
11.95	0.0169927
11.955	0.0167782
11.96	0.01656
11.965	0.0163381
11.97	0.0161126
11.975	0.0158837
11.98	0.0156513
11.985	0.0154157
11.99	0.0151769
11.995	0.0149349
12	0.01469
12.005	0.0144421
12.01	0.0141913
12.015	0.0139378
12.02	0.0136815
12.025	0.0134227
12.03	0.0131613
12.035	0.0128975
12.04	0.0126314
12.045	0.012363
12.05	0.0120924
12.055	0.0118198
12.06	0.0115451
12.065	0.0112686
12.07	0.0109903
12.075	0.0107102
12.08	0.0104286
12.085	0.0101454
12.09	0.00986076
12.095	0.00957478
12.1	0.00928753
12.105	0.00899911
12.11	0.00870958
12.115	0.00841904
12.12	0.00812758
12.125	0.00783527
12.13	0.00754221
12.135	0.0072485
12.14	0.00695423
12.145	0.0066595
12.15	0.00636439
12.155	0.00606899
12.16	0.00577338
12.165	0.00547766
12.17	0.00518191
12.175	0.00488622
12.18	0.00459067
12.185	0.00429535
12.19	0.00400033
12.195	0.00370568
12.2	0.00341148
12.205	0.00311781
12.21	0.00282474
12.215	0.00253236
12.22	0.00224074
12.225	0.00194996
12.23	0.00166012
12.235	0.00137131
12.24	0.00108361
12.245	0.000797084
12.25	0.00051182
12.255	0.000227885
12.26	-5.46454e-05
12.265	-0.000335694
12.27	-0.000615183
12.275	-0.000893041
12.28	-0.0011692
12.285	-0.0014436
12.29	-0.00171617
12.295	-0.00198687
12.3	-0.00225562
12.305	-0.00252235
12.31	-0.00278701
12.315	-0.0030495
12.32	-0.00330977
12.325	-0.00356773
12.33	-0.00382334
12.335	-0.00407653
12.34	-0.00432725
12.345	-0.00457545
12.35	-0.00482108
12.355	-0.00506406
12.36	-0.00530435
12.365	-0.00554189
12.37	-0.00577662
12.375	-0.0060085
12.38	-0.00623748
12.385	-0.00646353
12.39	-0.00668658
12.395	-0.0069066
12.4	-0.00712352
12.405	-0.00733729
12.41	-0.00754786
12.415	-0.00775518
12.42	-0.0079592
12.425	-0.00815989
12.43	-0.00835722
12.435	-0.00855116
12.44	-0.00874166
12.445	-0.0089287
12.45	-0.00911223
12.455	-0.00929223
12.46	-0.00946866
12.465	-0.00964149
12.47	-0.00981071
12.475	-0.0099763
12.48	-0.0101382
12.485	-0.0102964
12.49	-0.0104509
12.495	-0.0106017
12.5	-0.0107486
12.505	-0.0108918
12.51	-0.011031
12.515	-0.0111664
12.52	-0.011298
12.525	-0.0114256
12.53	-0.0115494
12.535	-0.0116692
12.54	-0.0117852
12.545	-0.0118971
12.55	-0.0120052
12.555	-0.0121093
12.56	-0.0122094
12.565	-0.0123055
12.57	-0.0123977
12.575	-0.0124859
12.58	-0.0125701
12.585	-0.0126504
12.59	-0.0127266
12.595	-0.0127988
12.6	-0.012867
12.605	-0.0129312
12.61	-0.0129915
12.615	-0.0130477
12.62	-0.0131
12.625	-0.0131483
12.63	-0.0131927
12.635	-0.0132331
12.64	-0.0132696
12.645	-0.0133022
12.65	-0.0133308
12.655	-0.0133555
12.66	-0.0133763
12.665	-0.0133933
12.67	-0.0134063
12.675	-0.0134155
12.68	-0.0134209
12.685	-0.0134224
12.69	-0.0134202
12.695	-0.0134141
12.7	-0.0134043
12.705	-0.0133908
12.71	-0.0133736
12.715	-0.0133527
12.72	-0.0133282
12.725	-0.0133001
12.73	-0.0132684
12.735	-0.0132331
12.74	-0.0131943
12.745	-0.0131519
12.75	-0.0131061
12.755	-0.0130569
12.76	-0.0130042
12.765	-0.0129482
12.77	-0.0128888
12.775	-0.0128261
12.78	-0.01276
12.785	-0.0126908
12.79	-0.0126183
12.795	-0.0125426
12.8	-0.0124639
12.805	-0.0123821
12.81	-0.0122972
12.815	-0.0122094
12.82	-0.0121185
12.825	-0.0120248
12.83	-0.0119281
12.835	-0.0118286
12.84	-0.0117264
12.845	-0.0116213
12.85	-0.0115136
12.855	-0.0114032
12.86	-0.0112902
12.865	-0.0111746
12.87	-0.0110565
12.875	-0.0109359
12.88	-0.0108129
12.885	-0.0106875
12.89	-0.0105598
12.895	-0.0104299
12.9	-0.0102978
12.905	-0.0101634
12.91	-0.0100269
12.915	-0.00988837
12.92	-0.00974774
12.925	-0.00960513
12.93	-0.00946058
12.935	-0.00931416
12.94	-0.00916592
12.945	-0.0090159
12.95	-0.00886415
12.955	-0.00871073
12.96	-0.00855569
12.965	-0.0083991
12.97	-0.00824101
12.975	-0.00808149
12.98	-0.00792059
12.985	-0.00775836
12.99	-0.00759485
12.995	-0.0074301
13	-0.00726415
13.005	-0.00709706
13.01	-0.00692887
13.015	-0.00675964
13.02	-0.00658944
13.025	-0.00641833
13.03	-0.00624636
13.035	-0.00607358
13.04	-0.00590005
13.045	-0.0057258
13.05	-0.0055509
13.055	-0.00537541
13.06	-0.00519938
13.065	-0.00502288
13.07	-0.00484597
13.075	-0.00466868
13.08	-0.00449106
13.085	-0.00431316
13.09	-0.00413502
13.095	-0.00395669
13.1	-0.00377822
13.105	-0.00359968
13.11	-0.00342112
13.115	-0.0032426
13.12	-0.00306418
13.125	-0.00288592
13.13	-0.00270784
13.135	-0.00253001
13.14	-0.00235245
13.145	-0.00217523
13.15	-0.0019984
13.155	-0.00182201
13.16	-0.00164612
13.165	-0.00147075
13.17	-0.00129595
13.175	-0.00112177
13.18	-0.000948229
13.185	-0.000775387
13.19	-0.00060329
13.195	-0.00043199
13.2	-0.00026154
13.205	-9.19928e-05
13.21	7.6604e-05
13.215	0.000244205
13.22	0.000410772
13.225	0.000576266
13.23	0.000740652
13.235	0.00090389
13.24	0.00106594
13.245	0.00122675
13.25	0.00138629
13.255	0.00154451
13.26	0.00170139
13.265	0.00185689
13.27	0.00201098
13.275	0.00216364
13.28	0.00231482
13.285	0.00246448
13.29	0.00261258
13.295	0.00275906
13.3	0.0029039
13.305	0.00304706
13.31	0.00318852
13.315	0.00332825
13.32	0.00346623
13.325	0.00360243
13.33	0.00373682
13.335	0.00386936
13.34	0.00400003
13.345	0.00412879
13.35	0.00425563
13.355	0.00438052
13.36	0.00450344
13.365	0.00462438
13.37	0.0047433
13.375	0.00486017
13.38	0.00497495
13.385	0.00508763
13.39	0.00519817
13.395	0.00530655
13.4	0.00541277
13.405	0.00551682
13.41	0.00561868
13.415	0.00571835
13.42	0.00581581
13.425	0.00591104
13.43	0.006004
13.435	0.00609469
13.44	0.00618308
13.445	0.00626918
13.45	0.00635298
13.455	0.00643448
13.46	0.00651366
13.465	0.00659049
13.47	0.00666496
13.475	0.00673704
13.48	0.00680674
13.485	0.00687403
13.49	0.00693894
13.495	0.00700146
13.5	0.0070616
13.505	0.00711936
13.51	0.00717473
13.515	0.00722769
13.52	0.00727825
13.525	0.00732638
13.53	0.0073721
13.535	0.00741541
13.54	0.00745632
13.545	0.00749484
13.55	0.00753096
13.555	0.00756468
13.56	0.00759599
13.565	0.00762487
13.57	0.00765134
13.575	0.00767541
13.58	0.0076971
13.585	0.00771642
13.59	0.00773339
13.595	0.00774802
13.6	0.00776031
13.605	0.00777026
13.61	0.00777788
13.615	0.00778316
13.62	0.00778613
13.625	0.00778679
13.63	0.00778516
13.635	0.00778127
13.64	0.00777512
13.645	0.00776672
13.65	0.00775608
13.655	0.0077432
13.66	0.0077281
13.665	0.0077108
13.67	0.00769133
13.675	0.00766972
13.68	0.00764599
13.685	0.00762017
13.69	0.00759227
13.695	0.00756228
13.7	0.00753023
13.705	0.00749613
13.71	0.00746
13.715	0.00742187
13.72	0.00738177
13.725	0.00733971
13.73	0.00729573
13.735	0.00724983
13.74	0.00720204
13.745	0.00715238
13.75	0.00710086
13.755	0.00704752
13.76	0.00699239
13.765	0.00693551
13.77	0.00687691
13.775	0.00681662
13.78	0.00675466
13.785	0.00669104
13.79	0.00662579
13.795	0.00655892
13.8	0.00649047
13.805	0.00642046
13.81	0.00634893
13.815	0.00627591
13.82	0.00620142
13.825	0.00612551
13.83	0.00604818
13.835	0.00596947
13.84	0.0058894
13.845	0.00580801
13.85	0.00572534
13.855	0.00564143
13.86	0.00555632
13.865	0.00547003
13.87	0.0053826
13.875	0.00529404
13.88	0.00520438
13.885	0.00511363
13.89	0.00502183
13.895	0.00492901
13.9	0.00483522
13.905	0.00474048
13.91	0.00464484
13.915	0.00454832
13.92	0.00445096
13.925	0.00435279
13.93	0.00425383
13.935	0.00415412
13.94	0.0040537
13.945	0.00395262
13.95	0.00385091
13.955	0.0037486
13.96	0.00364571
13.965	0.00354227
13.97	0.0034383
13.975	0.00333382
13.98	0.00322887
13.985	0.00312349
13.99	0.00301772
13.995	0.00291159
14	0.00280514
14.005	0.00269841
14.01	0.00259141
14.015	0.00248418
14.02	0.00237675
14.025	0.00226915
14.03	0.00216143
14.035	0.00205362
14.04	0.00194575
14.045	0.00183787
14.05	0.00172998
14.055	0.00162212
14.06	0.00151429
14.065	0.00140652
14.07	0.00129884
14.075	0.00119129
14.08	0.00108392
14.085	0.000976758
14.09	0.000869843
14.095	0.000763195
14.1	0.000656836
14.105	0.000550789
14.11	0.000445087
14.115	0.000339766
14.12	0.000234863
14.125	0.00013041
14.13	2.64348e-05
14.135	-7.70417e-05
14.14	-0.000180003
14.145	-0.000282432
14.15	-0.000384313
14.155	-0.000485622
14.16	-0.000586333
14.165	-0.00068641
14.17	-0.000785817
14.175	-0.000884519
14.18	-0.000982488
14.185	-0.0010797
14.19	-0.00117614
14.195	-0.0012718
14.2	-0.00136664
14.205	-0.00146065
14.21	-0.00155379
14.215	-0.00164603
14.22	-0.00173736
14.225	-0.00182776
14.23	-0.00191722
14.235	-0.00200573
14.24	-0.00209328
14.245	-0.00217984
14.25	-0.00226539
14.255	-0.00234991
14.26	-0.00243336
14.265	-0.00251573
14.27	-0.00259698
14.275	-0.0026771
14.28	-0.00275609
14.285	-0.00283392
14.29	-0.00291059
14.295	-0.00298608
14.3	-0.00306037
14.305	-0.00313344
14.31	-0.00320528
14.315	-0.00327588
14.32	-0.00334523
14.325	-0.00341333
14.33	-0.00348018
14.335	-0.00354576
14.34	-0.00361005
14.345	-0.00367302
14.35	-0.00373467
14.355	-0.00379498
14.36	-0.00385392
14.365	-0.0039115
14.37	-0.0039677
14.375	-0.00402253
14.38	-0.00407598
14.385	-0.00412804
14.39	-0.00417871
14.395	-0.00422798
14.4	-0.00427583
14.405	-0.00432227
14.41	-0.00436729
14.415	-0.0044109
14.42	-0.0044531
14.425	-0.00449388
14.43	-0.00453322
14.435	-0.00457112
14.44	-0.00460757
14.445	-0.00464254
14.45	-0.00467606
14.455	-0.00470811
14.46	-0.00473869
14.465	-0.00476783
14.47	-0.00479551
14.475	-0.00482174
14.48	-0.00484654
14.485	-0.00486988
14.49	-0.00489176
14.495	-0.0049122
14.5	-0.00493118
14.505	-0.00494873
14.51	-0.00496484
14.515	-0.00497953
14.52	-0.00499279
14.525	-0.00500461
14.53	-0.00501498
14.535	-0.00502391
14.54	-0.0050314
14.545	-0.00503747
14.55	-0.00504213
14.555	-0.00504539
14.56	-0.00504726
14.565	-0.00504775
14.57	-0.00504687
14.575	-0.00504462
14.58	-0.005041
14.585	-0.00503603
14.59	-0.0050297
14.595	-0.00502204
14.6	-0.00501306
14.605	-0.00500278
14.61	-0.00499119
14.615	-0.0049783
14.62	-0.0049641
14.625	-0.0049486
14.63	-0.00493182
14.635	-0.00491377
14.64	-0.00489448
14.645	-0.00487397
14.65	-0.00485226
14.655	-0.00482935
14.66	-0.00480525
14.665	-0.00477997
14.67	-0.00475353
14.675	-0.00472593
14.68	-0.00469719
14.685	-0.00466732
14.69	-0.00463635
14.695	-0.00460428
14.7	-0.00457114
14.705	-0.00453693
14.71	-0.00450166
14.715	-0.00446534
14.72	-0.00442799
14.725	-0.00438963
14.73	-0.00435029
14.735	-0.00431
14.74	-0.00426878
14.745	-0.00422664
14.75	-0.00418358
14.755	-0.00413963
14.76	-0.00409478
14.765	-0.00404906
14.77	-0.00400249
14.775	-0.00395508
14.78	-0.00390686
14.785	-0.00385785
14.79	-0.00380806
14.795	-0.0037575
14.8	-0.0037062
14.805	-0.00365417
14.81	-0.00360143
14.815	-0.003548
14.82	-0.00349392
14.825	-0.00343919
14.83	-0.00338387
14.835	-0.00332794
14.84	-0.00327144
14.845	-0.00321437
14.85	-0.00315674
14.855	-0.00309856
14.86	-0.00303988
14.865	-0.0029807
14.87	-0.00292105
14.875	-0.00286095
14.88	-0.00280042
14.885	-0.00273947
14.89	-0.00267812
14.895	-0.0026164
14.9	-0.00255431
14.905	-0.0024919
14.91	-0.00242917
14.915	-0.00236616
14.92	-0.00230289
14.925	-0.00223936
14.93	-0.00217561
14.935	-0.00211163
14.94	-0.00204744
14.945	-0.00198307
14.95	-0.00191852
14.955	-0.00185384
14.96	-0.00178904
14.965	-0.00172413
14.97	-0.00165914
14.975	-0.00159408
14.98	-0.00152898
14.985	-0.00146386
14.99	-0.00139873
14.995	-0.00133362
15	-0.00126855
15.005	-0.00120353
15.01	-0.00113859
15.015	-0.00107374
15.02	-0.00100899
15.025	-0.000944366
15.03	-0.000879865
15.035	-0.000815506
15.04	-0.000751309
15.045	-0.000687296
15.05	-0.000623492
15.055	-0.000559914
15.06	-0.000496581
15.065	-0.000433506
15.07	-0.000370706
15.075	-0.000308199
15.08	-0.000246006
15.085	-0.000184143
15.09	-0.000122627
15.095	-6.14744e-05
15.1	-6.98913e-07
15.105	5.9685e-05
15.11	0.000119665
15.115	0.000179231
15.12	0.000238375
15.125	0.000297087
15.13	0.000355351
15.135	0.000413149
15.14	0.000470456
15.145	0.000527253
15.15	0.000583525
15.155	0.000639263
15.16	0.000694459
15.165	0.000749101
15.17	0.000803176
15.175	0.000856666
15.18	0.000909558
15.185	0.000961841
15.19	0.00101351
15.195	0.00106455
15.2	0.00111496
15.205	0.00116473
15.21	0.00121385
15.215	0.00126231
15.22	0.0013101
15.225	0.0013572
15.23	0.0014036
15.235	0.00144928
15.24	0.00149423
15.245	0.00153843
15.25	0.0015819
15.255	0.00162462
15.26	0.00166659
15.265	0.0017078
15.27	0.00174824
15.275	0.0017879
15.28	0.00182678
15.285	0.00186487
15.29	0.00190216
15.295	0.00193867
15.3	0.00197438
15.305	0.00200929
15.31	0.00204338
15.315	0.00207664
15.32	0.00210908
15.325	0.00214067
15.33	0.00217141
15.335	0.0022013
15.34	0.00223034
15.345	0.00225852
15.35	0.00228585
15.355	0.00231232
15.36	0.00233793
15.365	0.00236268
15.37	0.00238655
15.375	0.00240956
15.38	0.00243171
15.385	0.00245299
15.39	0.00247341
15.395	0.00249296
15.4	0.00251164
15.405	0.00252945
15.41	0.00254637
15.415	0.00256241
15.42	0.00257757
15.425	0.00259184
15.43	0.00260523
15.435	0.00261775
15.44	0.0026294
15.445	0.00264017
15.45	0.00265009
15.455	0.00265914
15.46	0.00266733
15.465	0.00267467
15.47	0.00268114
15.475	0.00268677
15.48	0.00269155
15.485	0.00269549
15.49	0.00269857
15.495	0.0027008
15.5	0.00270218
15.505	0.00270272
15.51	0.00270241
15.515	0.00270127
15.52	0.0026993
15.525	0.00269652
15.53	0.00269292
15.535	0.00268853
15.54	0.00268334
15.545	0.00267737
15.55	0.00267062
15.555	0.00266309
15.56	0.00265479
15.565	0.00264572
15.57	0.00263589
15.575	0.00262531
15.58	0.00261398
15.585	0.0026019
15.59	0.00258907
15.595	0.00257551
15.6	0.00256123
15.605	0.00254623
15.61	0.00253052
15.615	0.00251413
15.62	0.00249704
15.625	0.00247929
15.63	0.00246088
15.635	0.00244182
15.64	0.00242212
15.645	0.00240178
15.65	0.0023808
15.655	0.0023592
15.66	0.00233699
15.665	0.00231417
15.67	0.00229076
15.675	0.00226677
15.68	0.00224219
15.685	0.00221703
15.69	0.00219132
15.695	0.00216507
15.7	0.00213828
15.705	0.00211098
15.71	0.00208318
15.715	0.00205489
15.72	0.00202612
15.725	0.00199688
15.73	0.00196717
15.735	0.00193701
15.74	0.00190641
15.745	0.00187536
15.75	0.00184389
15.755	0.00181199
15.76	0.00177969
15.765	0.001747
15.77	0.00171392
15.775	0.00168048
15.78	0.00164667
15.785	0.00161251
15.79	0.00157803
15.795	0.00154325
15.8	0.00150817
15.805	0.0014728
15.81	0.00143717
15.815	0.00140127
15.82	0.0013651
15.825	0.00132869
15.83	0.00129204
15.835	0.00125515
15.84	0.00121805
15.845	0.00118074
15.85	0.00114323
15.855	0.00110554
15.86	0.00106768
15.865	0.00102966
15.87	0.000991501
15.875	0.00095321
15.88	0.000914805
15.885	0.000876302
15.89	0.000837716
15.895	0.000799059
15.9	0.000760337
15.905	0.000721554
15.91	0.000682717
15.915	0.000643833
15.92	0.000604915
15.925	0.000565974
15.93	0.000527024
15.935	0.000488077
15.94	0.000449144
15.945	0.000410238
15.95	0.000371371
15.955	0.000332558
15.96	0.000293812
15.965	0.000255145
15.97	0.000216569
15.975	0.000178096
15.98	0.000139737
15.985	0.000101502
15.99	6.33958e-05
15.995	2.54244e-05
16	-1.24088e-05
16.005	-5.0098e-05
16.01	-8.76339e-05
16.015	-0.000125004
16.02	-0.000162194
16.025	-0.00019919
16.03	-0.00023598
16.035	-0.000272555
16.04	-0.000308905
16.045	-0.00034502
16.05	-0.000380888
16.055	-0.000416499
16.06	-0.000451842
16.065	-0.000486907
16.07	-0.000521686
16.075	-0.000556175
16.08	-0.000590367
16.085	-0.00062426
16.09	-0.00065785
16.095	-0.000691132
16.1	-0.000724099
16.105	-0.00075674
16.11	-0.000789045
16.115	-0.000821001
16.12	-0.000852598
16.125	-0.000883829
16.13	-0.000914686
16.135	-0.000945162
16.14	-0.00097525
16.145	-0.00100494
16.15	-0.00103423
16.155	-0.00106311
16.16	-0.00109157
16.165	-0.00111962
16.17	-0.00114725
16.175	-0.00117446
16.18	-0.00120124
16.185	-0.0012276
16.19	-0.00125352
16.195	-0.001279
16.2	-0.00130403
16.205	-0.0013286
16.21	-0.00135271
16.215	-0.00137633
16.22	-0.00139948
16.225	-0.00142215
16.23	-0.00144433
16.235	-0.00146602
16.24	-0.00148723
16.245	-0.00150794
16.25	-0.00152816
16.255	-0.00154788
16.26	-0.00156711
16.265	-0.00158585
16.27	-0.00160409
16.275	-0.00162184
16.28	-0.00163908
16.285	-0.00165581
16.29	-0.00167203
16.295	-0.00168773
16.3	-0.0017029
16.305	-0.00171754
16.31	-0.00173165
16.315	-0.00174524
16.32	-0.00175829
16.325	-0.00177082
16.33	-0.00178283
16.335	-0.00179431
16.34	-0.00180527
16.345	-0.00181571
16.35	-0.00182562
16.355	-0.00183501
16.36	-0.00184388
16.365	-0.00185223
16.37	-0.00186007
16.375	-0.00186737
16.38	-0.00187415
16.385	-0.0018804
16.39	-0.00188612
16.395	-0.00189131
16.4	-0.00189597
16.405	-0.00190011
16.41	-0.00190373
16.415	-0.00190684
16.42	-0.00190944
16.425	-0.00191153
16.43	-0.00191311
16.435	-0.00191419
16.44	-0.00191477
16.445	-0.00191484
16.45	-0.00191443
16.455	-0.00191352
16.46	-0.00191212
16.465	-0.00191023
16.47	-0.00190784
16.475	-0.00190496
16.48	-0.00190159
16.485	-0.00189773
16.49	-0.0018934
16.495	-0.0018886
16.5	-0.00188333
16.505	-0.0018776
16.51	-0.00187142
16.515	-0.00186479
16.52	-0.00185771
16.525	-0.0018502
16.53	-0.00184224
16.535	-0.00183385
16.54	-0.00182504
16.545	-0.0018158
16.55	-0.00180613
16.555	-0.00179605
16.56	-0.00178555
16.565	-0.00177463
16.57	-0.0017633
16.575	-0.00175158
16.58	-0.00173946
16.585	-0.00172696
16.59	-0.00171408
16.595	-0.00170083
16.6	-0.00168722
16.605	-0.00167326
16.61	-0.00165894
16.615	-0.00164427
16.62	-0.00162927
16.625	-0.00161392
16.63	-0.00159824
16.635	-0.00158224
16.64	-0.00156592
16.645	-0.00154928
16.65	-0.00153232
16.655	-0.00151506
16.66	-0.0014975
16.665	-0.00147966
16.67	-0.00146153
16.675	-0.00144314
16.68	-0.00142448
16.685	-0.00140557
16.69	-0.00138641
16.695	-0.00136701
16.7	-0.00134737
16.705	-0.0013275
16.71	-0.00130741
16.715	-0.0012871
16.72	-0.00126657
16.725	-0.00124583
16.73	-0.00122489
16.735	-0.00120376
16.74	-0.00118243
16.745	-0.00116093
16.75	-0.00113925
16.755	-0.00111741
16.76	-0.00109542
16.765	-0.00107329
16.77	-0.00105102
16.775	-0.00102863
16.78	-0.00100611
16.785	-0.000983476
16.79	-0.000960729
16.795	-0.000937876
16.8	-0.000914924
16.805	-0.000891877
16.81	-0.000868742
16.815	-0.000845522
16.82	-0.000822227
16.825	-0.000798865
16.83	-0.000775447
16.835	-0.000751979
16.84	-0.000728472
16.845	-0.000704931
16.85	-0.000681365
16.855	-0.000657782
16.86	-0.000634192
16.865	-0.000610599
16.87	-0.000587009
16.875	-0.000563424
16.88	-0.000539849
16.885	-0.000516288
16.89	-0.000492749
16.895	-0.00046924
16.9	-0.000445767
16.905	-0.000422335
16.91	-0.00039895
16.915	-0.000375619
16.92	-0.000352352
16.925	-0.000329157
16.93	-0.000306044
16.935	-0.00028302
16.94	-0.000260092
16.945	-0.000237263
16.95	-0.00021454
16.955	-0.000191928
16.96	-0.000169433
16.965	-0.000147056
16.97	-0.000124801
16.975	-0.000102672
16.98	-8.06715e-05
16.985	-5.88073e-05
16.99	-3.70857e-05
16.995	-1.55131e-05
17	5.90422e-06
17.005	2.71597e-05
17.01	4.82457e-05
17.015	6.91544e-05
17.02	8.98781e-05
17.025	0.000110411
17.03	0.000130749
17.035	0.000150889
17.04	0.000170828
17.045	0.000190563
17.05	0.000210092
17.055	0.000229412
17.06	0.000248521
17.065	0.000267418
17.07	0.000286099
17.075	0.000304557
17.08	0.000322786
17.085	0.000340777
17.09	0.000358525
17.095	0.000376025
17.1	0.000393274
17.105	0.000410266
17.11	0.000426996
17.115	0.000443461
17.12	0.000459659
17.125	0.00047559
17.13	0.000491253
17.135	0.000506649
17.14	0.000521776
17.145	0.000536629
17.15	0.000551207
17.155	0.000565509
17.16	0.000579532
17.165	0.000593275
17.17	0.000606731
17.175	0.000619893
17.18	0.000632755
17.185	0.000645311
17.19	0.000657563
17.195	0.00066951
17.2	0.000681151
17.205	0.000692486
17.21	0.000703512
17.215	0.000714228
17.22	0.000724636
17.225	0.000734738
17.23	0.000744534
17.235	0.000754025
17.24	0.000763208
17.245	0.000772082
17.25	0.000780645
17.255	0.000788897
17.26	0.000796835
17.265	0.000804455
17.27	0.000811752
17.275	0.000818722
17.28	0.000825365
17.285	0.000831682
17.29	0.000837679
17.295	0.000843357
17.3	0.000848718
17.305	0.000853761
17.31	0.000858488
17.315	0.000862901
17.32	0.000867004
17.325	0.000870799
17.33	0.000874286
17.335	0.000877461
17.34	0.000880321
17.345	0.000882866
17.35	0.000885096
17.355	0.000887011
17.36	0.000888612
17.365	0.000889896
17.37	0.000890861
17.375	0.000891512
17.38	0.000891852
17.385	0.000891891
17.39	0.000891634
17.395	0.000891084
17.4	0.000890243
17.405	0.00088911
17.41	0.000887688
17.415	0.000885978
17.42	0.000883983
17.425	0.000881702
17.43	0.000879135
17.435	0.00087628
17.44	0.000873136
17.445	0.000869707
17.45	0.000865995
17.455	0.000862003
17.46	0.000857733
17.465	0.000853188
17.47	0.000848373
17.475	0.000843296
17.48	0.000837965
17.485	0.000832386
17.49	0.000826561
17.495	0.000820491
17.5	0.000814176
17.505	0.000807617
17.51	0.000800817
17.515	0.000793779
17.52	0.000786503
17.525	0.00077899
17.53	0.000771241
17.535	0.00076326
17.54	0.000755051
17.545	0.00074662
17.55	0.000737971
17.555	0.000729108
17.56	0.000720037
17.565	0.000710765
17.57	0.000701302
17.575	0.000691654
17.58	0.000681824
17.585	0.000671811
17.59	0.000661613
17.595	0.000651229
17.6	0.000640664
17.605	0.000629922
17.61	0.000619009
17.615	0.000607928
17.62	0.00059668
17.625	0.000585267
17.63	0.000573694
17.635	0.000561968
17.64	0.000550098
17.645	0.000538091
17.65	0.000525952
17.655	0.000513687
17.66	0.000501302
17.665	0.000488803
17.67	0.000476194
17.675	0.000463477
17.68	0.000450648
17.685	0.000437705
17.69	0.000424651
17.695	0.000411492
17.7	0.000398236
17.705	0.00038489
17.71	0.000371458
17.715	0.00035794
17.72	0.000344339
17.725	0.000330659
17.73	0.000316909
17.735	0.0003031
17.74	0.000289241
17.745	0.000275335
17.75	0.000261385
17.755	0.000247396
17.76	0.000233369
17.765	0.000219308
17.77	0.00020521
17.775	0.000191077
17.78	0.000176906
17.785	0.000162704
17.79	0.00014848
17.795	0.000134243
17.8	0.000120002
17.805	0.000105757
17.81	9.15095e-05
17.815	7.72601e-05
17.82	6.30159e-05
17.825	4.87877e-05
17.83	3.45861e-05
17.835	2.04172e-05
17.84	6.28149e-06
17.845	-7.82387e-06
17.85	-2.19008e-05
17.855	-3.59481e-05
17.86	-4.99628e-05
17.865	-6.39414e-05
17.87	-7.78817e-05
17.875	-9.17805e-05
17.88	-0.000105633
17.885	-0.000119429
17.89	-0.000133162
17.895	-0.000146823
17.9	-0.000160411
17.905	-0.000173925
17.91	-0.000187365
17.915	-0.000200724
17.92	-0.000213994
17.925	-0.000227169
17.93	-0.000240244
17.935	-0.000253223
17.94	-0.000266109
17.945	-0.000278905
17.95	-0.000291611
17.955	-0.00030422
17.96	-0.000316727
17.965	-0.000329127
17.97	-0.000341417
17.975	-0.00035359
17.98	-0.000365642
17.985	-0.000377567
17.99	-0.000389362
17.995	-0.000401025
18	-0.000412557
18.005	-0.000423957
18.01	-0.000435218
18.015	-0.000446336
18.02	-0.000457306
18.025	-0.000468129
18.03	-0.000478809
18.035	-0.000489351
18.04	-0.000499755
18.045	-0.000510017
18.05	-0.000520131
18.055	-0.000530088
18.06	-0.000539884
18.065	-0.000549516
18.07	-0.000558983
18.075	-0.000568282
18.08	-0.00057741
18.085	-0.000586365
18.09	-0.000595148
18.095	-0.00060376
18.1	-0.000612201
18.105	-0.000620469
18.11	-0.000628561
18.115	-0.000636475
18.12	-0.000644214
18.125	-0.000651782
18.13	-0.000659183
18.135	-0.000666414
18.14	-0.000673469
18.145	-0.000680339
18.15	-0.000687018
18.155	-0.000693502
18.16	-0.000699792
18.165	-0.00070589
18.17	-0.000711796
18.175	-0.000717512
18.18	-0.000723037
18.185	-0.000728372
18.19	-0.000733519
18.195	-0.000738476
18.2	-0.000743243
18.205	-0.000747819
18.21	-0.000752205
18.215	-0.000756405
18.22	-0.000760421
18.225	-0.000764257
18.23	-0.000767906
18.235	-0.000771363
18.24	-0.000774619
18.245	-0.00077767
18.25	-0.00078052
18.255	-0.000783174
18.26	-0.000785638
18.265	-0.000787915
18.27	-0.000790004
18.275	-0.000791904
18.28	-0.000793613
18.285	-0.000795134
18.29	-0.000796466
18.295	-0.000797613
18.3	-0.000798576
18.305	-0.000799355
18.31	-0.000799953
18.315	-0.00080037
18.32	-0.000800606
18.325	-0.000800657
18.33	-0.000800517
18.335	-0.000800184
18.34	-0.00079966
18.345	-0.00079895
18.35	-0.000798064
18.355	-0.000797008
18.36	-0.000795785
18.365	-0.000794394
18.37	-0.000792832
18.375	-0.000791098
18.38	-0.000789194
18.385	-0.000787122
18.39	-0.000784887
18.395	-0.000782492
18.4	-0.000779937
18.405	-0.000777222
18.41	-0.000774345
18.415	-0.000771303
18.42	-0.000768094
18.425	-0.000764719
18.43	-0.000761181
18.435	-0.000757487
18.44	-0.000753645
18.445	-0.000749663
18.45	-0.000745543
18.455	-0.000741283
18.46	-0.000736883
18.465	-0.00073234
18.47	-0.000727658
18.475	-0.000722841
18.48	-0.000717893
18.485	-0.000712817
18.49	-0.000707614
18.495	-0.000702283
18.5	-0.000696825
18.505	-0.000691238
18.51	-0.000685524
18.515	-0.000679684
18.52	-0.000673722
18.525	-0.000667645
18.53	-0.000661459
18.535	-0.000655172
18.54	-0.000648787
18.545	-0.000642303
18.55	-0.000635718
18.555	-0.00062903
18.56	-0.000622241
18.565	-0.000615355
18.57	-0.000608377
18.575	-0.000601313
18.58	-0.000594163
18.585	-0.000586926
18.59	-0.000579601
18.595	-0.000572188
18.6	-0.000564692
18.605	-0.000557116
18.61	-0.000549467
18.615	-0.00054175
18.62	-0.000533973
18.625	-0.000526139
18.63	-0.000518253
18.635	-0.000510315
18.64	-0.000502323
18.645	-0.000494274
18.65	-0.000486169
18.655	-0.00047801
18.66	-0.000469802
18.665	-0.000461552
18.67	-0.000453263
18.675	-0.000444933
18.68	-0.000436561
18.685	-0.000428147
18.69	-0.000419693
18.695	-0.000411208
18.7	-0.0004027
18.705	-0.000394174
18.71	-0.000385635
18.715	-0.000377084
18.72	-0.000368523
18.725	-0.000359952
18.73	-0.000351374
18.735	-0.000342786
18.74	-0.000334188
18.745	-0.000325581
18.75	-0.000316969
18.755	-0.000308355
18.76	-0.000299747
18.765	-0.000291148
18.77	-0.000282558
18.775	-0.000273976
18.78	-0.000265402
18.785	-0.000256841
18.79	-0.000248298
18.795	-0.000239783
18.8	-0.000231301
18.805	-0.000222853
18.81	-0.000214439
18.815	-0.000206055
18.82	-0.000197699
18.825	-0.000189371
18.83	-0.000181074
18.835	-0.00017281
18.84	-0.000164582
18.845	-0.000156395
18.85	-0.000148251
18.855	-0.000140154
18.86	-0.000132107
18.865	-0.000124112
18.87	-0.00011617
18.875	-0.000108283
18.88	-0.000100456
18.885	-9.26927e-05
18.89	-8.49995e-05
18.895	-7.73787e-05
18.9	-6.98295e-05
18.905	-6.23481e-05
18.91	-5.49301e-05
18.915	-4.75729e-05
18.92	-4.02772e-05
18.925	-3.30466e-05
18.93	-2.58864e-05
18.935	-1.88019e-05
18.94	-1.17966e-05
18.945	-4.87272e-06
18.95	1.969e-06
18.955	8.72784e-06
18.96	1.54024e-05
18.965	2.19901e-05
18.97	2.84873e-05
18.975	3.48904e-05
18.98	4.11966e-05
18.985	4.74048e-05
18.99	5.35168e-05
18.995	5.95359e-05
19	6.5466e-05
19.005	7.13095e-05
19.01	7.70658e-05
19.015	8.27315e-05
19.02	8.83011e-05
19.025	9.37687e-05
19.03	9.91302e-05
19.035	0.000104384
19.04	0.000109531
19.045	0.000114572
19.05	0.000119507
19.055	0.000124335
19.06	0.000129054
19.065	0.000133661
19.07	0.000138153
19.075	0.000142533
19.08	0.000146805
19.085	0.000150971
19.09	0.000155036
19.095	0.000159
19.1	0.000162862
19.105	0.000166618
19.11	0.000170261
19.115	0.000173789
19.12	0.000177197
19.125	0.000180485
19.13	0.000183653
19.135	0.000186702
19.14	0.000189633
19.145	0.000192446
19.15	0.000195141
19.155	0.000197718
19.16	0.000200178
19.165	0.000202521
19.17	0.000204752
19.175	0.000206872
19.18	0.000208886
19.185	0.000210795
19.19	0.000212598
19.195	0.000214291
19.2	0.000215869
19.205	0.000217326
19.21	0.00021866
19.215	0.000219873
19.22	0.000220966
19.225	0.000221944
19.23	0.000222807
19.235	0.000223557
19.24	0.000224191
19.245	0.000224712
19.25	0.00022512
19.255	0.000225418
19.26	0.000225612
19.265	0.000225703
19.27	0.000225691
19.275	0.000225577
19.28	0.000225357
19.285	0.000225031
19.29	0.000224595
19.295	0.000224047
19.3	0.000223387
19.305	0.000222613
19.31	0.000221729
19.315	0.000220738
19.32	0.000219645
19.325	0.000218453
19.33	0.000217165
19.335	0.000215779
19.34	0.000214296
19.345	0.000212719
19.35	0.00021105
19.355	0.000209293
19.36	0.000207449
19.365	0.000205518
19.37	0.000203496
19.375	0.000201378
19.38	0.000199164
19.385	0.000196852
19.39	0.000194444
19.395	0.000191943
19.4	0.00018935
19.405	0.00018667
19.41	0.000183906
19.415	0.000181064
19.42	0.000178147
19.425	0.000175156
19.43	0.000172093
19.435	0.000168955
19.44	0.000165745
19.445	0.000162465
19.45	0.000159117
19.455	0.000155704
19.46	0.000152221
19.465	0.000148666
19.47	0.000145036
19.475	0.00014133
19.48	0.000137552
19.485	0.000133706
19.49	0.000129799
19.495	0.000125834
19.5	0.000121812
19.505	0.000117737
19.51	0.00011361
19.515	0.000109435
19.52	0.000105213
19.525	0.000100943
19.53	9.66249e-05
19.535	9.22583e-05
19.54	8.78446e-05
19.545	8.3386e-05
19.55	7.88841e-05
19.555	7.4338e-05
19.56	6.97456e-05
19.565	6.51059e-05
19.57	6.04207e-05
19.575	5.56951e-05
19.58	5.09362e-05
19.585	4.61502e-05
19.59	4.13408e-05
19.595	3.65093e-05
19.6	3.16553e-05
19.605	2.67789e-05
19.61	2.18807e-05
19.615	1.69612e-05
19.62	1.20208e-05
19.625	7.05968e-06
19.63	2.07839e-06
19.635	-2.92216e-06
19.64	-7.94108e-06
19.645	-1.29781e-05
19.65	-1.80337e-05
19.655	-2.31074e-05
19.66	-2.81972e-05
19.665	-3.32979e-05
19.67	-3.8403e-05
19.675	-4.35063e-05
19.68	-4.86042e-05
19.685	-5.36962e-05
19.69	-5.87834e-05
19.695	-6.38667e-05
19.7	-6.89462e-05
19.705	-7.4021e-05
19.71	-7.90907e-05
19.715	-8.41553e-05
19.72	-8.92146e-05
19.725	-9.42677e-05
19.73	-9.93128e-05
19.735	-0.000104348
19.74	-0.000109371
19.745	-0.000114383
19.75	-0.000119382
19.755	-0.000124364
19.76	-0.000129325
19.765	-0.000134259
19.77	-0.00013916
19.775	-0.00014403
19.78	-0.000148871
19.785	-0.000153688
19.79	-0.000158481
19.795	-0.000163249
19.8	-0.00016799
19.805	-0.000172701
19.81	-0.000177382
19.815	-0.000182032
19.82	-0.000186652
19.825	-0.00019124
19.83	-0.000195792
19.835	-0.000200308
19.84	-0.000204783
19.845	-0.000209218
19.85	-0.000213608
19.855	-0.00021795
19.86	-0.00022224
19.865	-0.000226478
19.87	-0.000230665
19.875	-0.000234808
19.88	-0.000238909
19.885	-0.00024297
19.89	-0.000246987
19.895	-0.000250956
19.9	-0.000254873
19.905	-0.000258741
19.91	-0.000262559
19.915	-0.000266328
19.92	-0.000270047
19.925	-0.000273711
19.93	-0.000277315
19.935	-0.000280858
19.94	-0.00028434
19.945	-0.000287759
19.95	-0.000291114
19.955	-0.000294405
19.96	-0.000297632
19.965	-0.000300799
19.97	-0.000303909
19.975	-0.000306966
19.98	-0.00030997
19.985	-0.000312915
19.99	-0.000315796
19.995	-0.00031861
