0	0
0.005	0
0.01	0
0.015	0
0.02	0
0.025	0
0.03	0
0.035	0
0.04	0
0.045	0
0.05	0
0.055	0
0.06	0
0.065	0
0.07	0
0.075	0
0.08	0
0.085	0
0.09	0
0.095	0
0.1	0
0.105	0
0.11	0
0.115	0
0.12	0
0.125	0
0.13	0
0.135	0
0.14	0
0.145	0
0.15	0
0.155	0
0.16	0
0.165	0
0.17	0
0.175	0
0.18	0
0.185	0
0.19	0
0.195	0
0.2	0
0.205	0
0.21	0
0.215	0
0.22	0
0.225	0
0.23	0
0.235	0
0.24	0
0.245	0
0.25	0
0.255	0
0.26	0
0.265	0
0.27	0
0.275	0
0.28	0
0.285	0
0.29	0
0.295	0
0.3	0
0.305	0
0.31	0
0.315	0
0.32	0
0.325	0
0.33	0
0.335	0
0.34	0
0.345	0
0.35	0
0.355	0
0.36	0
0.365	0
0.37	0
0.375	0
0.38	0
0.385	0
0.39	0
0.395	0
0.4	0
0.405	0
0.41	0
0.415	0
0.42	0
0.425	0
0.43	0
0.435	0
0.44	0
0.445	0
0.45	0
0.455	0
0.46	0
0.465	0
0.47	0
0.475	0
0.48	0
0.485	0
0.49	0
0.495	0
0.5	0
0.505	0
0.51	0
0.515	0
0.52	0
0.525	0
0.53	0
0.535	0
0.54	0
0.545	0
0.55	0
0.555	0
0.56	0
0.565	0
0.57	0
0.575	0
0.58	0
0.585	0
0.59	0
0.595	0
0.6	0
0.605	0
0.61	0
0.615	0
0.62	0
0.625	0
0.63	0
0.635	0
0.64	0
0.645	0
0.65	0
0.655	0
0.66	0
0.665	0
0.67	0
0.675	0
0.68	-2.412e-104
0.685	-4.35424e-102
0.69	-3.9878e-100
0.695	-2.47038e-98
0.7	-1.1641e-96
0.705	-4.4479e-95
0.71	-1.43416e-93
0.715	-4.00966e-92
0.72	-9.91202e-91
0.725	-2.19849e-89
0.73	-4.42524e-88
0.735	-8.15724e-87
0.74	-1.3873e-85
0.745	-2.19036e-84
0.75	-3.22751e-83
0.755	-4.45862e-82
0.76	-5.79747e-81
0.765	-7.12035e-80
0.77	-8.28595e-79
0.775	-9.16161e-78
0.78	-9.64899e-77
0.785	-9.702e-76
0.79	-9.33274e-75
0.795	-8.60492e-74
0.8	-7.61775e-73
0.805	-6.48546e-72
0.81	-5.31771e-71
0.815	-4.205e-70
0.82	-3.21076e-69
0.825	-2.37004e-68
0.83	-1.69306e-67
0.835	-1.17164e-66
0.84	-7.86185e-66
0.845	-5.11957e-65
0.85	-3.23795e-64
0.855	-1.99047e-63
0.86	-1.19011e-62
0.865	-6.92531e-62
0.87	-3.92433e-61
0.875	-2.16669e-60
0.88	-1.16612e-59
0.885	-6.12054e-59
0.89	-3.13402e-58
0.895	-1.5661e-57
0.9	-7.63942e-57
0.905	-3.63838e-56
0.91	-1.69207e-55
0.915	-7.68443e-55
0.92	-3.40769e-54
0.925	-1.47532e-53
0.93	-6.23367e-53
0.935	-2.56921e-52
0.94	-1.03207e-51
0.945	-4.03613e-51
0.95	-1.53404e-50
0.955	-5.65276e-50
0.96	-2.01208e-49
0.965	-6.879e-49
0.97	-2.23805e-48
0.975	-6.8152e-48
0.98	-1.87791e-47
0.985	-4.29086e-47
0.99	-5.4566e-47
0.995	1.88165e-46
1	2.09298e-45
1.005	1.25243e-44
1.01	6.19129e-44
1.015	2.76954e-43
1.02	1.1612e-42
1.025	4.64349e-42
1.03	1.78868e-41
1.035	6.67862e-41
1.04	2.42738e-40
1.045	8.61356e-40
1.05	2.99079e-39
1.055	1.01785e-38
1.06	3.39988e-38
1.065	1.11581e-37
1.07	3.60127e-37
1.075	1.1439e-36
1.08	3.57816e-36
1.085	1.10286e-35
1.09	3.35101e-35
1.095	1.00419e-34
1.1	2.969e-34
1.105	8.66379e-34
1.11	2.49602e-33
1.115	7.1016e-33
1.12	1.99595e-32
1.125	5.54287e-32
1.13	1.52129e-31
1.135	4.12741e-31
1.14	1.10718e-30
1.145	2.93708e-30
1.15	7.70636e-30
1.155	2.00029e-29
1.16	5.13712e-29
1.165	1.30556e-28
1.17	3.28385e-28
1.175	8.17612e-28
1.18	2.01533e-27
1.185	4.91851e-27
1.19	1.18869e-26
1.195	2.84512e-26
1.2	6.745e-26
1.205	1.58402e-25
1.21	3.68541e-25
1.215	8.49573e-25
1.22	1.94067e-24
1.225	4.39319e-24
1.23	9.85665e-24
1.235	2.19199e-23
1.24	4.83223e-23
1.245	1.05608e-22
1.25	2.28832e-22
1.255	4.91644e-22
1.26	1.04745e-21
1.265	2.21306e-21
1.27	4.63733e-21
1.275	9.63806e-21
1.28	1.98697e-20
1.285	4.0635e-20
1.29	8.24423e-20
1.295	1.65947e-19
1.3	3.31425e-19
1.305	6.56793e-19
1.31	1.29159e-18
1.315	2.52059e-18
1.32	4.88186e-18
1.325	9.38429e-18
1.33	1.7905e-17
1.335	3.39101e-17
1.34	6.37514e-17
1.345	1.18981e-16
1.35	2.20455e-16
1.355	4.05543e-16
1.36	7.40712e-16
1.365	1.34332e-15
1.37	2.41907e-15
1.375	4.32591e-15
1.38	7.68221e-15
1.385	1.35486e-14
1.39	2.37312e-14
1.395	4.12841e-14
1.4	7.1335e-14
1.405	1.22432e-13
1.41	2.08728e-13
1.415	3.53488e-13
1.42	5.94696e-13
1.425	9.93934e-13
1.43	1.65036e-12
1.435	2.72255e-12
1.44	4.46235e-12
1.445	7.26702e-12
1.45	1.1759e-11
1.455	1.89069e-11
1.46	3.02079e-11
1.465	4.79605e-11
1.47	7.56704e-11
1.475	1.18648e-10
1.48	1.84884e-10
1.485	2.86322e-10
1.49	4.407e-10
1.495	6.74177e-10
1.5	1.02509e-09
1.505	1.54923e-09
1.51	2.32729e-09
1.515	3.47517e-09
1.52	5.15829e-09
1.525	7.61114e-09
1.53	1.1164e-08
1.535	1.62789e-08
1.54	2.35982e-08
1.545	3.40087e-08
1.55	4.87271e-08
1.555	6.94114e-08
1.56	9.8306e-08
1.565	1.3843e-07
1.57	1.93815e-07
1.575	2.69816e-07
1.58	3.73489e-07
1.585	5.14076e-07
1.59	7.03604e-07
1.595	9.57613e-07
1.6	1.29605e-06
1.605	1.74436e-06
1.61	2.33475e-06
1.615	3.10775e-06
1.62	4.11401e-06
1.625	5.41636e-06
1.63	7.09225e-06
1.635	9.23646e-06
1.64	1.19642e-05
1.645	1.54146e-05
1.65	1.97543e-05
1.655	2.51818e-05
1.66	3.19313e-05
1.665	4.02781e-05
1.67	5.05425e-05
1.675	6.30949e-05
1.68	7.83607e-05
1.685	9.68244e-05
1.69	0.000119034
1.695	0.000145605
1.7	0.000177222
1.705	0.000214644
1.71	0.000258701
1.715	0.000310298
1.72	0.000370414
1.725	0.000440095
1.73	0.000520455
1.735	0.00061267
1.74	0.000717971
1.745	0.000837636
1.75	0.000972982
1.755	0.00112536
1.76	0.00129613
1.765	0.00148669
1.77	0.00169841
1.775	0.00193268
1.78	0.00219085
1.785	0.00247429
1.79	0.0027843
1.795	0.0031222
1.8	0.00348924
1.805	0.00388668
1.81	0.00431575
1.815	0.00477763
1.82	0.00527353
1.825	0.00580463
1.83	0.00637211
1.835	0.00697717
1.84	0.00762101
1.845	0.00830485
1.85	0.00902994
1.855	0.00979756
1.86	0.010609
1.865	0.0114656
1.87	0.0123688
1.875	0.0133198
1.88	0.0143201
1.885	0.0153712
1.89	0.0164744
1.895	0.0176311
1.9	0.0188428
1.905	0.0201109
1.91	0.0214366
1.915	0.0228215
1.92	0.0242668
1.925	0.0257739
1.93	0.027344
1.935	0.0289783
1.94	0.0306782
1.945	0.0324449
1.95	0.0342795
1.955	0.0361831
1.96	0.0381571
1.965	0.0402024
1.97	0.0423203
1.975	0.0445117
1.98	0.0467779
1.985	0.0491199
1.99	0.0515387
1.995	0.0540354
2	0.056611
2.005	0.0592666
2.01	0.062003
2.015	0.0648212
2.02	0.0677223
2.025	0.0707071
2.03	0.0737765
2.035	0.0769313
2.04	0.0801724
2.045	0.0835007
2.05	0.0869167
2.055	0.0904214
2.06	0.0940153
2.065	0.0976992
2.07	0.101473
2.075	0.105339
2.08	0.109295
2.085	0.113344
2.09	0.117485
2.095	0.121718
2.1	0.126044
2.105	0.130464
2.11	0.134976
2.115	0.139581
2.12	0.14428
2.125	0.149072
2.13	0.153957
2.135	0.158936
2.14	0.164007
2.145	0.169171
2.15	0.174428
2.155	0.179778
2.16	0.185219
2.165	0.190753
2.17	0.196378
2.175	0.202094
2.18	0.2079
2.185	0.213797
2.19	0.219782
2.195	0.225856
2.2	0.232018
2.205	0.238267
2.21	0.244602
2.215	0.251021
2.22	0.257524
2.225	0.26411
2.23	0.270778
2.235	0.277525
2.24	0.284351
2.245	0.291254
2.25	0.298232
2.255	0.305285
2.26	0.312409
2.265	0.319605
2.27	0.326869
2.275	0.334199
2.28	0.341595
2.285	0.349053
2.29	0.356572
2.295	0.364149
2.3	0.371783
2.305	0.379471
2.31	0.38721
2.315	0.394999
2.32	0.402834
2.325	0.410713
2.33	0.418634
2.335	0.426593
2.34	0.434588
2.345	0.442617
2.35	0.450675
2.355	0.458761
2.36	0.46687
2.365	0.475
2.37	0.483149
2.375	0.491311
2.38	0.499485
2.385	0.507667
2.39	0.515853
2.395	0.52404
2.4	0.532225
2.405	0.540404
2.41	0.548574
2.415	0.556731
2.42	0.564871
2.425	0.572991
2.43	0.581087
2.435	0.589155
2.44	0.597192
2.445	0.605194
2.45	0.613157
2.455	0.621076
2.46	0.628949
2.465	0.63677
2.47	0.644537
2.475	0.652245
2.48	0.659889
2.485	0.667466
2.49	0.674972
2.495	0.682401
2.5	0.689751
2.505	0.697017
2.51	0.704195
2.515	0.711279
2.52	0.718267
2.525	0.725154
2.53	0.731934
2.535	0.738605
2.54	0.745162
2.545	0.751601
2.55	0.757917
2.555	0.764105
2.56	0.770163
2.565	0.776085
2.57	0.781867
2.575	0.787505
2.58	0.792995
2.585	0.798333
2.59	0.803514
2.595	0.808534
2.6	0.813389
2.605	0.818075
2.61	0.822588
2.615	0.826923
2.62	0.831077
2.625	0.835045
2.63	0.838824
2.635	0.842409
2.64	0.845796
2.645	0.848982
2.65	0.851963
2.655	0.854734
2.66	0.857293
2.665	0.859634
2.67	0.861755
2.675	0.863653
2.68	0.865322
2.685	0.866761
2.69	0.867965
2.695	0.868932
2.7	0.869658
2.705	0.870139
2.71	0.870374
2.715	0.870358
2.72	0.870089
2.725	0.869564
2.73	0.86878
2.735	0.867734
2.74	0.866425
2.745	0.864848
2.75	0.863002
2.755	0.860884
2.76	0.858493
2.765	0.855825
2.77	0.852879
2.775	0.849652
2.78	0.846143
2.785	0.842351
2.79	0.838273
2.795	0.833907
2.8	0.829254
2.805	0.82431
2.81	0.819076
2.815	0.813549
2.82	0.80773
2.825	0.801617
2.83	0.795209
2.835	0.788507
2.84	0.781509
2.845	0.774216
2.85	0.766627
2.855	0.758742
2.86	0.750561
2.865	0.742085
2.87	0.733314
2.875	0.724248
2.88	0.714888
2.885	0.705234
2.89	0.695288
2.895	0.685051
2.9	0.674523
2.905	0.663706
2.91	0.652602
2.915	0.641211
2.92	0.629536
2.925	0.617579
2.93	0.605341
2.935	0.592824
2.94	0.580031
2.945	0.566964
2.95	0.553625
2.955	0.540018
2.96	0.526145
2.965	0.512008
2.97	0.497612
2.975	0.482959
2.98	0.468052
2.985	0.452894
2.99	0.43749
2.995	0.421844
3	0.405957
3.005	0.389836
3.01	0.373483
3.015	0.356903
3.02	0.3401
3.025	0.323078
3.03	0.305842
3.035	0.288397
3.04	0.270747
3.045	0.252898
3.05	0.234853
3.055	0.216619
3.06	0.1982
3.065	0.179602
3.07	0.16083
3.075	0.141889
3.08	0.122786
3.085	0.103526
3.09	0.0841151
3.095	0.0645587
3.1	0.044863
3.105	0.0250341
3.11	0.00507828
3.115	-0.0149983
3.12	-0.0351893
3.125	-0.0554883
3.13	-0.0758888
3.135	-0.0963842
3.14	-0.116968
3.145	-0.137634
3.15	-0.158374
3.155	-0.179182
3.16	-0.200052
3.165	-0.220976
3.17	-0.241948
3.175	-0.262959
3.18	-0.284004
3.185	-0.305075
3.19	-0.326165
3.195	-0.347267
3.2	-0.368373
3.205	-0.389476
3.21	-0.410569
3.215	-0.431645
3.22	-0.452695
3.225	-0.473714
3.23	-0.494692
3.235	-0.515623
3.24	-0.5365
3.245	-0.557314
3.25	-0.578059
3.255	-0.598727
3.26	-0.619311
3.265	-0.639803
3.27	-0.660196
3.275	-0.680482
3.28	-0.700654
3.285	-0.720706
3.29	-0.740628
3.295	-0.760415
3.3	-0.780059
3.305	-0.799553
3.31	-0.81889
3.315	-0.838062
3.32	-0.857062
3.325	-0.875884
3.33	-0.89452
3.335	-0.912964
3.34	-0.931209
3.345	-0.949247
3.35	-0.967073
3.355	-0.984679
3.36	-1.00206
3.365	-1.01921
3.37	-1.03611
3.375	-1.05278
3.38	-1.06919
3.385	-1.08534
3.39	-1.10123
3.395	-1.11685
3.4	-1.1322
3.405	-1.14726
3.41	-1.16204
3.415	-1.17652
3.42	-1.19071
3.425	-1.20459
3.43	-1.21817
3.435	-1.23143
3.44	-1.24437
3.445	-1.25699
3.45	-1.26928
3.455	-1.28124
3.46	-1.29287
3.465	-1.30415
3.47	-1.31508
3.475	-1.32567
3.48	-1.3359
3.485	-1.34577
3.49	-1.35529
3.495	-1.36444
3.5	-1.37322
3.505	-1.38163
3.51	-1.38966
3.515	-1.39732
3.52	-1.4046
3.525	-1.41149
3.53	-1.418
3.535	-1.42412
3.54	-1.42986
3.545	-1.4352
3.55	-1.44015
3.555	-1.4447
3.56	-1.44885
3.565	-1.45261
3.57	-1.45597
3.575	-1.45892
3.58	-1.46148
3.585	-1.46363
3.59	-1.46538
3.595	-1.46672
3.6	-1.46766
3.605	-1.4682
3.61	-1.46833
3.615	-1.46806
3.62	-1.46739
3.625	-1.46631
3.63	-1.46483
3.635	-1.46294
3.64	-1.46066
3.645	-1.45797
3.65	-1.45489
3.655	-1.45141
3.66	-1.44753
3.665	-1.44326
3.67	-1.43859
3.675	-1.43354
3.68	-1.4281
3.685	-1.42227
3.69	-1.41605
3.695	-1.40946
3.7	-1.40248
3.705	-1.39513
3.71	-1.38741
3.715	-1.37932
3.72	-1.37086
3.725	-1.36203
3.73	-1.35285
3.735	-1.34331
3.74	-1.33342
3.745	-1.32318
3.75	-1.31259
3.755	-1.30167
3.76	-1.2904
3.765	-1.27881
3.77	-1.26688
3.775	-1.25464
3.78	-1.24207
3.785	-1.22919
3.79	-1.216
3.795	-1.20251
3.8	-1.18872
3.805	-1.17463
3.81	-1.16026
3.815	-1.1456
3.82	-1.13067
3.825	-1.11546
3.83	-1.09999
3.835	-1.08425
3.84	-1.06826
3.845	-1.05202
3.85	-1.03554
3.855	-1.01882
3.86	-1.00186
3.865	-0.984687
3.87	-0.96729
3.875	-0.94968
3.88	-0.931863
3.885	-0.913845
3.89	-0.895634
3.895	-0.877234
3.9	-0.858654
3.905	-0.839899
3.91	-0.820975
3.915	-0.80189
3.92	-0.78265
3.925	-0.763262
3.93	-0.743732
3.935	-0.724067
3.94	-0.704273
3.945	-0.684358
3.95	-0.664328
3.955	-0.64419
3.96	-0.623951
3.965	-0.603617
3.97	-0.583195
3.975	-0.562692
3.98	-0.542114
3.985	-0.521469
3.99	-0.500763
3.995	-0.480003
4	-0.459195
4.005	-0.438346
4.01	-0.417463
4.015	-0.396553
4.02	-0.375621
4.025	-0.354676
4.03	-0.333723
4.035	-0.312768
4.04	-0.291819
4.045	-0.270882
4.05	-0.249963
4.055	-0.229068
4.06	-0.208205
4.065	-0.187379
4.07	-0.166597
4.075	-0.145864
4.08	-0.125188
4.085	-0.104574
4.09	-0.0840279
4.095	-0.0635561
4.1	-0.0431645
4.105	-0.022859
4.11	-0.00264543
4.115	0.0174705
4.12	0.0374831
4.125	0.0573868
4.13	0.0771759
4.135	0.0968449
4.14	0.116388
4.145	0.135801
4.15	0.155078
4.155	0.174213
4.16	0.193202
4.165	0.21204
4.17	0.230721
4.175	0.249241
4.18	0.267594
4.185	0.285777
4.19	0.303784
4.195	0.321612
4.2	0.339254
4.205	0.356708
4.21	0.373969
4.215	0.391032
4.22	0.407893
4.225	0.424549
4.23	0.440996
4.235	0.457229
4.24	0.473244
4.245	0.489039
4.25	0.50461
4.255	0.519952
4.26	0.535064
4.265	0.54994
4.27	0.564579
4.275	0.578978
4.28	0.593132
4.285	0.607039
4.29	0.620697
4.295	0.634103
4.3	0.647253
4.305	0.660146
4.31	0.672779
4.315	0.68515
4.32	0.697256
4.325	0.709096
4.33	0.720667
4.335	0.731967
4.34	0.742994
4.345	0.753748
4.35	0.764225
4.355	0.774425
4.36	0.784345
4.365	0.793985
4.37	0.803344
4.375	0.812419
4.38	0.821211
4.385	0.829718
4.39	0.837938
4.395	0.845872
4.4	0.853519
4.405	0.860877
4.41	0.867947
4.415	0.874728
4.42	0.881219
4.425	0.88742
4.43	0.893332
4.435	0.898953
4.44	0.904285
4.445	0.909327
4.45	0.914078
4.455	0.91854
4.46	0.922713
4.465	0.926598
4.47	0.930193
4.475	0.933502
4.48	0.936523
4.485	0.939257
4.49	0.941707
4.495	0.943871
4.5	0.945752
4.505	0.947351
4.51	0.948668
4.515	0.949705
4.52	0.950463
4.525	0.950944
4.53	0.951148
4.535	0.951079
4.54	0.950736
4.545	0.950122
4.55	0.949238
4.555	0.948087
4.56	0.94667
4.565	0.94499
4.57	0.943047
4.575	0.940845
4.58	0.938385
4.585	0.93567
4.59	0.932702
4.595	0.929483
4.6	0.926015
4.605	0.922302
4.61	0.918345
4.615	0.914148
4.62	0.909712
4.625	0.905042
4.63	0.900138
4.635	0.895005
4.64	0.889646
4.645	0.884062
4.65	0.878258
4.655	0.872235
4.66	0.865999
4.665	0.85955
4.67	0.852894
4.675	0.846032
4.68	0.838969
4.685	0.831708
4.69	0.824252
4.695	0.816604
4.7	0.808769
4.705	0.800749
4.71	0.792549
4.715	0.784171
4.72	0.77562
4.725	0.766899
4.73	0.758012
4.735	0.748963
4.74	0.739755
4.745	0.730393
4.75	0.72088
4.755	0.711219
4.76	0.701415
4.765	0.691472
4.77	0.681393
4.775	0.671181
4.78	0.660842
4.785	0.650378
4.79	0.639794
4.795	0.629092
4.8	0.618276
4.805	0.607351
4.81	0.59632
4.815	0.585185
4.82	0.573951
4.825	0.562621
4.83	0.551198
4.835	0.539686
4.84	0.528087
4.845	0.516405
4.85	0.504644
4.855	0.492806
4.86	0.480895
4.865	0.468914
4.87	0.456866
4.875	0.444755
4.88	0.432583
4.885	0.420354
4.89	0.408071
4.895	0.395738
4.9	0.383358
4.905	0.370934
4.91	0.35847
4.915	0.34597
4.92	0.333437
4.925	0.320874
4.93	0.308285
4.935	0.295674
4.94	0.283044
4.945	0.270398
4.95	0.25774
4.955	0.245073
4.96	0.2324
4.965	0.219726
4.97	0.207052
4.975	0.194383
4.98	0.181721
4.985	0.169071
4.99	0.156434
4.995	0.143814
5	0.131214
5.005	0.118637
5.01	0.106087
5.015	0.0935666
5.02	0.0810786
5.025	0.0686262
5.03	0.0562126
5.035	0.0438409
5.04	0.0315141
5.045	0.0192354
5.05	0.00700771
5.055	-0.00516584
5.06	-0.0172823
5.065	-0.0293386
5.07	-0.0413319
5.075	-0.0532592
5.08	-0.0651176
5.085	-0.0769043
5.09	-0.0886165
5.095	-0.100251
5.1	-0.111806
5.105	-0.123278
5.11	-0.134664
5.115	-0.145963
5.12	-0.15717
5.125	-0.168284
5.13	-0.179303
5.135	-0.190223
5.14	-0.201042
5.145	-0.211758
5.15	-0.222368
5.155	-0.23287
5.16	-0.243262
5.165	-0.253542
5.17	-0.263706
5.175	-0.273753
5.18	-0.283681
5.185	-0.293487
5.19	-0.303169
5.195	-0.312725
5.2	-0.322153
5.205	-0.331451
5.21	-0.340617
5.215	-0.349648
5.22	-0.358543
5.225	-0.367301
5.23	-0.375918
5.235	-0.384393
5.24	-0.392726
5.245	-0.400913
5.25	-0.408953
5.255	-0.416845
5.26	-0.424588
5.265	-0.432179
5.27	-0.439617
5.275	-0.446902
5.28	-0.454031
5.285	-0.461004
5.29	-0.467819
5.295	-0.474475
5.3	-0.480971
5.305	-0.487305
5.31	-0.493477
5.315	-0.499486
5.32	-0.50533
5.325	-0.511009
5.33	-0.516521
5.335	-0.521866
5.34	-0.527043
5.345	-0.532051
5.35	-0.53689
5.355	-0.541558
5.36	-0.546055
5.365	-0.550381
5.37	-0.554534
5.375	-0.558514
5.38	-0.562322
5.385	-0.565955
5.39	-0.569415
5.395	-0.5727
5.4	-0.575811
5.405	-0.578748
5.41	-0.581509
5.415	-0.584095
5.42	-0.586506
5.425	-0.588742
5.43	-0.590803
5.435	-0.592689
5.44	-0.5944
5.445	-0.595936
5.45	-0.597297
5.455	-0.598484
5.46	-0.599496
5.465	-0.600335
5.47	-0.601001
5.475	-0.601494
5.48	-0.601814
5.485	-0.601962
5.49	-0.601939
5.495	-0.601746
5.5	-0.601383
5.505	-0.600851
5.51	-0.600151
5.515	-0.599283
5.52	-0.59825
5.525	-0.597051
5.53	-0.595689
5.535	-0.594163
5.54	-0.592476
5.545	-0.590629
5.55	-0.588622
5.555	-0.586457
5.56	-0.584136
5.565	-0.581659
5.57	-0.579029
5.575	-0.576246
5.58	-0.573312
5.585	-0.570229
5.59	-0.566998
5.595	-0.563621
5.6	-0.560099
5.605	-0.556434
5.61	-0.552628
5.615	-0.548683
5.62	-0.544599
5.625	-0.54038
5.63	-0.536027
5.635	-0.531542
5.64	-0.526927
5.645	-0.522184
5.65	-0.517314
5.655	-0.512321
5.66	-0.507206
5.665	-0.501971
5.67	-0.496618
5.675	-0.491149
5.68	-0.485568
5.685	-0.479875
5.69	-0.474074
5.695	-0.468166
5.7	-0.462155
5.705	-0.456041
5.71	-0.449827
5.715	-0.443517
5.72	-0.437112
5.725	-0.430614
5.73	-0.424025
5.735	-0.417349
5.74	-0.410588
5.745	-0.403744
5.75	-0.396819
5.755	-0.389816
5.76	-0.382737
5.765	-0.375585
5.77	-0.368363
5.775	-0.361072
5.78	-0.353715
5.785	-0.346295
5.79	-0.338815
5.795	-0.331276
5.8	-0.323682
5.805	-0.316035
5.81	-0.308337
5.815	-0.300592
5.82	-0.2928
5.825	-0.284966
5.83	-0.277092
5.835	-0.26918
5.84	-0.261232
5.845	-0.253252
5.85	-0.245241
5.855	-0.237202
5.86	-0.229137
5.865	-0.22105
5.87	-0.212942
5.875	-0.204816
5.88	-0.196675
5.885	-0.18852
5.89	-0.180355
5.895	-0.172181
5.9	-0.164001
5.905	-0.155819
5.91	-0.147635
5.915	-0.139453
5.92	-0.131274
5.925	-0.123102
5.93	-0.114939
5.935	-0.106787
5.94	-0.0986479
5.945	-0.0905249
5.95	-0.08242
5.955	-0.0743354
5.96	-0.0662736
5.965	-0.0582366
5.97	-0.0502269
5.975	-0.0422465
5.98	-0.0342977
5.985	-0.0263827
5.99	-0.0185037
5.995	-0.0106627
6	-0.00286183
6.005	0.00489673
6.01	0.012611
6.015	0.0202788
6.02	0.0278983
6.025	0.0354673
6.03	0.042984
6.035	0.0504465
6.04	0.0578527
6.045	0.0652008
6.05	0.0724891
6.055	0.0797155
6.06	0.0868784
6.065	0.093976
6.07	0.101007
6.075	0.107968
6.08	0.11486
6.085	0.121679
6.09	0.128425
6.095	0.135096
6.1	0.14169
6.105	0.148206
6.11	0.154642
6.115	0.160998
6.12	0.167271
6.125	0.173461
6.13	0.179566
6.135	0.185584
6.14	0.191516
6.145	0.197358
6.15	0.203111
6.155	0.208773
6.16	0.214343
6.165	0.21982
6.17	0.225202
6.175	0.23049
6.18	0.235681
6.185	0.240775
6.19	0.245771
6.195	0.250669
6.2	0.255466
6.205	0.260164
6.21	0.26476
6.215	0.269254
6.22	0.273646
6.225	0.277934
6.23	0.282119
6.235	0.286199
6.24	0.290174
6.245	0.294045
6.25	0.297809
6.255	0.301467
6.26	0.305018
6.265	0.308463
6.27	0.3118
6.275	0.31503
6.28	0.318151
6.285	0.321165
6.29	0.32407
6.295	0.326867
6.3	0.329555
6.305	0.332134
6.31	0.334605
6.315	0.336966
6.32	0.339219
6.325	0.341362
6.33	0.343397
6.335	0.345322
6.34	0.347139
6.345	0.348847
6.35	0.350447
6.355	0.351938
6.36	0.35332
6.365	0.354595
6.37	0.355762
6.375	0.356822
6.38	0.357775
6.385	0.358621
6.39	0.35936
6.395	0.359994
6.4	0.360522
6.405	0.360945
6.41	0.361263
6.415	0.361478
6.42	0.361588
6.425	0.361596
6.43	0.361501
6.435	0.361304
6.44	0.361006
6.445	0.360607
6.45	0.360108
6.455	0.35951
6.46	0.358813
6.465	0.358018
6.47	0.357127
6.475	0.356138
6.48	0.355055
6.485	0.353876
6.49	0.352604
6.495	0.351239
6.5	0.349782
6.505	0.348233
6.51	0.346595
6.515	0.344867
6.52	0.343051
6.525	0.341148
6.53	0.339158
6.535	0.337084
6.54	0.334925
6.545	0.332683
6.55	0.330359
6.555	0.327954
6.56	0.32547
6.565	0.322906
6.57	0.320266
6.575	0.317548
6.58	0.314756
6.585	0.311889
6.59	0.30895
6.595	0.305939
6.6	0.302858
6.605	0.299707
6.61	0.296489
6.615	0.293204
6.62	0.289853
6.625	0.286439
6.63	0.282961
6.635	0.279422
6.64	0.275823
6.645	0.272165
6.65	0.26845
6.655	0.264678
6.66	0.260852
6.665	0.256972
6.67	0.25304
6.675	0.249057
6.68	0.245025
6.685	0.240945
6.69	0.236818
6.695	0.232646
6.7	0.22843
6.705	0.224172
6.71	0.219873
6.715	0.215534
6.72	0.211157
6.725	0.206743
6.73	0.202293
6.735	0.19781
6.74	0.193293
6.745	0.188746
6.75	0.184169
6.755	0.179564
6.76	0.174932
6.765	0.170274
6.77	0.165592
6.775	0.160888
6.78	0.156162
6.785	0.151417
6.79	0.146653
6.795	0.141872
6.8	0.137076
6.805	0.132266
6.81	0.127442
6.815	0.122608
6.82	0.117763
6.825	0.11291
6.83	0.108049
6.835	0.103183
6.84	0.0983124
6.845	0.0934386
6.85	0.0885632
6.855	0.0836873
6.86	0.0788125
6.865	0.0739401
6.87	0.0690715
6.875	0.0642079
6.88	0.0593508
6.885	0.0545014
6.89	0.0496611
6.895	0.0448312
6.9	0.040013
6.905	0.0352078
6.91	0.0304169
6.915	0.0256417
6.92	0.0208832
6.925	0.0161429
6.93	0.0114219
6.935	0.00672155
6.94	0.00204298
6.945	-0.00261257
6.95	-0.00724391
6.955	-0.0118498
6.96	-0.0164292
6.965	-0.0209808
6.97	-0.0255035
6.975	-0.0299962
6.98	-0.0344577
6.985	-0.0388869
6.99	-0.0432827
6.995	-0.047644
7	-0.0519697
7.005	-0.0562589
7.01	-0.0605103
7.015	-0.064723
7.02	-0.068896
7.025	-0.0730283
7.03	-0.0771189
7.035	-0.0811668
7.04	-0.085171
7.045	-0.0891307
7.05	-0.0930449
7.055	-0.0969128
7.06	-0.100733
7.065	-0.104506
7.07	-0.108229
7.075	-0.111903
7.08	-0.115526
7.085	-0.119098
7.09	-0.122618
7.095	-0.126085
7.1	-0.129498
7.105	-0.132857
7.11	-0.136162
7.115	-0.13941
7.12	-0.142603
7.125	-0.145738
7.13	-0.148816
7.135	-0.151836
7.14	-0.154797
7.145	-0.157699
7.15	-0.160541
7.155	-0.163323
7.16	-0.166044
7.165	-0.168703
7.17	-0.171301
7.175	-0.173837
7.18	-0.17631
7.185	-0.17872
7.19	-0.181067
7.195	-0.18335
7.2	-0.185569
7.205	-0.187723
7.21	-0.189813
7.215	-0.191839
7.22	-0.193799
7.225	-0.195693
7.23	-0.197522
7.235	-0.199285
7.24	-0.200982
7.245	-0.202613
7.25	-0.204178
7.255	-0.205676
7.26	-0.207108
7.265	-0.208473
7.27	-0.209771
7.275	-0.211003
7.28	-0.212169
7.285	-0.213267
7.29	-0.214299
7.295	-0.215265
7.3	-0.216164
7.305	-0.216996
7.31	-0.217762
7.315	-0.218462
7.32	-0.219096
7.325	-0.219663
7.33	-0.220165
7.335	-0.220602
7.34	-0.220972
7.345	-0.221278
7.35	-0.221519
7.355	-0.221695
7.36	-0.221807
7.365	-0.221855
7.37	-0.221838
7.375	-0.221759
7.38	-0.221616
7.385	-0.221411
7.39	-0.221143
7.395	-0.220814
7.4	-0.220423
7.405	-0.219971
7.41	-0.219458
7.415	-0.218885
7.42	-0.218252
7.425	-0.21756
7.43	-0.21681
7.435	-0.216001
7.44	-0.215134
7.445	-0.214211
7.45	-0.213231
7.455	-0.212195
7.46	-0.211103
7.465	-0.209957
7.47	-0.208757
7.475	-0.207504
7.48	-0.206198
7.485	-0.204839
7.49	-0.203429
7.495	-0.201969
7.5	-0.200458
7.505	-0.198898
7.51	-0.19729
7.515	-0.195633
7.52	-0.193929
7.525	-0.192179
7.53	-0.190384
7.535	-0.188543
7.54	-0.186659
7.545	-0.184731
7.55	-0.182761
7.555	-0.180749
7.56	-0.178696
7.565	-0.176603
7.57	-0.174471
7.575	-0.1723
7.58	-0.170092
7.585	-0.167848
7.59	-0.165567
7.595	-0.163252
7.6	-0.160902
7.605	-0.15852
7.61	-0.156105
7.615	-0.153658
7.62	-0.151181
7.625	-0.148674
7.63	-0.146139
7.635	-0.143575
7.64	-0.140985
7.645	-0.138369
7.65	-0.135727
7.655	-0.133061
7.66	-0.130372
7.665	-0.12766
7.67	-0.124927
7.675	-0.122173
7.68	-0.1194
7.685	-0.116608
7.69	-0.113797
7.695	-0.11097
7.7	-0.108127
7.705	-0.105268
7.71	-0.102395
7.715	-0.0995089
7.72	-0.0966102
7.725	-0.0936999
7.73	-0.090779
7.735	-0.0878484
7.74	-0.0849089
7.745	-0.0819614
7.75	-0.079007
7.755	-0.0760463
7.76	-0.0730804
7.765	-0.0701102
7.77	-0.0671364
7.775	-0.06416
7.78	-0.0611818
7.785	-0.0582027
7.79	-0.0552236
7.795	-0.0522453
7.8	-0.0492686
7.805	-0.0462945
7.81	-0.0433237
7.815	-0.040357
7.82	-0.0373954
7.825	-0.0344396
7.83	-0.0314904
7.835	-0.0285487
7.84	-0.0256152
7.845	-0.0226907
7.85	-0.0197761
7.855	-0.0168721
7.86	-0.0139795
7.865	-0.011099
7.87	-0.00823148
7.875	-0.00537761
7.88	-0.00253815
7.885	0.000286151
7.89	0.00309457
7.895	0.00588638
7.9	0.00866087
7.905	0.0114174
7.91	0.0141551
7.915	0.0168735
7.92	0.0195719
7.925	0.0222496
7.93	0.0249059
7.935	0.0275402
7.94	0.030152
7.945	0.0327405
7.95	0.0353051
7.955	0.0378454
7.96	0.0403606
7.965	0.0428502
7.97	0.0453137
7.975	0.0477504
7.98	0.0501599
7.985	0.0525416
7.99	0.0548949
7.995	0.0572193
8	0.0595144
8.005	0.0617796
8.01	0.0640145
8.015	0.0662186
8.02	0.0683914
8.025	0.0705325
8.03	0.0726415
8.035	0.0747178
8.04	0.0767612
8.045	0.0787713
8.05	0.0807475
8.055	0.0826897
8.06	0.0845974
8.065	0.0864703
8.07	0.088308
8.075	0.0901103
8.08	0.0918768
8.085	0.0936072
8.09	0.0953013
8.095	0.0969588
8.1	0.0985794
8.105	0.100163
8.11	0.101709
8.115	0.103217
8.12	0.104688
8.125	0.10612
8.13	0.107515
8.135	0.10887
8.14	0.110187
8.145	0.111466
8.15	0.112705
8.155	0.113906
8.16	0.115067
8.165	0.116189
8.17	0.117271
8.175	0.118314
8.18	0.119317
8.185	0.120281
8.19	0.121205
8.195	0.122089
8.2	0.122934
8.205	0.123739
8.21	0.124504
8.215	0.12523
8.22	0.125915
8.225	0.126561
8.23	0.127168
8.235	0.127734
8.24	0.128261
8.245	0.128749
8.25	0.129197
8.255	0.129606
8.26	0.129976
8.265	0.130306
8.27	0.130597
8.275	0.13085
8.28	0.131063
8.285	0.131238
8.29	0.131375
8.295	0.131473
8.3	0.131533
8.305	0.131555
8.31	0.13154
8.315	0.131486
8.32	0.131396
8.325	0.131268
8.33	0.131104
8.335	0.130903
8.34	0.130666
8.345	0.130392
8.35	0.130083
8.355	0.129738
8.36	0.129359
8.365	0.128944
8.37	0.128494
8.375	0.128011
8.38	0.127493
8.385	0.126942
8.39	0.126357
8.395	0.125739
8.4	0.125089
8.405	0.124406
8.41	0.123692
8.415	0.122946
8.42	0.122168
8.425	0.12136
8.43	0.120522
8.435	0.119653
8.44	0.118755
8.445	0.117827
8.45	0.116871
8.455	0.115887
8.46	0.114875
8.465	0.113835
8.47	0.112768
8.475	0.111675
8.48	0.110555
8.485	0.10941
8.49	0.10824
8.495	0.107045
8.5	0.105826
8.505	0.104583
8.51	0.103317
8.515	0.102028
8.52	0.100717
8.525	0.0993835
8.53	0.0980291
8.535	0.0966537
8.54	0.0952581
8.545	0.0938426
8.55	0.0924077
8.555	0.090954
8.56	0.0894819
8.565	0.0879921
8.57	0.0864849
8.575	0.084961
8.58	0.0834209
8.585	0.081865
8.59	0.080294
8.595	0.0787084
8.6	0.0771086
8.605	0.0754954
8.61	0.0738691
8.615	0.0722303
8.62	0.0705796
8.625	0.0689174
8.63	0.0672444
8.635	0.065561
8.64	0.0638678
8.645	0.0621652
8.65	0.0604539
8.655	0.0587343
8.66	0.057007
8.665	0.0552725
8.67	0.0535314
8.675	0.051784
8.68	0.050031
8.685	0.048273
8.69	0.0465104
8.695	0.0447437
8.7	0.0429736
8.705	0.0412005
8.71	0.0394249
8.715	0.0376474
8.72	0.0358686
8.725	0.0340888
8.73	0.0323086
8.735	0.0305287
8.74	0.0287493
8.745	0.0269712
8.75	0.0251947
8.755	0.0234204
8.76	0.0216487
8.765	0.0198802
8.77	0.0181154
8.775	0.0163546
8.78	0.0145985
8.785	0.0128474
8.79	0.0111019
8.795	0.00936235
8.8	0.00762929
8.805	0.00590314
8.81	0.00418437
8.815	0.0024734
8.82	0.000770697
8.825	-0.000923304
8.83	-0.00260816
8.835	-0.00428342
8.84	-0.00594865
8.845	-0.00760343
8.85	-0.00924731
8.855	-0.0108799
8.86	-0.0125007
8.865	-0.0141094
8.87	-0.0157056
8.875	-0.0172888
8.88	-0.0188586
8.885	-0.0204147
8.89	-0.0219568
8.895	-0.0234844
8.9	-0.0249972
8.905	-0.0264948
8.91	-0.0279769
8.915	-0.0294433
8.92	-0.0308934
8.925	-0.0323271
8.93	-0.0337439
8.935	-0.0351436
8.94	-0.0365259
8.945	-0.0378905
8.95	-0.039237
8.955	-0.0405652
8.96	-0.0418747
8.965	-0.0431654
8.97	-0.0444369
8.975	-0.0456889
8.98	-0.0469212
8.985	-0.0481335
8.99	-0.0493256
8.995	-0.0504973
9	-0.0516483
9.005	-0.0527783
9.01	-0.0538872
9.015	-0.0549748
9.02	-0.0560409
9.025	-0.0570852
9.03	-0.0581076
9.035	-0.059108
9.04	-0.060086
9.045	-0.0610417
9.05	-0.0619748
9.055	-0.0628853
9.06	-0.0637729
9.065	-0.0646375
9.07	-0.0654791
9.075	-0.0662975
9.08	-0.0670926
9.085	-0.0678643
9.09	-0.0686126
9.095	-0.0693372
9.1	-0.0700381
9.105	-0.0707152
9.11	-0.0713685
9.115	-0.0719978
9.12	-0.0726032
9.125	-0.0731846
9.13	-0.0737418
9.135	-0.074275
9.14	-0.074784
9.145	-0.0752689
9.15	-0.0757296
9.155	-0.0761662
9.16	-0.0765786
9.165	-0.076967
9.17	-0.0773312
9.175	-0.0776713
9.18	-0.0779874
9.185	-0.0782795
9.19	-0.0785476
9.195	-0.0787919
9.2	-0.0790123
9.205	-0.0792089
9.21	-0.0793818
9.215	-0.0795312
9.22	-0.0796569
9.225	-0.0797592
9.23	-0.0798382
9.235	-0.0798938
9.24	-0.0799263
9.245	-0.0799358
9.25	-0.0799223
9.255	-0.079886
9.26	-0.079827
9.265	-0.0797454
9.27	-0.0796414
9.275	-0.0795151
9.28	-0.0793667
9.285	-0.0791964
9.29	-0.0790043
9.295	-0.0787905
9.3	-0.0785554
9.305	-0.078299
9.31	-0.0780216
9.315	-0.0777234
9.32	-0.0774045
9.325	-0.0770652
9.33	-0.0767057
9.335	-0.0763261
9.34	-0.0759268
9.345	-0.0755079
9.35	-0.0750697
9.355	-0.0746124
9.36	-0.0741361
9.365	-0.0736412
9.37	-0.0731278
9.375	-0.0725963
9.38	-0.0720468
9.385	-0.0714796
9.39	-0.070895
9.395	-0.0702932
9.4	-0.0696745
9.405	-0.0690391
9.41	-0.0683874
9.415	-0.0677195
9.42	-0.0670359
9.425	-0.0663368
9.43	-0.0656224
9.435	-0.0648931
9.44	-0.0641492
9.445	-0.0633909
9.45	-0.0626186
9.455	-0.0618325
9.46	-0.0610329
9.465	-0.0602202
9.47	-0.0593947
9.475	-0.0585566
9.48	-0.0577063
9.485	-0.0568441
9.49	-0.0559702
9.495	-0.0550851
9.5	-0.0541889
9.505	-0.0532821
9.51	-0.0523648
9.515	-0.0514376
9.52	-0.0505005
9.525	-0.0495541
9.53	-0.0485986
9.535	-0.0476342
9.54	-0.0466614
9.545	-0.0456805
9.55	-0.0446918
9.555	-0.0436956
9.56	-0.0426922
9.565	-0.041682
9.57	-0.0406654
9.575	-0.0396426
9.58	-0.038614
9.585	-0.0375799
9.59	-0.0365406
9.595	-0.0354965
9.6	-0.0344478
9.605	-0.033395
9.61	-0.0323383
9.615	-0.031278
9.62	-0.0302145
9.625	-0.0291481
9.63	-0.028079
9.635	-0.0270077
9.64	-0.0259344
9.645	-0.0248594
9.65	-0.023783
9.655	-0.0227056
9.66	-0.0216274
9.665	-0.0205489
9.67	-0.0194702
9.675	-0.0183917
9.68	-0.0173138
9.685	-0.0162367
9.69	-0.0151607
9.695	-0.0140862
9.7	-0.0130134
9.705	-0.0119426
9.71	-0.0108742
9.715	-0.00980843
9.72	-0.00874554
9.725	-0.00768586
9.73	-0.00662966
9.735	-0.00557722
9.74	-0.00452883
9.745	-0.00348475
9.75	-0.00244527
9.755	-0.00141064
9.76	-0.000381148
9.765	0.000642953
9.77	0.0016614
9.775	0.00267395
9.78	0.00368033
9.785	0.00468031
9.79	0.00567362
9.795	0.00666003
9.8	0.00763929
9.805	0.00861116
9.81	0.0095754
9.815	0.0105318
9.82	0.01148
9.825	0.01242
9.83	0.0133513
9.835	0.0142739
9.84	0.0151875
9.845	0.0160918
9.85	0.0169867
9.855	0.017872
9.86	0.0187474
9.865	0.0196128
9.87	0.020468
9.875	0.0213127
9.88	0.0221469
9.885	0.0229703
9.89	0.0237828
9.895	0.0245842
9.9	0.0253743
9.905	0.026153
9.91	0.0269201
9.915	0.0276754
9.92	0.0284189
9.925	0.0291503
9.93	0.0298695
9.935	0.0305763
9.94	0.0312707
9.945	0.0319525
9.95	0.0326215
9.955	0.0332777
9.96	0.0339208
9.965	0.0345509
9.97	0.0351678
9.975	0.0357713
9.98	0.0363614
9.985	0.036938
9.99	0.037501
9.995	0.0380503
10	0.0385858
10.005	0.0391075
10.01	0.0396153
10.015	0.040109
10.02	0.0405887
10.025	0.0410543
10.03	0.0415057
10.035	0.0419429
10.04	0.0423659
10.045	0.0427745
10.05	0.0431688
10.055	0.0435488
10.06	0.0439143
10.065	0.0442653
10.07	0.0446019
10.075	0.044924
10.08	0.0452316
10.085	0.0455247
10.09	0.0458032
10.095	0.0460672
10.1	0.0463167
10.105	0.0465516
10.11	0.0467719
10.115	0.0469778
10.12	0.0471692
10.125	0.0473461
10.13	0.0475086
10.135	0.0476568
10.14	0.0477905
10.145	0.0479099
10.15	0.0480151
10.155	0.048106
10.16	0.0481827
10.165	0.0482453
10.17	0.0482939
10.175	0.0483284
10.18	0.048349
10.185	0.0483557
10.19	0.0483486
10.195	0.0483277
10.2	0.0482932
10.205	0.0482452
10.21	0.0481836
10.215	0.0481087
10.22	0.0480204
10.225	0.0479189
10.23	0.0478043
10.235	0.0476767
10.24	0.0475362
10.245	0.0473828
10.25	0.0472168
10.255	0.0470381
10.26	0.046847
10.265	0.0466435
10.27	0.0464278
10.275	0.0462
10.28	0.0459603
10.285	0.0457087
10.29	0.0454455
10.295	0.0451707
10.3	0.0448845
10.305	0.0445871
10.31	0.0442785
10.315	0.043959
10.32	0.0436286
10.325	0.0432876
10.33	0.0429361
10.335	0.0425742
10.34	0.042202
10.345	0.0418198
10.35	0.0414277
10.355	0.0410258
10.36	0.0406144
10.365	0.0401935
10.37	0.0397634
10.375	0.0393243
10.38	0.0388763
10.385	0.0384195
10.39	0.0379543
10.395	0.0374807
10.4	0.0369989
10.405	0.0365092
10.41	0.0360116
10.415	0.0355065
10.42	0.0349939
10.425	0.034474
10.43	0.0339471
10.435	0.0334133
10.44	0.0328728
10.445	0.0323258
10.45	0.0317725
10.455	0.0312131
10.46	0.0306478
10.465	0.0300767
10.47	0.0295001
10.475	0.0289182
10.48	0.0283311
10.485	0.0277391
10.49	0.0271423
10.495	0.0265409
10.5	0.0259352
10.505	0.0253252
10.51	0.0247113
10.515	0.0240936
10.52	0.0234723
10.525	0.0228475
10.53	0.0222196
10.535	0.0215887
10.54	0.020955
10.545	0.0203187
10.55	0.01968
10.555	0.0190391
10.56	0.0183962
10.565	0.0177515
10.57	0.0171051
10.575	0.0164574
10.58	0.0158084
10.585	0.0151583
10.59	0.0145074
10.595	0.0138558
10.6	0.0132037
10.605	0.0125514
10.61	0.0118989
10.615	0.0112464
10.62	0.0105943
10.625	0.00994254
10.63	0.00929145
10.635	0.00864117
10.64	0.00799188
10.645	0.00734378
10.65	0.00669703
10.655	0.00605182
10.66	0.00540833
10.665	0.00476672
10.67	0.00412717
10.675	0.00348985
10.68	0.00285493
10.685	0.00222259
10.69	0.00159297
10.695	0.00096626
10.7	0.000342614
10.705	-0.0002778
10.71	-0.000894821
10.715	-0.00150829
10.72	-0.00211805
10.725	-0.00272395
10.73	-0.00332584
10.735	-0.00392357
10.74	-0.00451699
10.745	-0.00510596
10.75	-0.00569034
10.755	-0.00626998
10.76	-0.00684475
10.765	-0.00741452
10.77	-0.00797915
10.775	-0.0085385
10.78	-0.00909245
10.785	-0.00964085
10.79	-0.0101836
10.795	-0.0107205
10.8	-0.0112515
10.805	-0.0117765
10.81	-0.0122953
10.815	-0.0128078
10.82	-0.013314
10.825	-0.0138136
10.83	-0.0143066
10.835	-0.0147929
10.84	-0.0152723
10.845	-0.0157449
10.85	-0.0162104
10.855	-0.0166688
10.86	-0.01712
10.865	-0.017564
10.87	-0.0180006
10.875	-0.0184297
10.88	-0.0188513
10.885	-0.0192652
10.89	-0.0196715
10.895	-0.02007
10.9	-0.0204607
10.905	-0.0208434
10.91	-0.0212182
10.915	-0.021585
10.92	-0.0219436
10.925	-0.022294
10.93	-0.0226362
10.935	-0.0229702
10.94	-0.0232958
10.945	-0.023613
10.95	-0.0239219
10.955	-0.0242222
10.96	-0.0245141
10.965	-0.0247974
10.97	-0.0250721
10.975	-0.0253383
10.98	-0.0255958
10.985	-0.0258446
10.99	-0.0260847
10.995	-0.0263161
11	-0.0265388
11.005	-0.0267527
11.01	-0.0269579
11.015	-0.0271543
11.02	-0.027342
11.025	-0.0275208
11.03	-0.027691
11.035	-0.0278523
11.04	-0.0280049
11.045	-0.0281487
11.05	-0.0282837
11.055	-0.0284099
11.06	-0.0285274
11.065	-0.0286362
11.07	-0.0287362
11.075	-0.0288275
11.08	-0.0289101
11.085	-0.0289841
11.09	-0.0290494
11.095	-0.0291061
11.1	-0.0291541
11.105	-0.0291937
11.11	-0.0292247
11.115	-0.0292473
11.12	-0.0292615
11.125	-0.0292672
11.13	-0.0292647
11.135	-0.0292538
11.14	-0.0292347
11.145	-0.0292074
11.15	-0.0291719
11.155	-0.0291283
11.16	-0.0290767
11.165	-0.0290172
11.17	-0.0289497
11.175	-0.0288743
11.18	-0.0287912
11.185	-0.0287003
11.19	-0.0286018
11.195	-0.0284957
11.2	-0.0283821
11.205	-0.028261
11.21	-0.0281325
11.215	-0.0279968
11.22	-0.0278538
11.225	-0.0277037
11.23	-0.0275466
11.235	-0.0273824
11.24	-0.0272114
11.245	-0.0270335
11.25	-0.0268489
11.255	-0.0266577
11.26	-0.02646
11.265	-0.0262558
11.27	-0.0260453
11.275	-0.0258285
11.28	-0.0256056
11.285	-0.0253767
11.29	-0.0251418
11.295	-0.024901
11.3	-0.0246545
11.305	-0.0244023
11.31	-0.0241446
11.315	-0.0238814
11.32	-0.0236129
11.325	-0.0233391
11.33	-0.0230602
11.335	-0.0227762
11.34	-0.0224873
11.345	-0.0221936
11.35	-0.0218952
11.355	-0.0215922
11.36	-0.0212847
11.365	-0.0209728
11.37	-0.0206567
11.375	-0.0203364
11.38	-0.0200121
11.385	-0.0196839
11.39	-0.0193519
11.395	-0.0190163
11.4	-0.018677
11.405	-0.0183343
11.41	-0.0179883
11.415	-0.0176391
11.42	-0.0172867
11.425	-0.0169314
11.43	-0.0165732
11.435	-0.0162123
11.44	-0.0158488
11.445	-0.0154827
11.45	-0.0151143
11.455	-0.0147436
11.46	-0.0143707
11.465	-0.0139958
11.47	-0.013619
11.475	-0.0132404
11.48	-0.0128601
11.485	-0.0124782
11.49	-0.0120948
11.495	-0.0117101
11.5	-0.0113242
11.505	-0.0109371
11.51	-0.0105491
11.515	-0.0101602
11.52	-0.00977059
11.525	-0.00938033
11.53	-0.00898956
11.535	-0.0085984
11.54	-0.00820696
11.545	-0.00781536
11.55	-0.00742369
11.555	-0.00703207
11.56	-0.00664061
11.565	-0.00624942
11.57	-0.00585862
11.575	-0.0054683
11.58	-0.00507859
11.585	-0.00468957
11.59	-0.00430135
11.595	-0.00391405
11.6	-0.00352776
11.605	-0.00314259
11.61	-0.00275866
11.615	-0.00237607
11.62	-0.00199492
11.625	-0.00161532
11.63	-0.00123735
11.635	-0.000861113
11.64	-0.000486712
11.645	-0.00011424
11.65	0.000256205
11.655	0.000624528
11.66	0.000990631
11.665	0.00135442
11.67	0.0017158
11.675	0.00207469
11.68	0.00243099
11.685	0.00278462
11.69	0.00313549
11.695	0.00348351
11.7	0.00382859
11.705	0.00417065
11.71	0.00450961
11.715	0.0048454
11.72	0.00517794
11.725	0.00550716
11.73	0.00583299
11.735	0.00615536
11.74	0.00647418
11.745	0.00678939
11.75	0.00710091
11.755	0.00740868
11.76	0.00771263
11.765	0.00801269
11.77	0.0083088
11.775	0.00860088
11.78	0.00888887
11.785	0.00917271
11.79	0.00945233
11.795	0.00972768
11.8	0.0099987
11.805	0.0102653
11.81	0.0105275
11.815	0.0107853
11.82	0.0110385
11.825	0.0112871
11.83	0.0115311
11.835	0.0117705
11.84	0.0120051
11.845	0.012235
11.85	0.0124601
11.855	0.0126804
11.86	0.0128958
11.865	0.0131064
11.87	0.013312
11.875	0.0135126
11.88	0.0137082
11.885	0.0138989
11.89	0.0140844
11.895	0.0142649
11.9	0.0144403
11.905	0.0146106
11.91	0.0147757
11.915	0.0149357
11.92	0.0150905
11.925	0.0152401
11.93	0.0153844
11.935	0.0155236
11.94	0.0156574
11.945	0.0157861
11.95	0.0159094
11.955	0.0160275
11.96	0.0161403
11.965	0.0162479
11.97	0.0163501
11.975	0.0164471
11.98	0.0165388
11.985	0.0166252
11.99	0.0167063
11.995	0.0167823
12	0.0168529
12.005	0.0169184
12.01	0.0169785
12.015	0.0170335
12.02	0.0170833
12.025	0.0171278
12.03	0.0171672
12.035	0.0172014
12.04	0.0172304
12.045	0.0172543
12.05	0.0172731
12.055	0.0172868
12.06	0.0172954
12.065	0.0172989
12.07	0.0172975
12.075	0.017291
12.08	0.0172796
12.085	0.0172633
12.09	0.017242
12.095	0.0172159
12.1	0.017185
12.105	0.0171492
12.11	0.0171087
12.115	0.0170635
12.12	0.0170136
12.125	0.016959
12.13	0.0168999
12.135	0.0168362
12.14	0.0167679
12.145	0.0166952
12.15	0.0166181
12.155	0.0165366
12.16	0.0164507
12.165	0.0163606
12.17	0.0162662
12.175	0.0161677
12.18	0.016065
12.185	0.0159582
12.19	0.0158474
12.195	0.0157325
12.2	0.0156137
12.205	0.0154911
12.21	0.0153646
12.215	0.0152343
12.22	0.0151004
12.225	0.0149628
12.23	0.0148216
12.235	0.0146768
12.24	0.0145286
12.245	0.0143771
12.25	0.0142221
12.255	0.0140639
12.26	0.0139026
12.265	0.013738
12.27	0.0135704
12.275	0.0133998
12.28	0.0132262
12.285	0.0130497
12.29	0.0128704
12.295	0.0126883
12.3	0.0125035
12.305	0.0123161
12.31	0.0121261
12.315	0.0119337
12.32	0.0117388
12.325	0.0115415
12.33	0.011342
12.335	0.0111402
12.34	0.0109363
12.345	0.0107303
12.35	0.0105223
12.355	0.0103124
12.36	0.0101006
12.365	0.00988709
12.37	0.0096718
12.375	0.00945485
12.38	0.00923632
12.385	0.00901628
12.39	0.00879481
12.395	0.00857199
12.4	0.00834788
12.405	0.00812256
12.41	0.0078961
12.415	0.00766856
12.42	0.00744001
12.425	0.00721053
12.43	0.00698019
12.435	0.00674906
12.44	0.0065172
12.445	0.00628468
12.45	0.00605158
12.455	0.00581794
12.46	0.00558384
12.465	0.00534935
12.47	0.00511454
12.475	0.00487948
12.48	0.00464425
12.485	0.00440892
12.49	0.00417357
12.495	0.00393825
12.5	0.00370305
12.505	0.00346801
12.51	0.00323323
12.515	0.00299875
12.52	0.00276466
12.525	0.00253101
12.53	0.00229787
12.535	0.0020653
12.54	0.00183336
12.545	0.0016021
12.55	0.00137157
12.555	0.00114185
12.56	0.000913002
12.565	0.000685083
12.57	0.00045816
12.575	0.000232295
12.58	7.54422e-06
12.585	-0.000216035
12.59	-0.000438387
12.595	-0.000659456
12.6	-0.000879183
12.605	-0.00109751
12.61	-0.00131437
12.615	-0.00152972
12.62	-0.00174351
12.625	-0.00195567
12.63	-0.00216618
12.635	-0.00237497
12.64	-0.00258199
12.645	-0.0027872
12.65	-0.00299053
12.655	-0.00319194
12.66	-0.00339136
12.665	-0.00358876
12.67	-0.00378409
12.675	-0.00397731
12.68	-0.00416838
12.685	-0.00435726
12.69	-0.00454391
12.695	-0.00472828
12.7	-0.00491033
12.705	-0.00509003
12.71	-0.00526734
12.715	-0.00544223
12.72	-0.00561467
12.725	-0.00578462
12.73	-0.00595204
12.735	-0.00611689
12.74	-0.00627913
12.745	-0.00643873
12.75	-0.00659565
12.755	-0.00674986
12.76	-0.00690132
12.765	-0.00705002
12.77	-0.00719592
12.775	-0.00733899
12.78	-0.00747921
12.785	-0.00761656
12.79	-0.00775101
12.795	-0.00788254
12.8	-0.00801113
12.805	-0.00813676
12.81	-0.00825942
12.815	-0.0083791
12.82	-0.00849577
12.825	-0.00860941
12.83	-0.00872
12.835	-0.00882752
12.84	-0.00893196
12.845	-0.00903331
12.85	-0.00913156
12.855	-0.00922669
12.86	-0.0093187
12.865	-0.00940758
12.87	-0.0094933
12.875	-0.00957588
12.88	-0.00965529
12.885	-0.00973154
12.89	-0.00980461
12.895	-0.00987451
12.9	-0.00994123
12.905	-0.0100048
12.91	-0.0100651
12.915	-0.0101223
12.92	-0.0101763
12.925	-0.0102271
12.93	-0.0102747
12.935	-0.0103191
12.94	-0.0103604
12.945	-0.0103984
12.95	-0.0104334
12.955	-0.0104652
12.96	-0.0104938
12.965	-0.0105193
12.97	-0.0105417
12.975	-0.010561
12.98	-0.0105772
12.985	-0.0105903
12.99	-0.0106003
12.995	-0.0106073
13	-0.0106112
13.005	-0.0106121
13.01	-0.0106099
13.015	-0.0106047
13.02	-0.0105966
13.025	-0.0105854
13.03	-0.0105713
13.035	-0.0105543
13.04	-0.0105344
13.045	-0.0105115
13.05	-0.0104858
13.055	-0.0104573
13.06	-0.0104259
13.065	-0.0103917
13.07	-0.0103548
13.075	-0.0103151
13.08	-0.0102727
13.085	-0.0102276
13.09	-0.0101799
13.095	-0.0101295
13.1	-0.0100765
13.105	-0.0100209
13.11	-0.00996278
13.115	-0.00990212
13.12	-0.00983897
13.125	-0.00977336
13.13	-0.00970533
13.135	-0.00963491
13.14	-0.00956213
13.145	-0.00948702
13.15	-0.00940961
13.155	-0.00932993
13.16	-0.00924803
13.165	-0.00916392
13.17	-0.00907766
13.175	-0.00898928
13.18	-0.00889881
13.185	-0.00880629
13.19	-0.00871175
13.195	-0.00861523
13.2	-0.00851677
13.205	-0.00841641
13.21	-0.0083142
13.215	-0.00821018
13.22	-0.0081044
13.225	-0.00799689
13.23	-0.00788768
13.235	-0.00777682
13.24	-0.00766435
13.245	-0.0075503
13.25	-0.00743471
13.255	-0.00731764
13.26	-0.00719911
13.265	-0.00707917
13.27	-0.00695785
13.275	-0.0068352
13.28	-0.00671125
13.285	-0.00658605
13.29	-0.00645964
13.295	-0.00633207
13.3	-0.00620338
13.305	-0.00607362
13.31	-0.00594284
13.315	-0.00581107
13.32	-0.00567835
13.325	-0.00554473
13.33	-0.00541025
13.335	-0.00527495
13.34	-0.00513888
13.345	-0.00500208
13.35	-0.00486459
13.355	-0.00472646
13.36	-0.00458772
13.365	-0.00444842
13.37	-0.00430861
13.375	-0.00416831
13.38	-0.0040276
13.385	-0.00388649
13.39	-0.00374505
13.395	-0.0036033
13.4	-0.0034613
13.405	-0.00331907
13.41	-0.00317666
13.415	-0.00303412
13.42	-0.00289147
13.425	-0.00274876
13.43	-0.00260603
13.435	-0.00246332
13.44	-0.00232067
13.445	-0.00217813
13.45	-0.00203572
13.455	-0.00189351
13.46	-0.00175152
13.465	-0.00160979
13.47	-0.00146838
13.475	-0.00132732
13.48	-0.00118664
13.485	-0.0010464
13.49	-0.000906618
13.495	-0.000767335
13.5	-0.000628586
13.505	-0.000490406
13.51	-0.000352831
13.515	-0.000215895
13.52	-7.96332e-05
13.525	5.59221e-05
13.53	0.000190736
13.535	0.000324774
13.54	0.000458
13.545	0.000590379
13.55	0.000721875
13.555	0.000852456
13.56	0.000982087
13.565	0.00111074
13.57	0.00123837
13.575	0.00136497
13.58	0.00149048
13.585	0.0016149
13.59	0.00173819
13.595	0.00186032
13.6	0.00198126
13.605	0.00210098
13.61	0.00221947
13.615	0.00233668
13.62	0.00245259
13.625	0.00256718
13.63	0.00268042
13.635	0.00279227
13.64	0.00290272
13.645	0.00301174
13.65	0.00311931
13.655	0.0032254
13.66	0.00333
13.665	0.00343308
13.67	0.00353464
13.675	0.00363464
13.68	0.00373306
13.685	0.0038299
13.69	0.00392512
13.695	0.00401872
13.7	0.00411067
13.705	0.00420095
13.71	0.00428955
13.715	0.00437645
13.72	0.00446163
13.725	0.00454506
13.73	0.00462675
13.735	0.00470666
13.74	0.00478479
13.745	0.00486114
13.75	0.00493568
13.755	0.00500841
13.76	0.00507931
13.765	0.00514839
13.77	0.00521563
13.775	0.00528102
13.78	0.00534455
13.785	0.00540621
13.79	0.005466
13.795	0.00552392
13.8	0.00557994
13.805	0.00563406
13.81	0.00568629
13.815	0.0057366
13.82	0.00578499
13.825	0.00583148
13.83	0.00587604
13.835	0.00591869
13.84	0.00595942
13.845	0.00599822
13.85	0.00603511
13.855	0.00607008
13.86	0.00610313
13.865	0.00613426
13.87	0.00616348
13.875	0.00619078
13.88	0.00621615
13.885	0.00623961
13.89	0.00626116
13.895	0.0062808
13.9	0.00629854
13.905	0.00631438
13.91	0.00632832
13.915	0.00634038
13.92	0.00635056
13.925	0.00635887
13.93	0.00636533
13.935	0.00636993
13.94	0.0063727
13.945	0.00637364
13.95	0.00637275
13.955	0.00637006
13.96	0.00636556
13.965	0.00635926
13.97	0.00635118
13.975	0.00634133
13.98	0.00632971
13.985	0.00631634
13.99	0.00630123
13.995	0.00628441
14	0.00626588
14.005	0.00624565
14.01	0.00622375
14.015	0.00620019
14.02	0.00617498
14.025	0.00614814
14.03	0.0061197
14.035	0.00608967
14.04	0.00605807
14.045	0.0060249
14.05	0.0059902
14.055	0.00595396
14.06	0.00591622
14.065	0.00587698
14.07	0.00583627
14.075	0.0057941
14.08	0.00575051
14.085	0.00570551
14.09	0.00565913
14.095	0.00561137
14.1	0.00556228
14.105	0.00551185
14.11	0.00546013
14.115	0.00540712
14.12	0.00535286
14.125	0.00529737
14.13	0.00524067
14.135	0.00518278
14.14	0.00512371
14.145	0.00506349
14.15	0.00500213
14.155	0.00493967
14.16	0.00487614
14.165	0.00481155
14.17	0.00474593
14.175	0.00467931
14.18	0.00461171
14.185	0.00454316
14.19	0.00447368
14.195	0.0044033
14.2	0.00433204
14.205	0.00425993
14.21	0.004187
14.215	0.00411327
14.22	0.00403876
14.225	0.00396349
14.23	0.00388749
14.235	0.00381079
14.24	0.0037334
14.245	0.00365535
14.25	0.00357667
14.255	0.0034974
14.26	0.00341756
14.265	0.00333717
14.27	0.00325626
14.275	0.00317486
14.28	0.00309299
14.285	0.00301068
14.29	0.00292795
14.295	0.00284483
14.3	0.00276135
14.305	0.00267753
14.31	0.0025934
14.315	0.00250897
14.32	0.00242428
14.325	0.00233933
14.33	0.00225417
14.335	0.00216882
14.34	0.00208331
14.345	0.00199766
14.35	0.00191191
14.355	0.00182607
14.36	0.00174018
14.365	0.00165425
14.37	0.00156832
14.375	0.0014824
14.38	0.00139652
14.385	0.0013107
14.39	0.00122497
14.395	0.00113936
14.4	0.00105388
14.405	0.000968547
14.41	0.000883394
14.415	0.000798438
14.42	0.000713703
14.425	0.000629215
14.43	0.000545
14.435	0.000461082
14.44	0.000377487
14.445	0.000294236
14.45	0.000211353
14.455	0.000128858
14.46	4.67711e-05
14.465	-3.48866e-05
14.47	-0.000116096
14.475	-0.000196838
14.48	-0.000277091
14.485	-0.000356837
14.49	-0.000436055
14.495	-0.000514727
14.5	-0.000592833
14.505	-0.000670355
14.51	-0.000747276
14.515	-0.000823574
14.52	-0.000899227
14.525	-0.000974215
14.53	-0.00104852
14.535	-0.00112211
14.54	-0.00119499
14.545	-0.00126712
14.55	-0.00133851
14.555	-0.00140914
14.56	-0.00147898
14.565	-0.00154803
14.57	-0.00161628
14.575	-0.0016837
14.58	-0.00175028
14.585	-0.00181601
14.59	-0.00188088
14.595	-0.00194486
14.6	-0.00200795
14.605	-0.00207013
14.61	-0.00213139
14.615	-0.00219171
14.62	-0.00225107
14.625	-0.00230946
14.63	-0.00236686
14.635	-0.00242329
14.64	-0.00247871
14.645	-0.00253314
14.65	-0.00258655
14.655	-0.00263895
14.66	-0.00269032
14.665	-0.00274064
14.67	-0.00278991
14.675	-0.00283813
14.68	-0.00288528
14.685	-0.00293136
14.69	-0.00297636
14.695	-0.00302028
14.7	-0.00306309
14.705	-0.0031048
14.71	-0.00314539
14.715	-0.00318486
14.72	-0.0032232
14.725	-0.00326042
14.73	-0.00329652
14.735	-0.00333148
14.74	-0.00336532
14.745	-0.00339802
14.75	-0.00342958
14.755	-0.00345999
14.76	-0.00348925
14.765	-0.00351736
14.77	-0.00354431
14.775	-0.00357012
14.78	-0.00359477
14.785	-0.00361826
14.79	-0.00364059
14.795	-0.00366175
14.8	-0.00368175
14.805	-0.00370059
14.81	-0.00371826
14.815	-0.00373479
14.82	-0.00375017
14.825	-0.00376441
14.83	-0.00377751
14.835	-0.00378946
14.84	-0.00380028
14.845	-0.00380996
14.85	-0.00381849
14.855	-0.0038259
14.86	-0.00383218
14.865	-0.00383734
14.87	-0.00384137
14.875	-0.00384429
14.88	-0.00384609
14.885	-0.00384678
14.89	-0.00384636
14.895	-0.00384484
14.9	-0.00384223
14.905	-0.00383854
14.91	-0.00383379
14.915	-0.00382798
14.92	-0.00382112
14.925	-0.00381321
14.93	-0.00380426
14.935	-0.00379427
14.94	-0.00378325
14.945	-0.00377121
14.95	-0.00375817
14.955	-0.00374413
14.96	-0.0037291
14.965	-0.00371309
14.97	-0.0036961
14.975	-0.00367815
14.98	-0.00365925
14.985	-0.00363941
14.99	-0.00361864
14.995	-0.00359696
15	-0.00357438
15.005	-0.00355091
15.01	-0.00352656
15.015	-0.00350134
15.02	-0.00347525
15.025	-0.00344831
15.03	-0.00342053
15.035	-0.00339193
15.04	-0.0033625
15.045	-0.00333229
15.05	-0.00330128
15.055	-0.00326951
15.06	-0.00323697
15.065	-0.00320369
15.07	-0.00316967
15.075	-0.00313493
15.08	-0.0030995
15.085	-0.00306338
15.09	-0.00302659
15.095	-0.00298916
15.1	-0.00295108
15.105	-0.00291236
15.11	-0.00287303
15.115	-0.00283309
15.12	-0.00279255
15.125	-0.00275144
15.13	-0.00270976
15.135	-0.00266754
15.14	-0.00262479
15.145	-0.00258152
15.15	-0.00253775
15.155	-0.0024935
15.16	-0.00244877
15.165	-0.00240359
15.17	-0.00235797
15.175	-0.00231193
15.18	-0.00226549
15.185	-0.00221866
15.19	-0.00217147
15.195	-0.00212391
15.2	-0.002076
15.205	-0.00202775
15.21	-0.00197919
15.215	-0.00193032
15.22	-0.00188117
15.225	-0.00183176
15.23	-0.00178211
15.235	-0.00173222
15.24	-0.00168211
15.245	-0.0016318
15.25	-0.0015813
15.255	-0.00153062
15.26	-0.00147979
15.265	-0.00142882
15.27	-0.00137772
15.275	-0.00132651
15.28	-0.00127521
15.285	-0.00122381
15.29	-0.00117235
15.295	-0.00112082
15.3	-0.00106925
15.305	-0.00101765
15.31	-0.000966038
15.315	-0.000914443
15.32	-0.000862879
15.325	-0.000811359
15.33	-0.000759895
15.335	-0.000708497
15.34	-0.000657179
15.345	-0.000605954
15.35	-0.000554841
15.355	-0.000503857
15.36	-0.000453016
15.365	-0.000402332
15.37	-0.000351814
15.375	-0.000301469
15.38	-0.00025131
15.385	-0.000201346
15.39	-0.000151595
15.395	-0.000102071
15.4	-5.27922e-05
15.405	-3.77369e-06
15.41	4.49703e-05
15.415	9.34282e-05
15.42	0.00014159
15.425	0.000189448
15.43	0.00023699
15.435	0.000284207
15.44	0.000331083
15.445	0.000377602
15.45	0.000423752
15.455	0.000469519
15.46	0.000514898
15.465	0.000559881
15.47	0.000604462
15.475	0.00064863
15.48	0.00069237
15.485	0.000735668
15.49	0.000778509
15.495	0.00082088
15.5	0.000862773
15.505	0.000904182
15.51	0.000945102
15.515	0.000985527
15.52	0.00102545
15.525	0.00106486
15.53	0.00110375
15.535	0.0011421
15.54	0.00117992
15.545	0.00121719
15.55	0.0012539
15.555	0.00129006
15.56	0.00132566
15.565	0.00136068
15.57	0.00139512
15.575	0.00142897
15.58	0.00146222
15.585	0.00149485
15.59	0.00152686
15.595	0.00155825
15.6	0.00158902
15.605	0.00161916
15.61	0.00164866
15.615	0.00167754
15.62	0.00170576
15.625	0.00173334
15.63	0.00176027
15.635	0.00178654
15.64	0.00181216
15.645	0.00183711
15.65	0.00186141
15.655	0.00188503
15.66	0.00190799
15.665	0.00193027
15.67	0.00195187
15.675	0.00197277
15.68	0.00199299
15.685	0.00201253
15.69	0.00203137
15.695	0.00204953
15.7	0.002067
15.705	0.00208378
15.71	0.00209987
15.715	0.00211527
15.72	0.00212996
15.725	0.00214396
15.73	0.00215727
15.735	0.00216987
15.74	0.00218179
15.745	0.00219301
15.75	0.00220353
15.755	0.00221336
15.76	0.00222248
15.765	0.0022309
15.77	0.00223863
15.775	0.00224567
15.78	0.00225202
15.785	0.00225769
15.79	0.00226268
15.795	0.002267
15.8	0.00227064
15.805	0.00227361
15.81	0.00227591
15.815	0.00227754
15.82	0.00227851
15.825	0.00227881
15.83	0.00227845
15.835	0.00227743
15.84	0.00227576
15.845	0.00227343
15.85	0.00227045
15.855	0.00226683
15.86	0.00226256
15.865	0.00225765
15.87	0.00225211
15.875	0.00224596
15.88	0.0022392
15.885	0.00223183
15.89	0.00222386
15.895	0.00221528
15.9	0.00220612
15.905	0.00219636
15.91	0.00218602
15.915	0.00217511
15.92	0.00216363
15.925	0.00215158
15.93	0.00213897
15.935	0.00212581
15.94	0.0021121
15.945	0.00209785
15.95	0.00208307
15.955	0.00206776
15.96	0.00205194
15.965	0.00203562
15.97	0.0020188
15.975	0.00200149
15.98	0.0019837
15.985	0.00196542
15.99	0.00194667
15.995	0.00192746
16	0.00190778
16.005	0.00188766
16.01	0.00186709
16.015	0.00184609
16.02	0.00182466
16.025	0.00180282
16.03	0.00178057
16.035	0.00175792
16.04	0.00173488
16.045	0.00171147
16.05	0.00168769
16.055	0.00166355
16.06	0.00163908
16.065	0.00161426
16.07	0.00158911
16.075	0.00156364
16.08	0.00153784
16.085	0.00151174
16.09	0.00148533
16.095	0.00145863
16.1	0.00143164
16.105	0.00140439
16.11	0.00137686
16.115	0.00134908
16.12	0.00132105
16.125	0.00129278
16.13	0.00126429
16.135	0.00123559
16.14	0.00120668
16.145	0.00117758
16.15	0.0011483
16.155	0.00111885
16.16	0.00108923
16.165	0.00105945
16.17	0.00102951
16.175	0.000999434
16.18	0.000969221
16.185	0.000938885
16.19	0.000908437
16.195	0.000877887
16.2	0.000847244
16.205	0.000816517
16.21	0.000785714
16.215	0.000754846
16.22	0.000723923
16.225	0.000692957
16.23	0.000661956
16.235	0.00063093
16.24	0.000599886
16.245	0.000568832
16.25	0.000537773
16.255	0.000506717
16.26	0.000475669
16.265	0.000444639
16.27	0.000413634
16.275	0.000382667
16.28	0.00035175
16.285	0.000320894
16.29	0.000290108
16.295	0.000259401
16.3	0.00022878
16.305	0.000198254
16.31	0.000167833
16.315	0.000137527
16.32	0.000107344
16.325	7.72912e-05
16.33	4.73745e-05
16.335	1.75987e-05
16.34	-1.20302e-05
16.345	-4.15059e-05
16.35	-7.08218e-05
16.355	-9.99714e-05
16.36	-0.000128947
16.365	-0.000157742
16.37	-0.000186345
16.375	-0.000214747
16.38	-0.000242939
16.385	-0.000270914
16.39	-0.000298664
16.395	-0.000326184
16.4	-0.000353469
16.405	-0.000380509
16.41	-0.000407299
16.415	-0.000433832
16.42	-0.000460103
16.425	-0.000486108
16.43	-0.000511842
16.435	-0.0005373
16.44	-0.000562476
16.445	-0.000587364
16.45	-0.000611957
16.455	-0.00063625
16.46	-0.000660236
16.465	-0.000683907
16.47	-0.000707257
16.475	-0.000730279
16.48	-0.000752969
16.485	-0.000775325
16.49	-0.000797344
16.495	-0.000819024
16.5	-0.00084036
16.505	-0.000861347
16.51	-0.000881982
16.515	-0.000902262
16.52	-0.000922184
16.525	-0.000941747
16.53	-0.000960945
16.535	-0.000979773
16.54	-0.000998227
16.545	-0.0010163
16.55	-0.00103399
16.555	-0.00105129
16.56	-0.0010682
16.565	-0.0010847
16.57	-0.00110081
16.575	-0.00111652
16.58	-0.00113183
16.585	-0.00114674
16.59	-0.00116124
16.595	-0.00117535
16.6	-0.00118904
16.605	-0.00120233
16.61	-0.00121521
16.615	-0.00122768
16.62	-0.00123975
16.625	-0.0012514
16.63	-0.00126264
16.635	-0.00127346
16.64	-0.00128386
16.645	-0.00129384
16.65	-0.00130339
16.655	-0.00131253
16.66	-0.00132124
16.665	-0.00132953
16.67	-0.0013374
16.675	-0.00134485
16.68	-0.00135188
16.685	-0.0013585
16.69	-0.0013647
16.695	-0.00137047
16.7	-0.00137583
16.705	-0.00138077
16.71	-0.0013853
16.715	-0.00138941
16.72	-0.0013931
16.725	-0.00139638
16.73	-0.00139924
16.735	-0.00140168
16.74	-0.00140371
16.745	-0.00140533
16.75	-0.00140654
16.755	-0.00140735
16.76	-0.00140776
16.765	-0.00140777
16.77	-0.00140738
16.775	-0.0014066
16.78	-0.00140543
16.785	-0.00140387
16.79	-0.00140193
16.795	-0.00139959
16.8	-0.00139687
16.805	-0.00139377
16.81	-0.00139029
16.815	-0.00138643
16.82	-0.00138219
16.825	-0.00137758
16.83	-0.0013726
16.835	-0.00136726
16.84	-0.00136156
16.845	-0.0013555
16.85	-0.00134909
16.855	-0.00134233
16.86	-0.00133523
16.865	-0.00132779
16.87	-0.00132002
16.875	-0.00131192
16.88	-0.00130349
16.885	-0.00129474
16.89	-0.00128566
16.895	-0.00127627
16.9	-0.00126656
16.905	-0.00125654
16.91	-0.00124623
16.915	-0.00123561
16.92	-0.00122469
16.925	-0.00121349
16.93	-0.001202
16.935	-0.00119024
16.94	-0.0011782
16.945	-0.00116589
16.95	-0.00115332
16.955	-0.0011405
16.96	-0.00112741
16.965	-0.00111409
16.97	-0.00110051
16.975	-0.00108669
16.98	-0.00107263
16.985	-0.00105834
16.99	-0.00104382
16.995	-0.00102909
17	-0.00101413
17.005	-0.000998977
17.01	-0.000983617
17.015	-0.000968062
17.02	-0.000952316
17.025	-0.000936387
17.03	-0.000920279
17.035	-0.000904
17.04	-0.000887554
17.045	-0.000870947
17.05	-0.000854184
17.055	-0.000837269
17.06	-0.000820206
17.065	-0.000802998
17.07	-0.000785649
17.075	-0.000768165
17.08	-0.000750553
17.085	-0.000732821
17.09	-0.000714976
17.095	-0.000697027
17.1	-0.000678978
17.105	-0.000660833
17.11	-0.000642599
17.115	-0.00062428
17.12	-0.000605883
17.125	-0.000587413
17.13	-0.000568877
17.135	-0.000550281
17.14	-0.000531628
17.145	-0.000512925
17.15	-0.000494175
17.155	-0.000475382
17.16	-0.000456551
17.165	-0.000437689
17.17	-0.000418801
17.175	-0.000399897
17.18	-0.000380984
17.185	-0.000362068
17.19	-0.000343156
17.195	-0.000324249
17.2	-0.000305352
17.205	-0.000286469
17.21	-0.000267606
17.215	-0.000248767
17.22	-0.00022996
17.225	-0.000211187
17.23	-0.000192455
17.235	-0.000173765
17.24	-0.000155123
17.245	-0.000136532
17.25	-0.000117999
17.255	-9.95297e-05
17.26	-8.11304e-05
17.265	-6.28081e-05
17.27	-4.45696e-05
17.275	-2.64208e-05
17.28	-8.36643e-06
17.285	9.58993e-06
17.29	2.74453e-05
17.295	4.51967e-05
17.3	6.28405e-05
17.305	8.03725e-05
17.31	9.77883e-05
17.315	0.000115083
17.32	0.000132254
17.325	0.000149297
17.33	0.000166208
17.335	0.000182985
17.34	0.000199622
17.345	0.000216116
17.35	0.00023246
17.355	0.000248649
17.36	0.000264677
17.365	0.000280539
17.37	0.000296232
17.375	0.000311754
17.38	0.000327105
17.385	0.000342282
17.39	0.000357285
17.395	0.000372108
17.4	0.000386749
17.405	0.000401202
17.41	0.000415463
17.415	0.000429531
17.42	0.000443403
17.425	0.000457075
17.43	0.000470546
17.435	0.00048381
17.44	0.000496863
17.445	0.000509702
17.45	0.000522322
17.455	0.000534722
17.46	0.000546899
17.465	0.000558854
17.47	0.000570587
17.475	0.000582099
17.48	0.00059339
17.485	0.000604456
17.49	0.000615296
17.495	0.000625905
17.5	0.00063628
17.505	0.000646419
17.51	0.00065632
17.515	0.000665982
17.52	0.000675404
17.525	0.000684584
17.53	0.000693519
17.535	0.000702205
17.54	0.000710641
17.545	0.000718826
17.55	0.000726759
17.555	0.000734442
17.56	0.000741876
17.565	0.000749064
17.57	0.000756006
17.575	0.000762701
17.58	0.000769147
17.585	0.000775342
17.59	0.000781282
17.595	0.000786967
17.6	0.000792396
17.605	0.000797571
17.61	0.000802493
17.615	0.000807162
17.62	0.000811577
17.625	0.000815735
17.63	0.000819637
17.635	0.000823282
17.64	0.000826672
17.645	0.000829811
17.65	0.000832701
17.655	0.000835346
17.66	0.000837745
17.665	0.000839899
17.67	0.000841805
17.675	0.000843463
17.68	0.000844871
17.685	0.000846029
17.69	0.000846938
17.695	0.0008476
17.7	0.000848016
17.705	0.000848189
17.71	0.00084812
17.715	0.000847809
17.72	0.000847257
17.725	0.000846465
17.73	0.000845438
17.735	0.000844178
17.74	0.000842691
17.745	0.00084098
17.75	0.000839048
17.755	0.000836894
17.76	0.000834518
17.765	0.000831917
17.77	0.000829092
17.775	0.000826045
17.78	0.000822776
17.785	0.000819292
17.79	0.000815594
17.795	0.000811685
17.8	0.000807566
17.805	0.00080324
17.81	0.000798709
17.815	0.000793974
17.82	0.000789041
17.825	0.000783913
17.83	0.000778596
17.835	0.000773093
17.84	0.000767406
17.845	0.000761537
17.85	0.000755484
17.855	0.000749249
17.86	0.000742832
17.865	0.000736235
17.87	0.000729462
17.875	0.000722518
17.88	0.000715409
17.885	0.000708139
17.89	0.00070071
17.895	0.000693125
17.9	0.000685386
17.905	0.000677495
17.91	0.000669457
17.915	0.000661277
17.92	0.000652959
17.925	0.000644508
17.93	0.000635925
17.935	0.000627211
17.94	0.000618368
17.945	0.000609394
17.95	0.000600293
17.955	0.000591065
17.96	0.000581717
17.965	0.000572253
17.97	0.00056268
17.975	0.000553003
17.98	0.000543225
17.985	0.00053335
17.99	0.000523379
17.995	0.000513316
18	0.000503165
18.005	0.000492931
18.01	0.000482619
18.015	0.000472232
18.02	0.000461775
18.025	0.000451247
18.03	0.00044065
18.035	0.000429984
18.04	0.000419251
18.045	0.000408454
18.05	0.000397597
18.055	0.000386687
18.06	0.000375729
18.065	0.00036473
18.07	0.000353692
18.075	0.000342618
18.08	0.000331511
18.085	0.000320373
18.09	0.000309206
18.095	0.000298015
18.1	0.000286805
18.105	0.000275579
18.11	0.000264341
18.115	0.000253091
18.12	0.000241832
18.125	0.000230564
18.13	0.00021929
18.135	0.000208013
18.14	0.000196737
18.145	0.000185469
18.15	0.000174216
18.155	0.000162982
18.16	0.000151774
18.165	0.000140591
18.17	0.000129435
18.175	0.000118306
18.18	0.000107206
18.185	9.61369e-05
18.19	8.51045e-05
18.195	7.41127e-05
18.2	6.31646e-05
18.205	5.22611e-05
18.21	4.14022e-05
18.215	3.05883e-05
18.22	1.98214e-05
18.225	9.10541e-06
18.23	-1.55428e-06
18.235	-1.21517e-05
18.24	-2.26811e-05
18.245	-3.31381e-05
18.25	-4.35192e-05
18.255	-5.38228e-05
18.26	-6.40485e-05
18.265	-7.41963e-05
18.27	-8.42659e-05
18.275	-9.4255e-05
18.28	-0.00010416
18.285	-0.000113977
18.29	-0.0001237
18.295	-0.00013333
18.3	-0.000142867
18.305	-0.00015231
18.31	-0.000161662
18.315	-0.000170918
18.32	-0.000180073
18.325	-0.000189122
18.33	-0.000198059
18.335	-0.00020688
18.34	-0.000215585
18.345	-0.000224174
18.35	-0.000232649
18.355	-0.00024101
18.36	-0.000249256
18.365	-0.000257385
18.37	-0.000265395
18.375	-0.000273283
18.38	-0.000281044
18.385	-0.000288678
18.39	-0.000296183
18.395	-0.00030356
18.4	-0.00031081
18.405	-0.000317931
18.41	-0.000324919
18.415	-0.000331769
18.42	-0.000338475
18.425	-0.000345036
18.43	-0.000351451
18.435	-0.000357723
18.44	-0.000363856
18.445	-0.000369852
18.45	-0.000375709
18.455	-0.000381428
18.46	-0.000387005
18.465	-0.000392439
18.47	-0.000397727
18.475	-0.000402868
18.48	-0.000407862
18.485	-0.000412709
18.49	-0.000417411
18.495	-0.000421965
18.5	-0.00042637
18.505	-0.000430622
18.51	-0.000434719
18.515	-0.000438657
18.52	-0.000442439
18.525	-0.000446065
18.53	-0.00044954
18.535	-0.000452867
18.54	-0.000456047
18.545	-0.000459079
18.55	-0.000461961
18.555	-0.00046469
18.56	-0.000467264
18.565	-0.000469684
18.57	-0.00047195
18.575	-0.000474064
18.58	-0.000476028
18.585	-0.000477843
18.59	-0.000479508
18.595	-0.00048102
18.6	-0.000482378
18.605	-0.000483582
18.61	-0.000484633
18.615	-0.000485534
18.62	-0.00048629
18.625	-0.000486903
18.63	-0.000487375
18.635	-0.000487704
18.64	-0.00048789
18.645	-0.000487929
18.65	-0.00048782
18.655	-0.000487564
18.66	-0.000487162
18.665	-0.000486615
18.67	-0.000485926
18.675	-0.000485097
18.68	-0.000484129
18.685	-0.000483021
18.69	-0.000481774
18.695	-0.000480386
18.7	-0.000478859
18.705	-0.000477198
18.71	-0.000475407
18.715	-0.000473491
18.72	-0.000471453
18.725	-0.000469293
18.73	-0.000467007
18.735	-0.000464594
18.74	-0.000462053
18.745	-0.000459383
18.75	-0.00045659
18.755	-0.000453675
18.76	-0.000450641
18.765	-0.000447491
18.77	-0.000444224
18.775	-0.000440842
18.78	-0.000437345
18.785	-0.000433733
18.79	-0.000430009
18.795	-0.000426175
18.8	-0.000422236
18.805	-0.000418197
18.81	-0.00041406
18.815	-0.000409827
18.82	-0.000405496
18.825	-0.000401063
18.83	-0.000396529
18.835	-0.000391895
18.84	-0.000387164
18.845	-0.000382344
18.85	-0.000377438
18.855	-0.000372448
18.86	-0.000367375
18.865	-0.00036222
18.87	-0.000356983
18.875	-0.000351667
18.88	-0.000346273
18.885	-0.000340805
18.89	-0.000335265
18.895	-0.000329658
18.9	-0.000323985
18.905	-0.000318247
18.91	-0.000312445
18.915	-0.000306575
18.92	-0.000300638
18.925	-0.000294634
18.93	-0.000288567
18.935	-0.000282443
18.94	-0.000276268
18.945	-0.000270045
18.95	-0.000263776
18.955	-0.000257461
18.96	-0.000251099
18.965	-0.000244693
18.97	-0.000238246
18.975	-0.000231762
18.98	-0.000225245
18.985	-0.000218698
18.99	-0.000212122
18.995	-0.000205517
19	-0.000198884
19.005	-0.000192221
19.01	-0.000185529
19.015	-0.00017881
19.02	-0.000172067
19.025	-0.000165304
19.03	-0.000158526
19.035	-0.000151737
19.04	-0.000144939
19.045	-0.000138132
19.05	-0.000131316
19.055	-0.000124491
19.06	-0.00011766
19.065	-0.000110827
19.07	-0.000103995
19.075	-9.7166e-05
19.08	-9.03425e-05
19.085	-8.35247e-05
19.09	-7.67128e-05
19.095	-6.99072e-05
19.1	-6.3109e-05
19.105	-5.63201e-05
19.11	-4.95439e-05
19.115	-4.27848e-05
19.12	-3.60474e-05
19.125	-2.93355e-05
19.13	-2.2651e-05
19.135	-1.59942e-05
19.14	-9.36425e-06
19.145	-2.76087e-06
19.15	3.81495e-06
19.155	1.03608e-05
19.16	1.68737e-05
19.165	2.33514e-05
19.17	2.9793e-05
19.175	3.61983e-05
19.18	4.25675e-05
19.185	4.89002e-05
19.19	5.51949e-05
19.195	6.14493e-05
19.2	6.76602e-05
19.205	7.38239e-05
19.21	7.99363e-05
19.215	8.59941e-05
19.22	9.19953e-05
19.225	9.79394e-05
19.23	0.000103827
19.235	0.00010966
19.24	0.000115437
19.245	0.000121156
19.25	0.000126815
19.255	0.000132413
19.26	0.000137946
19.265	0.000143416
19.27	0.000148824
19.275	0.000154169
19.28	0.000159449
19.285	0.000164664
19.29	0.00016981
19.295	0.000174884
19.3	0.000179885
19.305	0.00018481
19.31	0.000189658
19.315	0.000194428
19.32	0.000199121
19.325	0.000203739
19.33	0.000208284
19.335	0.000212754
19.34	0.000217149
19.345	0.000221463
19.35	0.000225696
19.355	0.000229845
19.36	0.000233913
19.365	0.0002379
19.37	0.000241805
19.375	0.000245627
19.38	0.000249363
19.385	0.00025301
19.39	0.000256565
19.395	0.000260028
19.4	0.0002634
19.405	0.000266682
19.41	0.000269876
19.415	0.000272983
19.42	0.000276004
19.425	0.000278942
19.43	0.000281794
19.435	0.000284559
19.44	0.000287235
19.445	0.000289819
19.45	0.000292311
19.455	0.000294714
19.46	0.000297028
19.465	0.000299252
19.47	0.000301384
19.475	0.000303421
19.48	0.00030536
19.485	0.000307202
19.49	0.000308948
19.495	0.000310599
19.5	0.000312159
19.505	0.00031363
19.51	0.000315012
19.515	0.000316307
19.52	0.000317513
19.525	0.000318629
19.53	0.000319655
19.535	0.000320587
19.54	0.000321427
19.545	0.000322176
19.55	0.000322835
19.555	0.000323405
19.56	0.000323887
19.565	0.000324278
19.57	0.000324575
19.575	0.00032478
19.58	0.000324894
19.585	0.000324921
19.59	0.000324863
19.595	0.000324724
19.6	0.000324504
19.605	0.000324203
19.61	0.000323818
19.615	0.000323348
19.62	0.000322794
19.625	0.000322153
19.63	0.000321427
19.635	0.000320615
19.64	0.000319721
19.645	0.000318744
19.65	0.000317686
19.655	0.000316548
19.66	0.000315328
19.665	0.000314027
19.67	0.000312647
19.675	0.000311193
19.68	0.000309667
19.685	0.000308073
19.69	0.000306411
19.695	0.000304682
19.7	0.000302883
19.705	0.000301014
19.71	0.000299072
19.715	0.00029706
19.72	0.000294976
19.725	0.000292823
19.73	0.000290601
19.735	0.000288314
19.74	0.000285961
19.745	0.000283544
19.75	0.000281063
19.755	0.000278519
19.76	0.000275913
19.765	0.000273248
19.77	0.000270529
19.775	0.000267758
19.78	0.000264936
19.785	0.000262063
19.79	0.000259137
19.795	0.000256157
19.8	0.000253122
19.805	0.000250035
19.81	0.000246896
19.815	0.000243708
19.82	0.000240473
19.825	0.000237192
19.83	0.000233867
19.835	0.0002305
19.84	0.000227093
19.845	0.000223645
19.85	0.000220159
19.855	0.000216636
19.86	0.000213079
19.865	0.000209489
19.87	0.000205869
19.875	0.000202217
19.88	0.000198533
19.885	0.000194816
19.89	0.000191063
19.895	0.000187277
19.9	0.00018346
19.905	0.000179615
19.91	0.000175743
19.915	0.000171849
19.92	0.000167934
19.925	0.000163999
19.93	0.000160047
19.935	0.000156078
19.94	0.000152094
19.945	0.000148095
19.95	0.000144085
19.955	0.000140064
19.96	0.000136034
19.965	0.000131995
19.97	0.000127946
19.975	0.000123886
19.98	0.000119815
19.985	0.000115732
19.99	0.000111641
19.995	0.000107543
