0	-9.248e-06
0.005	-1.11108e-05
0.01	2.34328e-05
0.015	0.000175436
0.02	0.000582927
0.025	0.00141914
0.03	0.00286061
0.035	0.00506486
0.04	0.00816754
0.045	0.012295
0.05	0.0175812
0.055	0.0241787
0.06	0.0322633
0.065	0.0420326
0.07	0.0537027
0.075	0.0675009
0.08	0.0836546
0.085	0.102379
0.09	0.123869
0.095	0.148303
0.1	0.175859
0.105	0.206735
0.11	0.241163
0.115	0.279406
0.12	0.32174
0.125	0.368428
0.13	0.419706
0.135	0.475778
0.14	0.536837
0.145	0.603083
0.15	0.674741
0.155	0.752061
0.16	0.835311
0.165	0.924756
0.17	1.02065
0.175	1.12323
0.18	1.23274
0.185	1.34938
0.19	1.47339
0.195	1.605
0.2	1.74442
0.205	1.89191
0.21	2.0477
0.215	2.21205
0.22	2.38518
0.225	2.56732
0.23	2.75868
0.235	2.95945
0.24	3.16985
0.245	3.39008
0.25	3.62038
0.255	3.861
0.26	4.11216
0.265	4.37408
0.27	4.64693
0.275	4.93089
0.28	5.22615
0.285	5.53292
0.29	5.85143
0.295	6.18189
0.3	6.52452
0.305	6.87955
0.31	7.24715
0.315	7.62749
0.32	8.02075
0.325	8.42709
0.33	8.84668
0.335	9.27967
0.34	9.72624
0.345	10.1866
0.35	10.6608
0.355	11.1491
0.36	11.6516
0.365	12.1685
0.37	12.6998
0.375	13.2456
0.38	13.8062
0.385	14.3817
0.39	14.9721
0.395	15.5777
0.4	16.1986
0.405	16.8348
0.41	17.4863
0.415	18.1533
0.42	18.8357
0.425	19.5337
0.43	20.2473
0.435	20.9767
0.44	21.7219
0.445	22.483
0.45	23.26
0.455	24.0528
0.46	24.8615
0.465	25.6862
0.47	26.5267
0.475	27.3832
0.48	28.2556
0.485	29.1439
0.49	30.0481
0.495	30.9683
0.5	31.9043
0.505	32.856
0.51	33.8234
0.515	34.8064
0.52	35.805
0.525	36.819
0.53	37.8485
0.535	38.8933
0.54	39.9534
0.545	41.0285
0.55	42.1185
0.555	43.2234
0.56	44.3429
0.565	45.4768
0.57	46.6252
0.575	47.7878
0.58	48.9644
0.585	50.1549
0.59	51.359
0.595	52.5765
0.6	53.8072
0.605	55.0509
0.61	56.3072
0.615	57.576
0.62	58.8571
0.625	60.1502
0.63	61.455
0.635	62.7712
0.64	64.0986
0.645	65.4366
0.65	66.7852
0.655	68.1438
0.66	69.5123
0.665	70.8903
0.67	72.2774
0.675	73.6733
0.68	75.0776
0.685	76.4898
0.69	77.9096
0.695	79.3366
0.7	80.7703
0.705	82.2103
0.71	83.6563
0.715	85.1078
0.72	86.5643
0.725	88.0255
0.73	89.4907
0.735	90.9596
0.74	92.4316
0.745	93.9062
0.75	95.383
0.755	96.8614
0.76	98.341
0.765	99.8213
0.77	101.302
0.775	102.781
0.78	104.26
0.785	105.738
0.79	107.213
0.795	108.685
0.8	110.154
0.805	111.62
0.81	113.081
0.815	114.537
0.82	115.988
0.825	117.432
0.83	118.87
0.835	120.3
0.84	121.722
0.845	123.136
0.85	124.54
0.855	125.935
0.86	127.319
0.865	128.692
0.87	130.053
0.875	131.402
0.88	132.738
0.885	134.06
0.89	135.368
0.895	136.661
0.9	137.939
0.905	139.2
0.91	140.445
0.915	141.672
0.92	142.881
0.925	144.071
0.93	145.242
0.935	146.392
0.94	147.523
0.945	148.631
0.95	149.718
0.955	150.783
0.96	151.824
0.965	152.841
0.97	153.834
0.975	154.802
0.98	155.744
0.985	156.66
0.99	157.549
0.995	158.41
1	159.244
1.005	160.049
1.01	160.825
1.015	161.571
1.02	162.286
1.025	162.971
1.03	163.625
1.035	164.246
1.04	164.835
1.045	165.391
1.05	165.914
1.055	166.402
1.06	166.856
1.065	167.275
1.07	167.658
1.075	168.006
1.08	168.317
1.085	168.592
1.09	168.829
1.095	169.029
1.1	169.19
1.105	169.313
1.11	169.398
1.115	169.443
1.12	169.449
1.125	169.414
1.13	169.34
1.135	169.226
1.14	169.07
1.145	168.874
1.15	168.636
1.155	168.357
1.16	168.036
1.165	167.673
1.17	167.268
1.175	166.821
1.18	166.331
1.185	165.799
1.19	165.223
1.195	164.605
1.2	163.944
1.205	163.24
1.21	162.493
1.215	161.702
1.22	160.869
1.225	159.992
1.23	159.072
1.235	158.109
1.24	157.103
1.245	156.053
1.25	154.961
1.255	153.826
1.26	152.648
1.265	151.428
1.27	150.165
1.275	148.86
1.28	147.512
1.285	146.123
1.29	144.692
1.295	143.22
1.3	141.706
1.305	140.152
1.31	138.557
1.315	136.922
1.32	135.247
1.325	133.532
1.33	131.778
1.335	129.986
1.34	128.155
1.345	126.286
1.35	124.379
1.355	122.436
1.36	120.455
1.365	118.439
1.37	116.387
1.375	114.3
1.38	112.179
1.385	110.023
1.39	107.834
1.395	105.612
1.4	103.358
1.405	101.073
1.41	98.756
1.415	96.409
1.42	94.0323
1.425	91.6265
1.43	89.1925
1.435	86.7308
1.44	84.2422
1.445	81.7275
1.45	79.1872
1.455	76.6222
1.46	74.0331
1.465	71.4208
1.47	68.786
1.475	66.1295
1.48	63.4521
1.485	60.7546
1.49	58.0379
1.495	55.3028
1.5	52.55
1.505	49.7803
1.51	46.9947
1.515	44.1939
1.52	41.3789
1.525	38.5505
1.53	35.7095
1.535	32.8569
1.54	29.9936
1.545	27.1203
1.55	24.238
1.555	21.3475
1.56	18.4497
1.565	15.5456
1.57	12.6362
1.575	9.72223
1.58	6.80474
1.585	3.88459
1.59	0.962655
1.595	-1.96016
1.6	-4.88297
1.605	-7.80485
1.61	-10.7249
1.615	-13.6422
1.62	-16.5558
1.625	-19.4649
1.63	-22.3684
1.635	-25.2656
1.64	-28.1556
1.645	-31.0375
1.65	-33.9103
1.655	-36.7732
1.66	-39.6254
1.665	-42.4658
1.67	-45.2936
1.675	-48.108
1.68	-50.9081
1.685	-53.6931
1.69	-56.4623
1.695	-59.2147
1.7	-61.9495
1.705	-64.6659
1.71	-67.3631
1.715	-70.0402
1.72	-72.6965
1.725	-75.3313
1.73	-77.9438
1.735	-80.5331
1.74	-83.0987
1.745	-85.6397
1.75	-88.1554
1.755	-90.6452
1.76	-93.1081
1.765	-95.5437
1.77	-97.9513
1.775	-100.33
1.78	-102.68
1.785	-104.999
1.79	-107.288
1.795	-109.546
1.8	-111.772
1.805	-113.966
1.81	-116.126
1.815	-118.254
1.82	-120.347
1.825	-122.406
1.83	-124.43
1.835	-126.418
1.84	-128.371
1.845	-130.287
1.85	-132.166
1.855	-134.008
1.86	-135.812
1.865	-137.578
1.87	-139.306
1.875	-140.996
1.88	-142.646
1.885	-144.257
1.89	-145.828
1.895	-147.36
1.9	-148.851
1.905	-150.302
1.91	-151.712
1.915	-153.081
1.92	-154.409
1.925	-155.696
1.93	-156.942
1.935	-158.146
1.94	-159.308
1.945	-160.429
1.95	-161.508
1.955	-162.545
1.96	-163.54
1.965	-164.493
1.97	-165.404
1.975	-166.273
1.98	-167.1
1.985	-167.885
1.99	-168.628
1.995	-169.329
2	-169.989
2.005	-170.607
2.01	-171.183
2.015	-171.718
2.02	-172.212
2.025	-172.664
2.03	-173.076
2.035	-173.447
2.04	-173.777
2.045	-174.067
2.05	-174.317
2.055	-174.527
2.06	-174.697
2.065	-174.828
2.07	-174.921
2.075	-174.974
2.08	-174.989
2.085	-174.966
2.09	-174.905
2.095	-174.806
2.1	-174.671
2.105	-174.499
2.11	-174.291
2.115	-174.047
2.12	-173.767
2.125	-173.452
2.13	-173.103
2.135	-172.719
2.14	-172.302
2.145	-171.851
2.15	-171.368
2.155	-170.852
2.16	-170.305
2.165	-169.726
2.17	-169.116
2.175	-168.476
2.18	-167.806
2.185	-167.106
2.19	-166.378
2.195	-165.621
2.2	-164.837
2.205	-164.025
2.21	-163.187
2.215	-162.323
2.22	-161.433
2.225	-160.518
2.23	-159.578
2.235	-158.615
2.24	-157.628
2.245	-156.619
2.25	-155.588
2.255	-154.535
2.26	-153.46
2.265	-152.366
2.27	-151.251
2.275	-150.118
2.28	-148.965
2.285	-147.795
2.29	-146.607
2.295	-145.402
2.3	-144.18
2.305	-142.943
2.31	-141.69
2.315	-140.423
2.32	-139.142
2.325	-137.848
2.33	-136.54
2.335	-135.22
2.34	-133.888
2.345	-132.546
2.35	-131.192
2.355	-129.828
2.36	-128.455
2.365	-127.072
2.37	-125.682
2.375	-124.283
2.38	-122.877
2.385	-121.464
2.39	-120.044
2.395	-118.619
2.4	-117.189
2.405	-115.753
2.41	-114.314
2.415	-112.87
2.42	-111.423
2.425	-109.974
2.43	-108.522
2.435	-107.068
2.44	-105.612
2.445	-104.156
2.45	-102.699
2.455	-101.242
2.46	-99.7855
2.465	-98.3297
2.47	-96.8752
2.475	-95.4222
2.48	-93.9712
2.485	-92.5226
2.49	-91.0768
2.495	-89.6342
2.5	-88.1952
2.505	-86.7601
2.51	-85.3293
2.515	-83.9032
2.52	-82.482
2.525	-81.0662
2.53	-79.656
2.535	-78.2517
2.54	-76.8536
2.545	-75.4622
2.55	-74.0776
2.555	-72.7002
2.56	-71.3303
2.565	-69.9681
2.57	-68.6138
2.575	-67.2677
2.58	-65.9301
2.585	-64.6011
2.59	-63.2811
2.595	-61.9703
2.6	-60.6688
2.605	-59.377
2.61	-58.0949
2.615	-56.8227
2.62	-55.5607
2.625	-54.3089
2.63	-53.0677
2.635	-51.8371
2.64	-50.6174
2.645	-49.4086
2.65	-48.2109
2.655	-47.0245
2.66	-45.8493
2.665	-44.6856
2.67	-43.5335
2.675	-42.393
2.68	-41.2643
2.685	-40.1474
2.69	-39.0425
2.695	-37.9497
2.7	-36.8689
2.705	-35.8003
2.71	-34.7439
2.715	-33.6997
2.72	-32.6678
2.725	-31.6482
2.73	-30.6411
2.735	-29.6464
2.74	-28.6641
2.745	-27.6943
2.75	-26.737
2.755	-25.7921
2.76	-24.8596
2.765	-23.9396
2.77	-23.032
2.775	-22.1369
2.78	-21.2543
2.785	-20.384
2.79	-19.5262
2.795	-18.6806
2.8	-17.8474
2.805	-17.0264
2.81	-16.2177
2.815	-15.4211
2.82	-14.6366
2.825	-13.8643
2.83	-13.1039
2.835	-12.3556
2.84	-11.6191
2.845	-10.8944
2.85	-10.1814
2.855	-9.48003
2.86	-8.79026
2.865	-8.112
2.87	-7.44518
2.875	-6.78969
2.88	-6.14544
2.885	-5.51231
2.89	-4.89022
2.895	-4.27906
2.9	-3.67874
2.905	-3.08917
2.91	-2.51024
2.915	-1.94186
2.92	-1.38391
2.925	-0.836271
2.93	-0.298803
2.935	0.228624
2.94	0.746137
2.945	1.25385
2.95	1.75187
2.955	2.24029
2.96	2.71924
2.965	3.18883
2.97	3.64922
2.975	4.10056
2.98	4.543
2.985	4.97667
2.99	5.40169
2.995	5.81818
3	6.22627
3.005	6.6261
3.01	7.01782
3.015	7.4016
3.02	7.7776
3.025	8.14598
3.03	8.50687
3.035	8.86043
3.04	9.20679
3.045	9.5461
3.05	9.8785
3.055	10.2041
3.06	10.5232
3.065	10.8358
3.07	11.1421
3.075	11.4424
3.08	11.7368
3.085	12.0254
3.09	12.3084
3.095	12.5859
3.1	12.8581
3.105	13.1252
3.11	13.3874
3.115	13.6448
3.12	13.8973
3.125	14.145
3.13	14.3879
3.135	14.626
3.14	14.8592
3.145	15.0878
3.15	15.3116
3.155	15.5308
3.16	15.7454
3.165	15.9553
3.17	16.1606
3.175	16.3612
3.18	16.5571
3.185	16.7482
3.19	16.9345
3.195	17.116
3.2	17.2929
3.205	17.465
3.21	17.6324
3.215	17.795
3.22	17.9526
3.225	18.1053
3.23	18.2529
3.235	18.3955
3.24	18.5331
3.245	18.6658
3.25	18.7934
3.255	18.916
3.26	19.0335
3.265	19.1459
3.27	19.2531
3.275	19.355
3.28	19.4517
3.285	19.5432
3.29	19.6293
3.295	19.7102
3.3	19.7859
3.305	19.8562
3.31	19.9212
3.315	19.9807
3.32	20.0349
3.325	20.0837
3.33	20.127
3.335	20.165
3.34	20.1976
3.345	20.2249
3.35	20.2468
3.355	20.2633
3.36	20.2745
3.365	20.2802
3.37	20.2805
3.375	20.2754
3.38	20.2651
3.385	20.2494
3.39	20.2284
3.395	20.2021
3.4	20.1705
3.405	20.1334
3.41	20.091
3.415	20.0433
3.42	19.9903
3.425	19.932
3.43	19.8686
3.435	19.8
3.44	19.7263
3.445	19.6475
3.45	19.5636
3.455	19.4746
3.46	19.3806
3.465	19.2816
3.47	19.1776
3.475	19.0688
3.48	18.9552
3.485	18.8368
3.49	18.7135
3.495	18.5855
3.5	18.4527
3.505	18.3153
3.51	18.1733
3.515	18.0268
3.52	17.876
3.525	17.7209
3.53	17.5615
3.535	17.3978
3.54	17.23
3.545	17.0579
3.55	16.8818
3.555	16.7017
3.56	16.5176
3.565	16.3297
3.57	16.1381
3.575	15.9428
3.58	15.744
3.585	15.5415
3.59	15.3355
3.595	15.126
3.6	14.9132
3.605	14.6973
3.61	14.4782
3.615	14.2561
3.62	14.0311
3.625	13.8033
3.63	13.5725
3.635	13.3389
3.64	13.1027
3.645	12.8638
3.65	12.6225
3.655	12.3788
3.66	12.1328
3.665	11.8847
3.67	11.6344
3.675	11.382
3.68	11.1276
3.685	10.8712
3.69	10.613
3.695	10.3532
3.7	10.0917
3.705	9.82872
3.71	9.56435
3.715	9.29864
3.72	9.03164
3.725	8.76337
3.73	8.49391
3.735	8.22339
3.74	7.95192
3.745	7.67964
3.75	7.40666
3.755	7.13305
3.76	6.85885
3.765	6.58412
3.77	6.30894
3.775	6.03339
3.78	5.75762
3.785	5.48172
3.79	5.2058
3.795	4.92995
3.8	4.65424
3.805	4.37872
3.81	4.10346
3.815	3.82853
3.82	3.55399
3.825	3.27994
3.83	3.00649
3.835	2.73373
3.84	2.46178
3.845	2.19073
3.85	1.92063
3.855	1.65154
3.86	1.3835
3.865	1.11657
3.87	0.850855
3.875	0.586463
3.88	0.323498
3.885	0.0620423
3.89	-0.197855
3.895	-0.45616
3.9	-0.712839
3.905	-0.967836
3.91	-1.22107
3.915	-1.47246
3.92	-1.7219
3.925	-1.96932
3.93	-2.21465
3.935	-2.45783
3.94	-2.69883
3.945	-2.93759
3.95	-3.17407
3.955	-3.40822
3.96	-3.63999
3.965	-3.8693
3.97	-4.09607
3.975	-4.32023
3.98	-4.54172
3.985	-4.76051
3.99	-4.97658
3.995	-5.18992
4	-5.40049
4.005	-5.60825
4.01	-5.81309
4.015	-6.01495
4.02	-6.21376
4.025	-6.40949
4.03	-6.60214
4.035	-6.7917
4.04	-6.97815
4.045	-7.16146
4.05	-7.34156
4.055	-7.51841
4.06	-7.69195
4.065	-7.86212
4.07	-8.02891
4.075	-8.1923
4.08	-8.35228
4.085	-8.50886
4.09	-8.66204
4.095	-8.81179
4.1	-8.95808
4.105	-9.10085
4.11	-9.24004
4.115	-9.37562
4.12	-9.50758
4.125	-9.63595
4.13	-9.76075
4.135	-9.882
4.14	-9.99968
4.145	-10.1137
4.15	-10.2241
4.155	-10.3307
4.16	-10.4337
4.165	-10.5329
4.17	-10.6285
4.175	-10.7204
4.18	-10.8087
4.185	-10.8934
4.19	-10.9744
4.195	-11.0517
4.2	-11.1252
4.205	-11.1951
4.21	-11.2612
4.215	-11.3236
4.22	-11.3824
4.225	-11.4375
4.23	-11.4891
4.235	-11.537
4.24	-11.5813
4.245	-11.6219
4.25	-11.6588
4.255	-11.6922
4.26	-11.7219
4.265	-11.7481
4.27	-11.7708
4.275	-11.79
4.28	-11.8058
4.285	-11.818
4.29	-11.8266
4.295	-11.8318
4.3	-11.8335
4.305	-11.8318
4.31	-11.8267
4.315	-11.8183
4.32	-11.8066
4.325	-11.7916
4.33	-11.7732
4.335	-11.7516
4.34	-11.7268
4.345	-11.6987
4.35	-11.6675
4.355	-11.6331
4.36	-11.5958
4.365	-11.5554
4.37	-11.512
4.375	-11.4656
4.38	-11.4162
4.385	-11.3638
4.39	-11.3084
4.395	-11.2502
4.4	-11.1892
4.405	-11.1255
4.41	-11.0591
4.415	-10.99
4.42	-10.9183
4.425	-10.844
4.43	-10.767
4.435	-10.6876
4.44	-10.6056
4.445	-10.5213
4.45	-10.4347
4.455	-10.3457
4.46	-10.2544
4.465	-10.1609
4.47	-10.0651
4.475	-9.96711
4.48	-9.86697
4.485	-9.76476
4.49	-9.66054
4.495	-9.55441
4.5	-9.44642
4.505	-9.33662
4.51	-9.225
4.515	-9.11158
4.52	-8.99639
4.525	-8.8795
4.53	-8.76098
4.535	-8.6409
4.54	-8.51934
4.545	-8.39633
4.55	-8.27189
4.555	-8.14602
4.56	-8.01876
4.565	-7.89013
4.57	-7.76021
4.575	-7.62904
4.58	-7.4967
4.585	-7.36324
4.59	-7.22871
4.595	-7.09315
4.6	-6.95657
4.605	-6.81899
4.61	-6.68043
4.615	-6.5409
4.62	-6.40046
4.625	-6.25918
4.63	-6.11713
4.635	-5.97436
4.64	-5.83091
4.645	-5.68676
4.65	-5.54193
4.655	-5.39643
4.66	-5.25031
4.665	-5.10366
4.67	-4.95656
4.675	-4.80908
4.68	-4.66127
4.685	-4.51315
4.69	-4.36471
4.695	-4.21598
4.7	-4.06697
4.705	-3.91771
4.71	-3.76826
4.715	-3.61866
4.72	-3.46897
4.725	-3.31924
4.73	-3.16951
4.735	-3.01981
4.74	-2.87015
4.745	-2.72055
4.75	-2.57104
4.755	-2.42167
4.76	-2.27252
4.765	-2.12367
4.77	-1.97517
4.775	-1.82705
4.78	-1.6793
4.785	-1.53192
4.79	-1.3849
4.795	-1.23828
4.8	-1.09213
4.805	-0.946519
4.81	-0.801504
4.815	-0.657128
4.82	-0.513411
4.825	-0.370367
4.83	-0.228014
4.835	-0.0863779
4.84	0.0545064
4.845	0.194597
4.85	0.333847
4.855	0.472207
4.86	0.609631
4.865	0.746086
4.87	0.881559
4.875	1.01605
4.88	1.14957
4.885	1.28209
4.89	1.41357
4.895	1.54395
4.9	1.67315
4.905	1.80112
4.91	1.92784
4.915	2.05332
4.92	2.17757
4.925	2.30056
4.93	2.42226
4.935	2.54262
4.94	2.66158
4.945	2.7791
4.95	2.89517
4.955	3.00978
4.96	3.12293
4.965	3.23463
4.97	3.34485
4.975	3.45359
4.98	3.56081
4.985	3.66647
4.99	3.77051
4.995	3.87291
5	3.97361
5.005	4.07262
5.01	4.16995
5.015	4.26559
5.02	4.35956
5.025	4.45181
5.03	4.54231
5.035	4.631
5.04	4.71787
5.045	4.80291
5.05	4.88615
5.055	4.96761
5.06	5.04731
5.065	5.1252
5.07	5.20126
5.075	5.27544
5.08	5.34771
5.085	5.41804
5.09	5.48642
5.095	5.55287
5.1	5.6174
5.105	5.68
5.11	5.7407
5.115	5.79948
5.12	5.85633
5.125	5.91122
5.13	5.96413
5.135	6.01504
5.14	6.06397
5.145	6.11093
5.15	6.15595
5.155	6.19905
5.16	6.2402
5.165	6.27937
5.17	6.31652
5.175	6.35163
5.18	6.38469
5.185	6.41573
5.19	6.44479
5.195	6.47189
5.2	6.49704
5.205	6.52023
5.21	6.54146
5.215	6.56072
5.22	6.57799
5.225	6.59327
5.23	6.60659
5.235	6.61795
5.24	6.62739
5.245	6.63491
5.25	6.64054
5.255	6.64427
5.26	6.64608
5.265	6.64595
5.27	6.64388
5.275	6.63988
5.28	6.63399
5.285	6.62626
5.29	6.61674
5.295	6.60543
5.3	6.59233
5.305	6.57742
5.31	6.56069
5.315	6.54215
5.32	6.52183
5.325	6.49977
5.33	6.47601
5.335	6.45057
5.34	6.42345
5.345	6.39466
5.35	6.36419
5.355	6.33205
5.36	6.29826
5.365	6.26284
5.37	6.22583
5.375	6.18726
5.38	6.14718
5.385	6.10562
5.39	6.0626
5.395	6.01811
5.4	5.97214
5.405	5.9247
5.41	5.8758
5.415	5.8255
5.42	5.77386
5.425	5.72091
5.43	5.66667
5.435	5.61114
5.44	5.55432
5.445	5.4962
5.45	5.43681
5.455	5.3762
5.46	5.31442
5.465	5.25153
5.47	5.18755
5.475	5.1225
5.48	5.05638
5.485	4.98922
5.49	4.92103
5.495	4.85182
5.5	4.78162
5.505	4.71045
5.51	4.63836
5.515	4.5654
5.52	4.49162
5.525	4.41702
5.53	4.34161
5.535	4.26538
5.54	4.18835
5.545	4.11056
5.55	4.03205
5.555	3.95291
5.56	3.87317
5.565	3.79285
5.57	3.71197
5.575	3.6305
5.58	3.54845
5.585	3.46585
5.59	3.38275
5.595	3.29918
5.6	3.2152
5.605	3.13082
5.61	3.04609
5.615	2.96101
5.62	2.87561
5.625	2.78989
5.63	2.70388
5.635	2.61759
5.64	2.53107
5.645	2.44436
5.65	2.35752
5.655	2.27058
5.66	2.18355
5.665	2.09645
5.67	2.00926
5.675	1.92198
5.68	1.83465
5.685	1.74731
5.69	1.66002
5.695	1.57282
5.7	1.48575
5.705	1.39881
5.71	1.312
5.715	1.22533
5.72	1.13882
5.725	1.05251
5.73	0.966439
5.735	0.880638
5.74	0.795144
5.745	0.709984
5.75	0.625177
5.755	0.540734
5.76	0.456656
5.765	0.372947
5.77	0.289616
5.775	0.206692
5.78	0.124218
5.785	0.0422441
5.79	-0.039186
5.795	-0.120051
5.8	-0.200351
5.805	-0.280095
5.81	-0.359287
5.815	-0.437909
5.82	-0.515922
5.825	-0.593279
5.83	-0.669939
5.835	-0.745881
5.84	-0.821102
5.845	-0.895612
5.85	-0.969416
5.855	-1.04251
5.86	-1.11486
5.865	-1.18646
5.87	-1.25726
5.875	-1.32724
5.88	-1.39638
5.885	-1.46466
5.89	-1.53207
5.895	-1.59861
5.9	-1.66429
5.905	-1.7291
5.91	-1.79303
5.915	-1.85606
5.92	-1.91813
5.925	-1.97923
5.93	-2.03933
5.935	-2.09845
5.94	-2.15663
5.945	-2.21387
5.95	-2.27017
5.955	-2.3255
5.96	-2.37983
5.965	-2.43311
5.97	-2.48533
5.975	-2.53649
5.98	-2.58662
5.985	-2.63571
5.99	-2.68377
5.995	-2.73078
6	-2.77673
6.005	-2.82161
6.01	-2.8654
6.015	-2.90809
6.02	-2.94967
6.025	-2.99016
6.03	-3.02956
6.035	-3.06791
6.04	-3.1052
6.045	-3.14144
6.05	-3.17659
6.055	-3.21061
6.06	-3.24347
6.065	-3.27518
6.07	-3.30575
6.075	-3.33522
6.08	-3.36361
6.085	-3.39092
6.09	-3.41714
6.095	-3.44223
6.1	-3.46618
6.105	-3.48898
6.11	-3.51067
6.115	-3.53125
6.12	-3.55074
6.125	-3.56915
6.13	-3.58648
6.135	-3.60273
6.14	-3.61789
6.145	-3.63195
6.15	-3.64488
6.155	-3.65669
6.16	-3.66737
6.165	-3.67695
6.17	-3.68547
6.175	-3.69296
6.18	-3.6994
6.185	-3.7048
6.19	-3.70912
6.195	-3.71235
6.2	-3.71449
6.205	-3.71559
6.21	-3.71567
6.215	-3.71476
6.22	-3.71287
6.225	-3.70998
6.23	-3.70608
6.235	-3.70114
6.24	-3.69517
6.245	-3.68818
6.25	-3.68019
6.255	-3.67122
6.26	-3.66129
6.265	-3.65042
6.27	-3.63864
6.275	-3.62594
6.28	-3.61232
6.285	-3.59778
6.29	-3.58232
6.295	-3.56593
6.3	-3.54866
6.305	-3.53053
6.31	-3.51156
6.315	-3.49175
6.32	-3.47111
6.325	-3.4496
6.33	-3.42722
6.335	-3.40397
6.34	-3.3799
6.345	-3.35503
6.35	-3.32942
6.355	-3.30307
6.36	-3.27599
6.365	-3.24819
6.37	-3.21965
6.375	-3.19039
6.38	-3.1604
6.385	-3.12971
6.39	-3.09833
6.395	-3.06628
6.4	-3.03358
6.405	-3.00025
6.41	-2.96628
6.415	-2.9317
6.42	-2.89648
6.425	-2.86064
6.43	-2.82418
6.435	-2.78715
6.44	-2.74959
6.445	-2.71153
6.45	-2.67298
6.455	-2.63396
6.46	-2.59444
6.465	-2.5544
6.47	-2.51386
6.475	-2.47285
6.48	-2.43138
6.485	-2.3895
6.49	-2.34723
6.495	-2.30456
6.5	-2.26149
6.505	-2.21803
6.51	-2.17419
6.515	-2.12998
6.52	-2.08542
6.525	-2.04055
6.53	-1.9954
6.535	-1.94998
6.54	-1.90432
6.545	-1.85844
6.55	-1.81233
6.555	-1.76597
6.56	-1.71936
6.565	-1.6725
6.57	-1.62542
6.575	-1.57817
6.58	-1.53077
6.585	-1.48325
6.59	-1.43561
6.595	-1.38783
6.6	-1.33991
6.605	-1.29186
6.61	-1.24372
6.615	-1.19553
6.62	-1.14733
6.625	-1.09913
6.63	-1.05093
6.635	-1.00274
6.64	-0.954544
6.645	-0.906344
6.65	-0.858144
6.655	-0.809954
6.66	-0.761793
6.665	-0.713686
6.67	-0.665666
6.675	-0.617763
6.68	-0.569993
6.685	-0.522357
6.69	-0.474846
6.695	-0.427453
6.7	-0.380194
6.705	-0.333101
6.71	-0.286216
6.715	-0.239569
6.72	-0.193169
6.725	-0.147004
6.73	-0.101055
6.735	-0.0553105
6.74	-0.00977674
6.745	0.035523
6.75	0.0805588
6.755	0.125303
6.76	0.169737
6.765	0.213847
6.77	0.257622
6.775	0.301057
6.78	0.344146
6.785	0.386887
6.79	0.429277
6.795	0.471304
6.8	0.512949
6.805	0.554187
6.81	0.594999
6.815	0.635381
6.82	0.675344
6.825	0.714905
6.83	0.754074
6.835	0.792842
6.84	0.831181
6.845	0.869055
6.85	0.906433
6.855	0.943302
6.86	0.979665
6.865	1.01553
6.87	1.0509
6.875	1.08578
6.88	1.12015
6.885	1.154
6.89	1.18732
6.895	1.2201
6.9	1.25234
6.905	1.28403
6.91	1.31518
6.915	1.34578
6.92	1.37585
6.925	1.40537
6.93	1.43434
6.935	1.46275
6.94	1.49056
6.945	1.51774
6.95	1.54431
6.955	1.57025
6.96	1.5956
6.965	1.62037
6.97	1.64457
6.975	1.66817
6.98	1.69117
6.985	1.71354
6.99	1.73527
6.995	1.75638
7	1.77688
7.005	1.79677
7.01	1.81607
7.015	1.83476
7.02	1.85282
7.025	1.87025
7.03	1.88703
7.035	1.90314
7.04	1.91861
7.045	1.93342
7.05	1.9476
7.055	1.96115
7.06	1.97409
7.065	1.98643
7.07	1.99815
7.075	2.00924
7.08	2.01967
7.085	2.02945
7.09	2.03858
7.095	2.0471
7.1	2.05501
7.105	2.06234
7.11	2.06905
7.115	2.07513
7.12	2.08056
7.125	2.08533
7.13	2.08945
7.135	2.09295
7.14	2.09585
7.145	2.09817
7.15	2.0999
7.155	2.10105
7.16	2.1016
7.165	2.10155
7.17	2.10091
7.175	2.09966
7.18	2.09781
7.185	2.09537
7.19	2.09236
7.195	2.08881
7.2	2.08471
7.205	2.08006
7.21	2.07484
7.215	2.06903
7.22	2.06262
7.225	2.05566
7.23	2.04816
7.235	2.04017
7.24	2.03168
7.245	2.0227
7.25	2.0132
7.255	2.00318
7.26	1.99263
7.265	1.98156
7.27	1.97001
7.275	1.95798
7.28	1.94547
7.285	1.93251
7.29	1.91909
7.295	1.90521
7.3	1.89088
7.305	1.87608
7.31	1.86083
7.315	1.84512
7.32	1.82898
7.325	1.81244
7.33	1.79552
7.335	1.77823
7.34	1.76057
7.345	1.74252
7.35	1.72406
7.355	1.7052
7.36	1.68596
7.365	1.66637
7.37	1.64645
7.375	1.62621
7.38	1.60566
7.385	1.58477
7.39	1.56354
7.395	1.54198
7.4	1.52011
7.405	1.49794
7.41	1.47549
7.415	1.45278
7.42	1.42982
7.425	1.40661
7.43	1.38316
7.435	1.35948
7.44	1.33555
7.445	1.31138
7.45	1.28697
7.455	1.26233
7.46	1.23749
7.465	1.21249
7.47	1.18731
7.475	1.16197
7.48	1.13645
7.485	1.11074
7.49	1.08485
7.495	1.05879
7.5	1.03261
7.505	1.00632
7.51	0.979941
7.515	0.953472
7.52	0.926907
7.525	0.900238
7.53	0.873466
7.535	0.846598
7.54	0.819647
7.545	0.792626
7.55	0.765549
7.555	0.738431
7.56	0.711282
7.565	0.68411
7.57	0.656914
7.575	0.629691
7.58	0.602437
7.585	0.575162
7.59	0.547885
7.595	0.520637
7.6	0.493444
7.605	0.466316
7.61	0.439247
7.615	0.412219
7.62	0.385216
7.625	0.358236
7.63	0.331294
7.635	0.304416
7.64	0.277629
7.645	0.250946
7.65	0.224371
7.655	0.197899
7.66	0.171527
7.665	0.145258
7.67	0.119099
7.675	0.0930635
7.68	0.0671632
7.685	0.041412
7.69	0.0158233
7.695	-0.0095919
7.7	-0.0348296
7.705	-0.0598957
7.71	-0.0848033
7.715	-0.109564
7.72	-0.134179
7.725	-0.158631
7.73	-0.182891
7.735	-0.20693
7.74	-0.230734
7.745	-0.254305
7.75	-0.27766
7.755	-0.300814
7.76	-0.323766
7.765	-0.346501
7.77	-0.368993
7.775	-0.391219
7.78	-0.413173
7.785	-0.434858
7.79	-0.456287
7.795	-0.477468
7.8	-0.498406
7.805	-0.519099
7.81	-0.539541
7.815	-0.559725
7.82	-0.579637
7.825	-0.59926
7.83	-0.618578
7.835	-0.63758
7.84	-0.656269
7.845	-0.674657
7.85	-0.692759
7.855	-0.710576
7.86	-0.728096
7.865	-0.745297
7.87	-0.762158
7.875	-0.778677
7.88	-0.794866
7.885	-0.810751
7.89	-0.826348
7.895	-0.84166
7.9	-0.856671
7.905	-0.871356
7.91	-0.885696
7.915	-0.89968
7.92	-0.913307
7.925	-0.926581
7.93	-0.939506
7.935	-0.952083
7.94	-0.964319
7.945	-0.976216
7.95	-0.98778
7.955	-0.999006
7.96	-1.00989
7.965	-1.02041
7.97	-1.03057
7.975	-1.04039
7.98	-1.04987
7.985	-1.05903
7.99	-1.06787
7.995	-1.07637
8	-1.08452
8.005	-1.09228
8.01	-1.09964
8.015	-1.10663
8.02	-1.11326
8.025	-1.11955
8.03	-1.1255
8.035	-1.13112
8.04	-1.13639
8.045	-1.14131
8.05	-1.14588
8.055	-1.15011
8.06	-1.15399
8.065	-1.15753
8.07	-1.16074
8.075	-1.1636
8.08	-1.16614
8.085	-1.16835
8.09	-1.17022
8.095	-1.17173
8.1	-1.17288
8.105	-1.17365
8.11	-1.17407
8.115	-1.17415
8.12	-1.17393
8.125	-1.17341
8.13	-1.17259
8.135	-1.17146
8.14	-1.17
8.145	-1.16821
8.15	-1.1661
8.155	-1.16367
8.16	-1.16094
8.165	-1.15793
8.17	-1.15461
8.175	-1.15099
8.18	-1.14705
8.185	-1.14279
8.19	-1.13821
8.195	-1.13333
8.2	-1.12814
8.205	-1.12267
8.21	-1.11694
8.215	-1.11095
8.22	-1.10471
8.225	-1.09823
8.23	-1.09148
8.235	-1.08446
8.24	-1.07715
8.245	-1.06957
8.25	-1.06172
8.255	-1.05363
8.26	-1.04532
8.265	-1.03677
8.27	-1.02797
8.275	-1.01892
8.28	-1.0096
8.285	-1.00003
8.29	-0.990244
8.295	-0.980252
8.3	-0.970073
8.305	-0.959709
8.31	-0.949156
8.315	-0.938407
8.32	-0.927457
8.325	-0.916305
8.33	-0.90495
8.335	-0.893393
8.34	-0.881641
8.345	-0.869706
8.35	-0.857602
8.355	-0.845341
8.36	-0.832924
8.365	-0.820344
8.37	-0.807592
8.375	-0.794666
8.38	-0.781581
8.385	-0.768363
8.39	-0.755039
8.395	-0.74162
8.4	-0.728101
8.405	-0.714465
8.41	-0.700692
8.415	-0.686777
8.42	-0.67273
8.425	-0.658568
8.43	-0.644306
8.435	-0.629953
8.44	-0.615511
8.445	-0.600982
8.45	-0.586368
8.455	-0.571677
8.46	-0.556913
8.465	-0.542079
8.47	-0.527178
8.475	-0.512218
8.48	-0.497213
8.485	-0.482177
8.49	-0.467121
8.495	-0.452041
8.5	-0.436919
8.505	-0.42174
8.51	-0.406498
8.515	-0.391204
8.52	-0.375883
8.525	-0.360562
8.53	-0.345253
8.535	-0.329954
8.54	-0.314655
8.545	-0.299349
8.55	-0.284038
8.555	-0.268734
8.56	-0.253452
8.565	-0.238203
8.57	-0.222991
8.575	-0.207816
8.58	-0.192679
8.585	-0.17758
8.59	-0.162519
8.595	-0.147493
8.6	-0.132497
8.605	-0.117531
8.61	-0.102602
8.615	-0.0877305
8.62	-0.072937
8.625	-0.0582354
8.63	-0.0436263
8.635	-0.0290987
8.64	-0.0146401
8.645	-0.000246869
8.65	0.014071
8.655	0.0282952
8.66	0.0424088
8.665	0.0564052
8.67	0.0702897
8.675	0.0840739
8.68	0.0977673
8.685	0.111372
8.69	0.124882
8.695	0.138288
8.7	0.151578
8.705	0.164744
8.71	0.177776
8.715	0.190666
8.72	0.20341
8.725	0.216007
8.73	0.228464
8.735	0.240789
8.74	0.252986
8.745	0.265051
8.75	0.276969
8.755	0.288727
8.76	0.300315
8.765	0.311737
8.77	0.323007
8.775	0.334138
8.78	0.345137
8.785	0.355994
8.79	0.366692
8.795	0.377211
8.8	0.387538
8.805	0.397673
8.81	0.407623
8.815	0.417398
8.82	0.427004
8.825	0.436443
8.83	0.445709
8.835	0.454797
8.84	0.463702
8.845	0.472419
8.85	0.480946
8.855	0.489281
8.86	0.497427
8.865	0.505389
8.87	0.513178
8.875	0.520797
8.88	0.52824
8.885	0.535492
8.89	0.542534
8.895	0.549351
8.9	0.555948
8.905	0.562337
8.91	0.56854
8.915	0.574569
8.92	0.580421
8.925	0.586082
8.93	0.591536
8.935	0.596776
8.94	0.601805
8.945	0.606636
8.95	0.611279
8.955	0.615739
8.96	0.620013
8.965	0.624093
8.97	0.627975
8.975	0.631653
8.98	0.635125
8.985	0.638383
8.99	0.641426
8.995	0.644255
9	0.646882
9.005	0.649323
9.01	0.65159
9.015	0.653683
9.02	0.655588
9.025	0.657289
9.03	0.658776
9.035	0.660053
9.04	0.661138
9.045	0.66205
9.05	0.662797
9.055	0.663371
9.06	0.663755
9.065	0.663935
9.07	0.663905
9.075	0.663673
9.08	0.663248
9.085	0.662641
9.09	0.661857
9.095	0.660898
9.1	0.659769
9.105	0.658472
9.11	0.657011
9.115	0.65538
9.12	0.653571
9.125	0.65158
9.13	0.649408
9.135	0.647068
9.14	0.644575
9.145	0.641936
9.15	0.639146
9.155	0.63619
9.16	0.633052
9.165	0.629727
9.17	0.626224
9.175	0.622564
9.18	0.618764
9.185	0.614836
9.19	0.610779
9.195	0.606587
9.2	0.602253
9.205	0.597776
9.21	0.593156
9.215	0.588397
9.22	0.5835
9.225	0.578466
9.23	0.573299
9.235	0.568005
9.24	0.562589
9.245	0.557051
9.25	0.551386
9.255	0.545587
9.26	0.539651
9.265	0.533588
9.27	0.527414
9.275	0.521149
9.28	0.514806
9.285	0.508382
9.29	0.501868
9.295	0.495247
9.3	0.488512
9.305	0.481664
9.31	0.474714
9.315	0.467674
9.32	0.460554
9.325	0.453355
9.33	0.446073
9.335	0.438706
9.34	0.431251
9.345	0.423712
9.35	0.416095
9.355	0.408407
9.36	0.400655
9.365	0.392851
9.37	0.385
9.375	0.377109
9.38	0.369176
9.385	0.361192
9.39	0.353146
9.395	0.34503
9.4	0.336846
9.405	0.328605
9.41	0.320323
9.415	0.312014
9.42	0.303683
9.425	0.295321
9.43	0.286919
9.435	0.278471
9.44	0.269984
9.445	0.261471
9.45	0.252952
9.455	0.244438
9.46	0.235931
9.465	0.227422
9.47	0.218904
9.475	0.210367
9.48	0.201811
9.485	0.193235
9.49	0.184643
9.495	0.17604
9.5	0.167433
9.505	0.158834
9.51	0.150254
9.515	0.141697
9.52	0.133161
9.525	0.124638
9.53	0.116122
9.535	0.107616
9.54	0.099133
9.545	0.0906914
9.55	0.0823021
9.555	0.0739621
9.56	0.0656562
9.565	0.0573662
9.57	0.0490823
9.575	0.0408087
9.58	0.0325602
9.585	0.0243532
9.59	0.0161981
9.595	0.00809751
9.6	5.04354e-05
9.605	-0.00794317
9.61	-0.0158808
9.615	-0.0237599
9.62	-0.0315803
9.625	-0.0393444
9.63	-0.0470526
9.635	-0.0547005
9.64	-0.0622793
9.645	-0.0697817
9.65	-0.0772089
9.655	-0.0845715
9.66	-0.0918844
9.665	-0.0991561
9.67	-0.106381
9.675	-0.113542
9.68	-0.120616
9.685	-0.12759
9.69	-0.134464
9.695	-0.141247
9.7	-0.14795
9.705	-0.154577
9.71	-0.161124
9.715	-0.167584
9.72	-0.173949
9.725	-0.18022
9.73	-0.186402
9.735	-0.192497
9.74	-0.198506
9.745	-0.204429
9.75	-0.210267
9.755	-0.216023
9.76	-0.221699
9.765	-0.227289
9.77	-0.23278
9.775	-0.238158
9.78	-0.243411
9.785	-0.248538
9.79	-0.253551
9.795	-0.258464
9.8	-0.263289
9.805	-0.268025
9.81	-0.272664
9.815	-0.277194
9.82	-0.281611
9.825	-0.285915
9.83	-0.290118
9.835	-0.294227
9.84	-0.298244
9.845	-0.302166
9.85	-0.305984
9.855	-0.309689
9.86	-0.313275
9.865	-0.316737
9.87	-0.320072
9.875	-0.323282
9.88	-0.326369
9.885	-0.329342
9.89	-0.332211
9.895	-0.334985
9.9	-0.337666
9.905	-0.340246
9.91	-0.342716
9.915	-0.345066
9.92	-0.347297
9.925	-0.349416
9.93	-0.351433
9.935	-0.353354
9.94	-0.355177
9.945	-0.35689
9.95	-0.358477
9.955	-0.359929
9.96	-0.361248
9.965	-0.362443
9.97	-0.363527
9.975	-0.36451
9.98	-0.365399
9.985	-0.366193
9.99	-0.366891
9.995	-0.367489
10	-0.367984
10.005	-0.368372
10.01	-0.368651
10.015	-0.368818
10.02	-0.368876
10.025	-0.368831
10.03	-0.368688
10.035	-0.368447
10.04	-0.368101
10.045	-0.367639
10.05	-0.367053
10.055	-0.366347
10.06	-0.365533
10.065	-0.364632
10.07	-0.363659
10.075	-0.362617
10.08	-0.361496
10.085	-0.360283
10.09	-0.358965
10.095	-0.357541
10.1	-0.356017
10.105	-0.354402
10.11	-0.352701
10.115	-0.350913
10.12	-0.349034
10.125	-0.347063
10.13	-0.344998
10.135	-0.342842
10.14	-0.340596
10.145	-0.338261
10.15	-0.335839
10.155	-0.333338
10.16	-0.330771
10.165	-0.328147
10.17	-0.325471
10.175	-0.322732
10.18	-0.319915
10.185	-0.317006
10.19	-0.314003
10.195	-0.310917
10.2	-0.307762
10.205	-0.304551
10.21	-0.301285
10.215	-0.297953
10.22	-0.294545
10.225	-0.291059
10.23	-0.2875
10.235	-0.283881
10.24	-0.280212
10.245	-0.2765
10.25	-0.272744
10.255	-0.268944
10.26	-0.265099
10.265	-0.261209
10.27	-0.25727
10.275	-0.253277
10.28	-0.24922
10.285	-0.245098
10.29	-0.240918
10.295	-0.236695
10.3	-0.23244
10.305	-0.228159
10.31	-0.223844
10.315	-0.219485
10.32	-0.215076
10.325	-0.210621
10.33	-0.206136
10.335	-0.201635
10.34	-0.197126
10.345	-0.192605
10.35	-0.188062
10.355	-0.183488
10.36	-0.178876
10.365	-0.174229
10.37	-0.169553
10.375	-0.16485
10.38	-0.160124
10.385	-0.155377
10.39	-0.150614
10.395	-0.145844
10.4	-0.141069
10.405	-0.13629
10.41	-0.131502
10.415	-0.126699
10.42	-0.121881
10.425	-0.117056
10.43	-0.112238
10.435	-0.107434
10.44	-0.102645
10.445	-0.0978599
10.45	-0.0930648
10.455	-0.0882506
10.46	-0.0834186
10.465	-0.0785795
10.47	-0.0737474
10.475	-0.0689324
10.48	-0.0641375
10.485	-0.0593599
10.49	-0.0545955
10.495	-0.0498427
10.5	-0.0451032
10.505	-0.04038
10.51	-0.0356755
10.515	-0.0309913
10.52	-0.026329
10.525	-0.0216916
10.53	-0.0170818
10.535	-0.0124997
10.54	-0.00794021
10.545	-0.00339482
10.55	0.00114363
10.555	0.00567495
10.56	0.0101893
10.565	0.0146704
10.57	0.0191039
10.575	0.0234843
10.58	0.0278173
10.585	0.0321151
10.59	0.0363878
10.595	0.0406373
10.6	0.0448561
10.605	0.0490331
10.61	0.0531606
10.615	0.0572385
10.62	0.0612728
10.625	0.0652711
10.63	0.0692379
10.635	0.0731733
10.64	0.0770746
10.645	0.0809383
10.65	0.0847607
10.655	0.0885365
10.66	0.0922585
10.665	0.0959191
10.67	0.0995149
10.675	0.10305
10.68	0.106534
10.685	0.109978
10.69	0.113386
10.695	0.116751
10.7	0.120061
10.705	0.123305
10.71	0.126481
10.715	0.1296
10.72	0.132674
10.725	0.135713
10.73	0.138716
10.735	0.141671
10.74	0.144565
10.745	0.147388
10.75	0.150138
10.755	0.152821
10.76	0.15544
10.765	0.157998
10.77	0.160496
10.775	0.162934
10.78	0.165316
10.785	0.167645
10.79	0.169921
10.795	0.172139
10.8	0.174292
10.805	0.176377
10.81	0.178398
10.815	0.180365
10.82	0.182286
10.825	0.184161
10.83	0.185979
10.835	0.187725
10.84	0.189386
10.845	0.190961
10.85	0.19246
10.855	0.193899
10.86	0.195288
10.865	0.196628
10.87	0.197912
10.875	0.199133
10.88	0.200287
10.885	0.201379
10.89	0.202411
10.895	0.203387
10.9	0.204304
10.905	0.20516
10.91	0.205954
10.915	0.206689
10.92	0.207365
10.925	0.20798
10.93	0.208526
10.935	0.208994
10.94	0.209383
10.945	0.2097
10.95	0.20996
10.955	0.210177
10.96	0.210354
10.965	0.210487
10.97	0.210561
10.975	0.210568
10.98	0.210506
10.985	0.210384
10.99	0.21021
10.995	0.20999
11	0.20972
11.005	0.209394
11.01	0.209003
11.015	0.208546
11.02	0.208024
11.025	0.207439
11.03	0.206794
11.035	0.20609
11.04	0.205333
11.045	0.204531
11.05	0.203693
11.055	0.202821
11.06	0.201912
11.065	0.200956
11.07	0.199942
11.075	0.198864
11.08	0.197728
11.085	0.196543
11.09	0.195318
11.095	0.194056
11.1	0.192749
11.105	0.191386
11.11	0.189962
11.115	0.188477
11.12	0.186942
11.125	0.185369
11.13	0.183767
11.135	0.182141
11.14	0.180487
11.145	0.178803
11.15	0.177084
11.155	0.175327
11.16	0.173529
11.165	0.171684
11.17	0.169793
11.175	0.167855
11.18	0.165878
11.185	0.16387
11.19	0.161834
11.195	0.159769
11.2	0.157669
11.205	0.155527
11.21	0.153344
11.215	0.151127
11.22	0.14889
11.225	0.146647
11.23	0.144399
11.235	0.142142
11.24	0.13986
11.245	0.137543
11.25	0.135185
11.255	0.132789
11.26	0.130364
11.265	0.127917
11.27	0.125451
11.275	0.122965
11.28	0.120458
11.285	0.11793
11.29	0.115385
11.295	0.112825
11.3	0.110252
11.305	0.107667
11.31	0.105071
11.315	0.10247
11.32	0.0998692
11.325	0.0972714
11.33	0.094671
11.335	0.0920561
11.34	0.0894141
11.345	0.0867393
11.35	0.0840373
11.355	0.0813221
11.36	0.0786083
11.365	0.075903
11.37	0.0732032
11.375	0.0705005
11.38	0.0677885
11.385	0.0650687
11.39	0.0623493
11.395	0.0596398
11.4	0.0569445
11.405	0.0542612
11.41	0.0515839
11.415	0.0489071
11.42	0.0462282
11.425	0.0435467
11.43	0.0408608
11.435	0.0381673
11.44	0.0354647
11.445	0.0327571
11.45	0.0300551
11.455	0.0273719
11.46	0.0247159
11.465	0.022086
11.47	0.0194725
11.475	0.0168651
11.48	0.0142601
11.485	0.0116635
11.49	0.00908676
11.495	0.00653781
11.5	0.00401537
11.505	0.00150938
11.51	-0.000992421
11.515	-0.00349691
11.52	-0.00600238
11.525	-0.00850114
11.53	-0.0109849
11.535	-0.0134485
11.54	-0.0158895
11.545	-0.018305
11.55	-0.0206908
11.555	-0.0230424
11.56	-0.0253596
11.565	-0.0276479
11.57	-0.0299162
11.575	-0.0321712
11.58	-0.0344124
11.585	-0.0366325
11.59	-0.0388231
11.595	-0.0409812
11.6	-0.0431128
11.605	-0.0452288
11.61	-0.0473376
11.615	-0.0494387
11.62	-0.051522
11.625	-0.0535731
11.63	-0.0555806
11.635	-0.0575414
11.64	-0.0594592
11.645	-0.0613409
11.65	-0.0631919
11.655	-0.0650144
11.66	-0.0668092
11.665	-0.0685777
11.67	-0.0703215
11.675	-0.0720414
11.68	-0.0737357
11.685	-0.0754007
11.69	-0.0770332
11.695	-0.0786336
11.7	-0.0802059
11.705	-0.0817542
11.71	-0.0832788
11.715	-0.0847734
11.72	-0.0862268
11.725	-0.087629
11.73	-0.0889765
11.735	-0.0902748
11.74	-0.0915358
11.745	-0.0927715
11.75	-0.0939881
11.755	-0.095184
11.76	-0.0963526
11.765	-0.0974866
11.77	-0.0985827
11.775	-0.0996424
11.78	-0.10067
11.785	-0.101668
11.79	-0.102637
11.795	-0.103574
11.8	-0.104474
11.805	-0.105334
11.81	-0.10615
11.815	-0.10692
11.82	-0.107643
11.825	-0.108321
11.83	-0.108959
11.835	-0.109566
11.84	-0.11015
11.845	-0.110717
11.85	-0.111265
11.855	-0.111785
11.86	-0.112267
11.865	-0.112704
11.87	-0.113096
11.875	-0.113452
11.88	-0.113779
11.885	-0.114082
11.89	-0.114354
11.895	-0.114587
11.9	-0.11477
11.905	-0.114902
11.91	-0.11499
11.915	-0.115043
11.92	-0.115072
11.925	-0.115078
11.93	-0.115062
11.935	-0.115023
11.94	-0.114958
11.945	-0.114867
11.95	-0.114745
11.955	-0.114587
11.96	-0.114388
11.965	-0.114146
11.97	-0.113868
11.975	-0.113561
11.98	-0.113232
11.985	-0.11288
11.99	-0.112495
11.995	-0.112066
12	-0.111592
12.005	-0.111078
12.01	-0.11054
12.015	-0.10999
12.02	-0.109433
12.025	-0.108864
12.03	-0.108269
12.035	-0.107641
12.04	-0.106978
12.045	-0.106283
12.05	-0.10556
12.055	-0.10481
12.06	-0.104031
12.065	-0.103222
12.07	-0.102386
12.075	-0.101527
12.08	-0.100647
12.085	-0.0997452
12.09	-0.0988151
12.095	-0.0978535
12.1	-0.0968637
12.105	-0.0958565
12.11	-0.0948438
12.115	-0.0938309
12.12	-0.0928123
12.125	-0.0917745
12.13	-0.0907044
12.135	-0.089597
12.14	-0.088457
12.145	-0.0872947
12.15	-0.0861185
12.155	-0.0849302
12.16	-0.0837266
12.165	-0.0825033
12.17	-0.0812593
12.175	-0.0799973
12.18	-0.078721
12.185	-0.0774323
12.19	-0.0761315
12.195	-0.0748192
12.2	-0.0734982
12.205	-0.0721728
12.21	-0.070845
12.215	-0.0695116
12.22	-0.0681638
12.225	-0.066792
12.23	-0.0653915
12.235	-0.0639662
12.24	-0.0625268
12.245	-0.0610844
12.25	-0.0596446
12.255	-0.0582051
12.26	-0.0567584
12.265	-0.055298
12.27	-0.0538226
12.275	-0.0523371
12.28	-0.0508491
12.285	-0.0493649
12.29	-0.0478862
12.295	-0.0464106
12.3	-0.0449333
12.305	-0.0434498
12.31	-0.0419567
12.315	-0.0404519
12.32	-0.0389346
12.325	-0.0374056
12.33	-0.0358684
12.335	-0.034329
12.34	-0.032794
12.345	-0.0312678
12.35	-0.0297502
12.355	-0.0282366
12.36	-0.0267209
12.365	-0.0251998
12.37	-0.0236759
12.375	-0.0221568
12.38	-0.0206509
12.385	-0.0191618
12.39	-0.0176852
12.395	-0.0162107
12.4	-0.0147275
12.405	-0.0132299
12.41	-0.0117211
12.415	-0.0102101
12.42	-0.00870738
12.425	-0.00721917
12.43	-0.00574623
12.435	-0.00428576
12.44	-0.00283494
12.445	-0.00139294
12.45	3.9549e-05
12.455	0.00146215
12.46	0.00287556
12.465	0.00428051
12.47	0.00567593
12.475	0.00705876
12.48	0.00842653
12.485	0.00978076
12.49	0.0111283
12.495	0.0124783
12.5	0.0138358
12.505	0.0151974
12.51	0.0165507
12.515	0.0178811
12.52	0.0191797
12.525	0.020448
12.53	0.0216961
12.535	0.0229347
12.54	0.024169
12.545	0.0253955
12.55	0.0266068
12.555	0.0277969
12.56	0.0289663
12.565	0.0301198
12.57	0.031263
12.575	0.032398
12.58	0.0335243
12.585	0.0346405
12.59	0.0357469
12.595	0.0368444
12.6	0.0379309
12.605	0.0389995
12.61	0.0400398
12.615	0.0410443
12.62	0.0420139
12.625	0.0429584
12.63	0.043891
12.635	0.04482
12.64	0.045744
12.645	0.0466538
12.65	0.0475395
12.655	0.0483982
12.66	0.0492357
12.665	0.0500617
12.67	0.050883
12.675	0.0516987
12.68	0.0525014
12.685	0.0532826
12.69	0.0540368
12.695	0.0547632
12.7	0.0554623
12.705	0.0561342
12.71	0.0567777
12.715	0.0573938
12.72	0.0579877
12.725	0.0585682
12.73	0.0591426
12.735	0.0597121
12.74	0.0602704
12.745	0.0608079
12.75	0.0613181
12.755	0.0618023
12.76	0.0622684
12.765	0.0627243
12.77	0.063172
12.775	0.0636048
12.78	0.0640114
12.785	0.0643823
12.79	0.0647155
12.795	0.0650166
12.8	0.0652946
12.805	0.0655572
12.81	0.0658081
12.815	0.0660476
12.82	0.0662751
12.825	0.0664905
12.83	0.0666932
12.835	0.0668813
12.84	0.0670507
12.845	0.0671971
12.85	0.0673189
12.855	0.0674182
12.86	0.0674994
12.865	0.067565
12.87	0.0676127
12.875	0.0676357
12.88	0.0676271
12.885	0.0675844
12.89	0.067513
12.895	0.0674246
12.9	0.0673312
12.905	0.0672393
12.91	0.0671473
12.915	0.067047
12.92	0.0669289
12.925	0.0667868
12.93	0.0666199
12.935	0.0664313
12.94	0.0662247
12.945	0.0660014
12.95	0.0657602
12.955	0.0654988
12.96	0.0652158
12.965	0.0649108
12.97	0.0645848
12.975	0.0642388
12.98	0.0638751
12.985	0.0634975
12.99	0.0631121
12.995	0.0627256
13	0.0623416
13.005	0.0619572
13.01	0.0615635
13.015	0.0611483
13.02	0.0607032
13.025	0.0602277
13.03	0.059729
13.035	0.0592176
13.04	0.0587001
13.045	0.0581759
13.05	0.0576384
13.055	0.0570803
13.06	0.0564997
13.065	0.0559017
13.07	0.0552952
13.075	0.0546883
13.08	0.0540838
13.085	0.05348
13.09	0.0528728
13.095	0.0522585
13.1	0.0516341
13.105	0.050996
13.11	0.0503392
13.115	0.0496592
13.12	0.0489553
13.125	0.0482332
13.13	0.0475026
13.135	0.0467725
13.14	0.0460452
13.145	0.0453152
13.15	0.0445738
13.155	0.0438159
13.16	0.0430447
13.165	0.0422711
13.17	0.0415058
13.175	0.0407528
13.18	0.0400062
13.185	0.0392537
13.19	0.0384846
13.195	0.0376943
13.2	0.0368856
13.205	0.0360643
13.21	0.0352349
13.215	0.0343989
13.22	0.0335574
13.225	0.0327133
13.23	0.0318712
13.235	0.0310352
13.24	0.0302047
13.245	0.0293748
13.25	0.0285396
13.255	0.0276975
13.26	0.0268532
13.265	0.0260145
13.27	0.0251858
13.275	0.0243638
13.28	0.0235374
13.285	0.0226947
13.29	0.0218304
13.295	0.020949
13.3	0.0200623
13.305	0.0191822
13.31	0.0183143
13.315	0.0174573
13.32	0.0166062
13.325	0.0157571
13.33	0.0149099
13.335	0.0140669
13.34	0.0132294
13.345	0.0123965
13.35	0.0115655
13.355	0.0107352
13.36	0.00990653
13.365	0.00908123
13.37	0.00825877
13.375	0.0074348
13.38	0.00660323
13.385	0.00576087
13.39	0.00491137
13.395	0.00406491
13.4	0.00323343
13.405	0.00242416
13.41	0.00163582
13.415	0.000860088
13.42	8.72152e-05
13.425	-0.000688189
13.43	-0.00146482
13.435	-0.00223698
13.44	-0.00299935
13.445	-0.00375074
13.45	-0.00449449
13.455	-0.00523588
13.46	-0.00597886
13.465	-0.00672432
13.47	-0.00747052
13.475	-0.00821454
13.48	-0.00895313
13.485	-0.00968249
13.49	-0.0103979
13.495	-0.0110947
13.5	-0.0117701
13.505	-0.0124261
13.51	-0.0130695
13.515	-0.0137091
13.52	-0.0143516
13.525	-0.0149973
13.53	-0.0156407
13.535	-0.0162736
13.54	-0.0168905
13.545	-0.0174927
13.55	-0.0180869
13.555	-0.0186812
13.56	-0.0192795
13.565	-0.0198782
13.57	-0.0204682
13.575	-0.0210398
13.58	-0.0215871
13.585	-0.0221105
13.59	-0.0226149
13.595	-0.0231067
13.6	-0.0235907
13.605	-0.0240693
13.61	-0.0245437
13.615	-0.0250144
13.62	-0.0254813
13.625	-0.0259424
13.63	-0.026394
13.635	-0.026832
13.64	-0.0272551
13.645	-0.027666
13.65	-0.0280703
13.655	-0.0284723
13.66	-0.0288707
13.665	-0.0292575
13.67	-0.0296222
13.675	-0.0299577
13.68	-0.0302656
13.685	-0.0305555
13.69	-0.03084
13.695	-0.0311278
13.7	-0.0314194
13.705	-0.0317088
13.71	-0.0319881
13.715	-0.0322531
13.72	-0.0325041
13.725	-0.0327443
13.73	-0.0329758
13.735	-0.033198
13.74	-0.0334087
13.745	-0.0336061
13.75	-0.0337904
13.755	-0.0339621
13.76	-0.0341196
13.765	-0.0342594
13.77	-0.0343782
13.775	-0.034477
13.78	-0.0345628
13.785	-0.0346463
13.79	-0.0347358
13.795	-0.0348318
13.8	-0.0349262
13.805	-0.0350073
13.81	-0.0350672
13.815	-0.0351056
13.82	-0.0351296
13.825	-0.035147
13.83	-0.0351613
13.835	-0.0351689
13.84	-0.0351629
13.845	-0.0351377
13.85	-0.0350926
13.855	-0.0350312
13.86	-0.0349585
13.865	-0.0348774
13.87	-0.0347893
13.875	-0.0346957
13.88	-0.0345995
13.885	-0.0345039
13.89	-0.0344093
13.895	-0.034311
13.9	-0.0342004
13.905	-0.0340699
13.91	-0.0339176
13.915	-0.0337488
13.92	-0.0335726
13.925	-0.0333952
13.93	-0.0332158
13.935	-0.0330269
13.94	-0.0328199
13.945	-0.0325915
13.95	-0.0323459
13.955	-0.0320929
13.96	-0.031842
13.965	-0.0315975
13.97	-0.0313573
13.975	-0.0311161
13.98	-0.0308685
13.985	-0.0306116
13.99	-0.0303437
13.995	-0.0300634
14	-0.0297688
14.005	-0.0294591
14.01	-0.0291365
14.015	-0.0288057
14.02	-0.028472
14.025	-0.0281374
14.03	-0.0277989
14.035	-0.0274507
14.04	-0.027089
14.045	-0.0267155
14.05	-0.026338
14.055	-0.025966
14.06	-0.0256052
14.065	-0.0252533
14.07	-0.0249013
14.075	-0.0245381
14.08	-0.0241565
14.085	-0.0237557
14.09	-0.0233409
14.095	-0.0229186
14.1	-0.0224937
14.105	-0.0220675
14.11	-0.0216393
14.115	-0.021208
14.12	-0.0207733
14.125	-0.0203354
14.13	-0.0198944
14.135	-0.0194504
14.14	-0.0190048
14.145	-0.0185601
14.15	-0.01812
14.155	-0.0176865
14.16	-0.0172574
14.165	-0.0168259
14.17	-0.0163828
14.175	-0.0159215
14.18	-0.0154418
14.185	-0.0149505
14.19	-0.0144579
14.195	-0.0139724
14.2	-0.0134965
14.205	-0.0130265
14.21	-0.0125556
14.215	-0.0120793
14.22	-0.0115978
14.225	-0.0111159
14.23	-0.0106394
14.235	-0.0101714
14.24	-0.00971076
14.245	-0.00925303
14.25	-0.00879311
14.255	-0.00832714
14.26	-0.00785291
14.265	-0.00736938
14.27	-0.00687652
14.275	-0.00637617
14.28	-0.00587301
14.285	-0.00537412
14.29	-0.00488634
14.295	-0.00441265
14.3	-0.00395013
14.305	-0.00349146
14.31	-0.00302945
14.315	-0.00256186
14.32	-0.00209297
14.325	-0.00163045
14.33	-0.00117961
14.335	-0.000738979
14.34	-0.000300447
14.345	0.000145979
14.35	0.000606123
14.355	0.0010784
14.36	0.00155533
14.365	0.00202822
14.37	0.00249153
14.375	0.00294401
14.38	0.00338669
14.385	0.00382034
14.39	0.00424473
14.395	0.00466022
14.4	0.00506952
14.405	0.00547734
14.41	0.00588754
14.415	0.00630004
14.42	0.00671049
14.425	0.00711363
14.43	0.0075081
14.435	0.00789882
14.44	0.00829437
14.445	0.00870091
14.45	0.00911682
14.455	0.00953232
14.46	0.0099346
14.465	0.0103151
14.47	0.0106738
14.475	0.011018
14.48	0.0113569
14.485	0.0116958
14.49	0.0120349
14.495	0.0123712
14.5	0.0127031
14.505	0.0130312
14.51	0.013358
14.515	0.0136841
14.52	0.0140081
14.525	0.0143277
14.53	0.0146425
14.535	0.0149551
14.54	0.0152682
14.545	0.015581
14.55	0.0158871
14.555	0.0161768
14.56	0.0164433
14.565	0.016687
14.57	0.0169169
14.575	0.0171452
14.58	0.0173809
14.585	0.017625
14.59	0.0178715
14.595	0.0181126
14.6	0.018344
14.605	0.0185665
14.61	0.0187844
14.615	0.0190011
14.62	0.0192167
14.625	0.0194284
14.63	0.019633
14.635	0.0198279
14.64	0.0200115
14.645	0.0201822
14.65	0.0203378
14.655	0.0204775
14.66	0.0206035
14.665	0.0207227
14.67	0.0208439
14.675	0.0209736
14.68	0.0211125
14.685	0.0212545
14.69	0.0213907
14.695	0.0215139
14.7	0.0216226
14.705	0.021721
14.71	0.0218152
14.715	0.0219086
14.72	0.0219996
14.725	0.0220823
14.73	0.0221505
14.735	0.0222006
14.74	0.0222339
14.745	0.0222558
14.75	0.0222729
14.755	0.0222913
14.76	0.0223141
14.765	0.0223422
14.77	0.0223739
14.775	0.022406
14.78	0.022434
14.785	0.0224532
14.79	0.0224599
14.795	0.0224528
14.8	0.0224336
14.805	0.0224061
14.81	0.0223743
14.815	0.0223392
14.82	0.0222984
14.825	0.0222469
14.83	0.0221811
14.835	0.022102
14.84	0.0220161
14.845	0.0219329
14.85	0.0218598
14.855	0.0217983
14.86	0.0217424
14.865	0.0216825
14.87	0.0216104
14.875	0.0215228
14.88	0.0214215
14.885	0.0213109
14.89	0.0211942
14.895	0.0210722
14.9	0.0209437
14.905	0.0208084
14.91	0.020667
14.915	0.020521
14.92	0.0203708
14.925	0.0202159
14.93	0.0200563
14.935	0.0198946
14.94	0.0197363
14.945	0.0195867
14.95	0.0194461
14.955	0.0193083
14.96	0.0191621
14.965	0.0189974
14.97	0.0188115
14.975	0.0186098
14.98	0.0184027
14.985	0.0181983
14.99	0.017998
14.995	0.0177972
15	0.0175898
15.005	0.0173737
15.01	0.0171519
15.015	0.0169303
15.02	0.0167132
15.025	0.0165012
15.03	0.0162922
15.035	0.0160842
15.04	0.0158765
15.045	0.0156687
15.05	0.0154574
15.055	0.0152364
15.06	0.0149992
15.065	0.014744
15.07	0.0144763
15.075	0.014207
15.08	0.0139463
15.085	0.0136973
15.09	0.013455
15.095	0.0132103
15.1	0.0129572
15.105	0.0126966
15.11	0.0124358
15.115	0.0121824
15.12	0.0119391
15.125	0.011702
15.13	0.0114635
15.135	0.0112172
15.14	0.0109604
15.145	0.0106939
15.15	0.0104194
15.155	0.0101381
15.16	0.00985119
15.165	0.00956195
15.17	0.00927612
15.175	0.00899959
15.18	0.00873467
15.185	0.008478
15.19	0.00822224
15.195	0.00796076
15.2	0.00769214
15.205	0.00742101
15.21	0.00715453
15.215	0.00689697
15.22	0.00664621
15.225	0.00639467
15.23	0.00613381
15.235	0.00585906
15.24	0.00557213
15.245	0.00527953
15.25	0.00498892
15.255	0.00470579
15.26	0.00443228
15.265	0.00416788
15.27	0.0039108
15.275	0.0036588
15.28	0.0034094
15.285	0.00316003
15.29	0.00290874
15.295	0.00265523
15.3	0.00240112
15.305	0.00214906
15.31	0.00190062
15.315	0.00165466
15.32	0.00140716
15.325	0.00115325
15.33	0.000890272
15.335	0.000620188
15.34	0.000349572
15.345	8.70299e-05
15.35	-0.000160768
15.355	-0.000392257
15.36	-0.000611578
15.365	-0.000826252
15.37	-0.00104326
15.375	-0.0012658
15.38	-0.0014924
15.385	-0.00171885
15.39	-0.00194138
15.395	-0.00215902
15.4	-0.00237395
15.405	-0.00258967
15.41	-0.00280874
15.415	-0.00303148
15.42	-0.00325614
15.425	-0.00347997
15.43	-0.00369999
15.435	-0.00391301
15.44	-0.00411566
15.445	-0.00430524
15.45	-0.0044816
15.455	-0.00464855
15.46	-0.00481337
15.465	-0.00498365
15.47	-0.0051631
15.475	-0.00534918
15.48	-0.0055346
15.485	-0.00571208
15.49	-0.00587927
15.495	-0.00604033
15.5	-0.00620289
15.505	-0.00637244
15.51	-0.00654818
15.515	-0.00672324
15.52	-0.00688886
15.525	-0.00703949
15.53	-0.00717513
15.535	-0.00729993
15.54	-0.00741873
15.545	-0.00753464
15.55	-0.00764922
15.555	-0.0077642
15.56	-0.00788234
15.565	-0.00800592
15.57	-0.00813422
15.575	-0.0082624
15.58	-0.0083838
15.585	-0.00849431
15.59	-0.00859563
15.595	-0.00869433
15.6	-0.00879688
15.605	-0.00890421
15.61	-0.00900994
15.615	-0.00910397
15.62	-0.00917912
15.625	-0.00923599
15.63	-0.00928274
15.635	-0.00933006
15.64	-0.00938509
15.645	-0.00944852
15.65	-0.00951625
15.655	-0.00958347
15.66	-0.00964773
15.665	-0.0097089
15.67	-0.00976693
15.675	-0.00982028
15.68	-0.00986659
15.685	-0.00990498
15.69	-0.00993749
15.695	-0.00996774
15.7	-0.00999759
15.705	-0.0100245
15.71	-0.0100426
15.715	-0.0100466
15.72	-0.0100368
15.725	-0.0100203
15.73	-0.0100077
15.735	-0.0100068
15.74	-0.0100185
15.745	-0.0100363
15.75	-0.0100508
15.755	-0.0100553
15.76	-0.0100485
15.765	-0.0100337
15.77	-0.0100151
15.775	-0.0099946
15.78	-0.00997118
15.785	-0.0099426
15.79	-0.00990738
15.795	-0.00986555
15.8	-0.00981783
15.805	-0.00976471
15.81	-0.00970656
15.815	-0.009645
15.82	-0.00958384
15.825	-0.00952824
15.83	-0.00948199
15.835	-0.00944452
15.84	-0.00941004
15.845	-0.00936981
15.85	-0.00931654
15.855	-0.00924807
15.86	-0.00916812
15.865	-0.00908359
15.87	-0.00900016
15.875	-0.00891917
15.88	-0.00883744
15.885	-0.00874998
15.89	-0.00865371
15.895	-0.00854963
15.9	-0.00844248
15.905	-0.00833827
15.91	-0.00824136
15.915	-0.00815279
15.92	-0.00807037
15.925	-0.00799003
15.93	-0.00790726
15.935	-0.00781814
15.94	-0.00771969
15.945	-0.00761035
15.95	-0.00749049
15.955	-0.00736281
15.96	-0.00723188
15.965	-0.00710245
15.97	-0.00697714
15.975	-0.00685497
15.98	-0.00673202
15.985	-0.00660416
15.99	-0.00647037
15.995	-0.00633434
16	-0.0062029
16.005	-0.00608189
16.01	-0.00597214
16.015	-0.00586803
16.02	-0.00576006
16.025	-0.00563973
16.03	-0.0055037
16.035	-0.00535479
16.04	-0.0051994
16.045	-0.00504356
16.05	-0.00489028
16.055	-0.00473958
16.06	-0.00459049
16.065	-0.00444281
16.07	-0.00429716
16.075	-0.00415387
16.08	-0.00401207
16.085	-0.00387036
16.09	-0.00372866
16.095	-0.00358909
16.1	-0.00345464
16.105	-0.00332604
16.11	-0.00319915
16.115	-0.00306574
16.12	-0.00291772
16.125	-0.00275239
16.13	-0.00257498
16.135	-0.00239618
16.14	-0.00222625
16.145	-0.0020695
16.15	-0.00192294
16.155	-0.0017796
16.16	-0.00163397
16.165	-0.00148537
16.17	-0.00133721
16.175	-0.00119338
16.18	-0.00105484
16.185	-0.000919186
16.19	-0.000782788
16.195	-0.000643356
16.2	-0.000500431
16.205	-0.00035377
16.21	-0.000201671
16.215	-4.14806e-05
16.22	0.000127558
16.225	0.000301502
16.23	0.000471865
16.235	0.00062958
16.24	0.000770399
16.245	0.000897795
16.25	0.00102095
16.255	0.00114896
16.26	0.00128528
16.265	0.00142635
16.27	0.00156519
16.275	0.00169704
16.28	0.00182306
16.285	0.00194934
16.29	0.00208263
16.295	0.00222593
16.3	0.00237726
16.305	0.00253164
16.31	0.00268428
16.315	0.00283229
16.32	0.00297405
16.325	0.00310777
16.33	0.00323124
16.335	0.0033436
16.34	0.00344741
16.345	0.00354891
16.35	0.00365535
16.355	0.00377086
16.36	0.00389396
16.365	0.00401873
16.37	0.00413909
16.375	0.00425321
16.38	0.00436485
16.385	0.00448056
16.39	0.00460477
16.395	0.0047362
16.4	0.00486805
16.405	0.00499164
16.41	0.00510101
16.415	0.0051955
16.42	0.00527908
16.425	0.00535761
16.43	0.00543604
16.435	0.00551729
16.44	0.00560262
16.445	0.00569248
16.45	0.0057867
16.455	0.00588399
16.46	0.00598182
16.465	0.00607721
16.47	0.00616845
16.475	0.00625626
16.48	0.00634332
16.485	0.00643203
16.49	0.00652198
16.495	0.00660891
16.5	0.0066864
16.505	0.00674951
16.51	0.00679811
16.515	0.00683779
16.52	0.00687751
16.525	0.00692532
16.53	0.00698467
16.535	0.00705328
16.54	0.00712527
16.545	0.00719465
16.55	0.00725831
16.555	0.00731664
16.56	0.00737198
16.565	0.00742635
16.57	0.00747994
16.575	0.00753122
16.58	0.00757801
16.585	0.00761852
16.59	0.00765166
16.595	0.0076769
16.6	0.00769445
16.605	0.00770606
16.61	0.00771575
16.615	0.00772941
16.62	0.0077527
16.625	0.00778788
16.63	0.00783183
16.635	0.00787685
16.64	0.00791432
16.645	0.00793922
16.65	0.00795262
16.655	0.00796036
16.66	0.00796876
16.665	0.00798025
16.67	0.00799192
16.675	0.00799785
16.68	0.00799344
16.685	0.00797865
16.69	0.00795808
16.695	0.00793815
16.7	0.00792368
16.705	0.00791631
16.71	0.00791518
16.715	0.00791862
16.72	0.00792498
16.725	0.007932
16.73	0.00793583
16.735	0.00793146
16.74	0.00791513
16.745	0.00788709
16.75	0.00785224
16.755	0.0078176
16.76	0.00778778
16.765	0.00776184
16.77	0.00773397
16.775	0.00769789
16.78	0.00765194
16.785	0.00760106
16.79	0.0075541
16.795	0.00751835
16.8	0.007495
16.805	0.00747876
16.81	0.00746139
16.815	0.00743644
16.82	0.00740174
16.825	0.00735868
16.83	0.00730946
16.835	0.00725522
16.84	0.0071963
16.845	0.00713388
16.85	0.00707078
16.855	0.00701018
16.86	0.00695318
16.865	0.00689754
16.87	0.00683925
16.875	0.00677604
16.88	0.00671021
16.885	0.00664795
16.89	0.00659532
16.895	0.00655342
16.9	0.00651652
16.905	0.00647473
16.91	0.00641955
16.915	0.00634852
16.92	0.00626601
16.925	0.00617981
16.93	0.00609632
16.935	0.00601761
16.94	0.00594198
16.945	0.00586677
16.95	0.00579081
16.955	0.00571484
16.96	0.00564016
16.965	0.00556714
16.97	0.00549528
16.975	0.00542443
16.98	0.00535564
16.985	0.00529038
16.99	0.00522835
16.995	0.00516588
17	0.00509665
17.005	0.00501501
17.01	0.00491971
17.015	0.00481552
17.02	0.00471113
17.025	0.00461455
17.03	0.00452896
17.035	0.00445161
17.04	0.00437634
17.045	0.0042978
17.05	0.0042146
17.055	0.0041294
17.06	0.00404656
17.065	0.003969
17.07	0.0038965
17.075	0.00382613
17.08	0.0037539
17.085	0.00367645
17.09	0.00359182
17.095	0.00349945
17.1	0.00340006
17.105	0.00329595
17.11	0.00319102
17.115	0.00309023
17.12	0.00299786
17.125	0.0029155
17.13	0.00284098
17.135	0.00276916
17.14	0.0026946
17.145	0.00261453
17.15	0.00253028
17.155	0.00244625
17.16	0.00236678
17.165	0.00229303
17.17	0.00222173
17.175	0.00214672
17.18	0.00206241
17.185	0.00196701
17.19	0.00186367
17.195	0.00175887
17.2	0.00165935
17.205	0.00156922
17.21	0.00148894
17.215	0.00141619
17.22	0.0013477
17.225	0.00128061
17.23	0.00121289
17.235	0.00114315
17.24	0.00107061
17.245	0.0009954
17.25	0.000918893
17.255	0.000843141
17.26	0.000769382
17.265	0.00069654
17.27	0.000621115
17.275	0.000539129
17.28	0.000449221
17.285	0.000354765
17.29	0.00026317
17.295	0.00018233
17.3	0.000116265
17.305	6.27939e-05
17.31	1.48664e-05
17.315	-3.5332e-05
17.32	-9.22231e-05
17.325	-0.0001553
17.33	-0.000220877
17.335	-0.000285463
17.34	-0.000348158
17.345	-0.000410586
17.35	-0.000474931
17.355	-0.000542062
17.36	-0.00061123
17.365	-0.000681197
17.37	-0.000751297
17.375	-0.000821111
17.38	-0.000889028
17.385	-0.00095137
17.39	-0.0010036
17.395	-0.00104336
17.4	-0.00107323
17.405	-0.00110064
17.41	-0.00113436
17.415	-0.00117959
17.42	-0.00123505
17.425	-0.00129418
17.43	-0.00134974
17.435	-0.00139857
17.44	-0.00144308
17.445	-0.00148872
17.45	-0.00153948
17.455	-0.00159481
17.46	-0.0016501
17.465	-0.00169976
17.47	-0.0017405
17.475	-0.0017723
17.48	-0.00179715
17.485	-0.00181705
17.49	-0.00183353
17.495	-0.00184859
17.5	-0.0018659
17.505	-0.00189006
17.51	-0.00192406
17.515	-0.00196667
17.52	-0.00201214
17.525	-0.00205321
17.53	-0.00208541
17.535	-0.00210981
17.54	-0.00213182
17.545	-0.00215697
17.55	-0.00218653
17.555	-0.00221628
17.56	-0.00223925
17.565	-0.00225033
17.57	-0.00224962
17.575	-0.00224227
17.58	-0.00223544
17.585	-0.00223464
17.59	-0.00224196
17.595	-0.00225659
17.6	-0.00227653
17.605	-0.00229968
17.61	-0.00232374
17.615	-0.00234574
17.62	-0.00236238
17.625	-0.0023715
17.63	-0.00237353
17.635	-0.00237156
17.64	-0.00236933
17.645	-0.00236854
17.65	-0.00236734
17.655	-0.00236148
17.66	-0.00234743
17.665	-0.00232548
17.67	-0.00230059
17.675	-0.00228015
17.68	-0.00227023
17.685	-0.00227243
17.69	-0.00228326
17.695	-0.00229619
17.7	-0.00230477
17.705	-0.00230519
17.71	-0.00229693
17.715	-0.00228178
17.72	-0.0022623
17.725	-0.00224055
17.73	-0.00221763
17.735	-0.00219382
17.74	-0.0021688
17.745	-0.00214207
17.75	-0.00211324
17.755	-0.00208264
17.76	-0.00205184
17.765	-0.00202365
17.77	-0.0020014
17.775	-0.00198736
17.78	-0.00198112
17.785	-0.00197884
17.79	-0.00197418
17.795	-0.0019607
17.8	-0.00193477
17.805	-0.00189724
17.81	-0.00185298
17.815	-0.00180827
17.82	-0.00176754
17.825	-0.00173134
17.83	-0.00169679
17.835	-0.00166013
17.84	-0.00161969
17.845	-0.00157726
17.85	-0.00153708
17.855	-0.00150321
17.86	-0.00147713
17.865	-0.00145707
17.87	-0.00143923
17.875	-0.00141959
17.88	-0.00139509
17.885	-0.00136368
17.89	-0.00132394
17.895	-0.00127532
17.9	-0.00121909
17.905	-0.00115914
17.91	-0.00110114
17.915	-0.00105008
17.92	-0.0010074
17.925	-0.000970054
17.93	-0.000932564
17.935	-0.000890946
17.94	-0.000845784
17.945	-0.000802017
17.95	-0.000765336
17.955	-0.000737688
17.96	-0.000715167
17.965	-0.000689885
17.97	-0.00065451
17.975	-0.00060625
17.98	-0.000547681
17.985	-0.00048428
17.99	-0.000420948
17.995	-0.000360164
18	-0.000302627
18.005	-0.000249036
18.01	-0.000200814
18.015	-0.000158965
18.02	-0.000122271
18.025	-8.69809e-05
18.03	-4.88979e-05
18.035	-6.45456e-06
18.04	3.78836e-05
18.045	7.95075e-05
18.05	0.000115767
18.055	0.000149123
18.06	0.00018659
18.065	0.000235434
18.07	0.000298086
18.075	0.000369991
18.08	0.000442029
18.085	0.000505751
18.09	0.000557743
18.095	0.00060027
18.1	0.000638348
18.105	0.000675911
18.11	0.000714001
18.115	0.00075181
18.12	0.000788952
18.125	0.000826614
18.13	0.000866603
18.135	0.000909515
18.14	0.000954094
18.145	0.000998673
18.15	0.00104347
18.155	0.00109143
18.16	0.00114631
18.165	0.00120916
18.17	0.00127605
18.175	0.00133906
18.18	0.00139048
18.185	0.00142732
18.19	0.00145309
18.195	0.00147551
18.2	0.00150197
18.205	0.00153571
18.21	0.00157519
18.215	0.00161652
18.22	0.00165672
18.225	0.00169559
18.23	0.00173511
18.235	0.00177756
18.24	0.00182393
18.245	0.00187368
18.25	0.00192543
18.255	0.00197757
18.26	0.00202823
18.265	0.00207478
18.27	0.00211414
18.275	0.00214402
18.28	0.00216468
18.285	0.00217976
18.29	0.00219531
18.295	0.00221715
18.3	0.00224821
18.305	0.00228724
18.31	0.00232991
18.315	0.00237138
18.32	0.00240899
18.325	0.00244339
18.33	0.00247764
18.335	0.00251486
18.34	0.002556
18.345	0.00259882
18.35	0.0026388
18.355	0.00267127
18.36	0.00269379
18.365	0.00270724
18.37	0.00271546
18.375	0.00272346
18.38	0.0027355
18.385	0.00275382
18.39	0.00277862
18.395	0.00280865
18.4	0.00284197
18.405	0.00287635
18.41	0.00290944
18.415	0.00293931
18.42	0.00296522
18.425	0.00298815
18.43	0.00301031
18.435	0.00303352
18.44	0.00305732
18.445	0.00307839
18.45	0.00309216
18.455	0.00309599
18.46	0.00309175
18.465	0.00308585
18.47	0.00308616
18.475	0.00309779
18.48	0.00312035
18.485	0.00314871
18.49	0.00317639
18.495	0.00319932
18.5	0.0032173
18.505	0.0032325
18.51	0.00324676
18.515	0.00325992
18.52	0.0032704
18.525	0.00327704
18.53	0.00328032
18.535	0.00328161
18.54	0.00328147
18.545	0.00327877
18.55	0.00327201
18.555	0.00326191
18.56	0.00325283
18.565	0.00325123
18.57	0.0032616
18.575	0.00328283
18.58	0.00330787
18.585	0.00332752
18.59	0.00333585
18.595	0.00333333
18.6	0.00332568
18.605	0.00331922
18.61	0.00331646
18.615	0.00331499
18.62	0.00331017
18.625	0.00329917
18.63	0.00328307
18.635	0.00326569
18.64	0.0032507
18.645	0.00323951
18.65	0.00323173
18.655	0.00322713
18.66	0.00322681
18.665	0.00323215
18.67	0.00324225
18.675	0.00325249
18.68	0.00325601
18.685	0.00324768
18.69	0.00322768
18.695	0.00320169
18.7	0.00317736
18.705	0.00315937
18.71	0.0031467
18.715	0.00313408
18.72	0.00311638
18.725	0.00309265
18.73	0.00306684
18.735	0.00304505
18.74	0.00303151
18.745	0.00302633
18.75	0.00302606
18.755	0.00302628
18.76	0.00302376
18.765	0.00301686
18.77	0.00300457
18.775	0.00298582
18.78	0.00295993
18.785	0.00292801
18.79	0.00289357
18.795	0.00286136
18.8	0.00283484
18.805	0.00281406
18.81	0.00279578
18.815	0.00277591
18.82	0.00275256
18.825	0.00272766
18.83	0.00270571
18.835	0.0026907
18.84	0.00268318
18.845	0.00267948
18.85	0.00267345
18.855	0.00265958
18.86	0.00263542
18.865	0.00260225
18.87	0.00256384
18.875	0.00252451
18.88	0.00248751
18.885	0.00245444
18.89	0.00242546
18.895	0.00239987
18.9	0.00237661
18.905	0.00235459
18.91	0.00233302
18.915	0.00231171
18.92	0.00229119
18.925	0.00227248
18.93	0.00225627
18.935	0.00224199
18.94	0.00222726
18.945	0.00220827
18.95	0.00218129
18.955	0.00214463
18.96	0.00210007
18.965	0.0020527
18.97	0.00200891
18.975	0.00197352
18.98	0.00194754
18.985	0.00192799
18.99	0.00191
18.995	0.00188973
19	0.00186649
19.005	0.00184251
19.01	0.00182079
19.015	0.00180264
19.02	0.0017865
19.025	0.00176887
19.03	0.00174643
19.035	0.0017176
19.04	0.00168284
19.045	0.00164366
19.05	0.00160175
19.055	0.00155897
19.06	0.001518
19.065	0.00148244
19.07	0.00145555
19.075	0.00143814
19.08	0.00142718
19.085	0.00141679
19.09	0.0014014
19.095	0.00137899
19.1	0.00135223
19.105	0.0013262
19.11	0.00130445
19.115	0.00128605
19.12	0.00126603
19.125	0.00123881
19.13	0.00120214
19.135	0.00115881
19.14	0.00111488
19.145	0.00107614
19.15	0.00104531
19.155	0.00102187
19.16	0.00100385
19.165	0.00098973
19.17	0.000978733
19.175	0.000969576
19.18	0.00095947
19.185	0.00094481
19.19	0.000923395
19.195	0.000896317
19.2	0.000867576
19.205	0.000841277
19.21	0.000818405
19.215	0.00079583
19.22	0.00076863
19.225	0.000734194
19.23	0.000695015
19.235	0.000657928
19.24	0.00063018
19.245	0.000615099
19.25	0.000610342
19.255	0.000609757
19.26	0.000607197
19.265	0.000599487
19.27	0.000586733
19.275	0.000570456
19.28	0.000551559
19.285	0.000529865
19.29	0.000505225
19.295	0.00047872
19.3	0.000452515
19.305	0.000428355
19.31	0.000406133
19.315	0.000384098
19.32	0.000360821
19.325	0.000337384
19.33	0.000317748
19.335	0.000306579
19.34	0.000305862
19.345	0.00031277
19.35	0.000320518
19.355	0.000321804
19.36	0.000312593
19.365	0.000293803
19.37	0.000269981
19.375	0.00024617
19.38	0.000225192
19.385	0.000206978
19.39	0.000189881
19.395	0.000172633
19.4	0.000155424
19.405	0.000139636
19.41	0.000126847
19.415	0.000118077
19.42	0.000113744
19.425	0.000113937
19.43	0.000118365
19.435	0.000125782
19.44	0.000133436
19.445	0.000137328
19.45	0.000133627
19.455	0.000120593
19.46	9.98331e-05
19.465	7.59047e-05
19.47	5.43074e-05
19.475	3.8944e-05
19.48	3.05128e-05
19.485	2.67421e-05
19.49	2.42475e-05
19.495	2.08312e-05
19.5	1.68227e-05
19.505	1.47098e-05
19.51	1.73644e-05
19.515	2.59906e-05
19.52	3.90228e-05
19.525	5.25776e-05
19.53	6.21251e-05
19.535	6.43958e-05
19.54	5.85277e-05
19.545	4.60376e-05
19.55	2.99186e-05
19.555	1.35484e-05
19.56	-7.08969e-08
19.565	-8.68051e-06
19.57	-1.10148e-05
19.575	-7.11292e-06
19.58	1.50036e-06
19.585	1.21976e-05
19.59	2.23631e-05
19.595	3.07736e-05
19.6	3.83e-05
19.605	4.71949e-05
19.61	5.91655e-05
19.615	7.34476e-05
19.62	8.63645e-05
19.625	9.29941e-05
19.63	9.00949e-05
19.635	7.84114e-05
19.64	6.27493e-05
19.645	4.96646e-05
19.65	4.42311e-05
19.655	4.79299e-05
19.66	5.88298e-05
19.665	7.35742e-05
19.67	8.95335e-05
19.675	0.000105663
19.68	0.000121859
19.685	0.000137821
19.69	0.000152645
19.695	0.000165437
19.7	0.000176141
19.705	0.000185513
19.71	0.000194045
19.715	0.000200797
19.72	0.00020351
19.725	0.000200369
19.73	0.000192308
19.735	0.000183896
19.74	0.000181669
19.745	0.000190637
19.75	0.00021125
19.755	0.000239006
19.76	0.000267082
19.765	0.000290215
19.77	0.000307195
19.775	0.000320436
19.78	0.000333254
19.785	0.000347099
19.79	0.000360725
19.795	0.000371614
19.8	0.000378189
19.805	0.00038096
19.81	0.00038191
19.815	0.000383001
19.82	0.000385343
19.825	0.000389711
19.83	0.000397651
19.835	0.00041169
19.84	0.000433919
19.845	0.000463817
19.85	0.000497214
19.855	0.000527679
19.86	0.000549814
19.865	0.000562282
19.87	0.000568366
19.875	0.000573567
19.88	0.000581901
19.885	0.000593527
19.89	0.000605292
19.895	0.000613612
19.9	0.000617457
19.905	0.000619316
19.91	0.00062364
19.915	0.000634173
19.92	0.000652119
19.925	0.00067619
19.93	0.000703959
19.935	0.000733124
19.94	0.000761731
19.945	0.000787649
19.95	0.000808387
19.955	0.000821961
19.96	0.000828358
19.965	0.000830278
19.97	0.00083217
19.975	0.000837869
19.98	0.000848407
19.985	0.000861651
19.99	0.000874155
19.995	0.000883965
