0	0
0.005	0
0.01	0
0.015	0
0.02	0
0.025	0
0.03	0
0.035	0
0.04	0
0.045	0
0.05	0
0.055	0
0.06	0
0.065	0
0.07	0
0.075	0
0.08	0
0.085	0
0.09	0
0.095	0
0.1	0
0.105	0
0.11	0
0.115	0
0.12	0
0.125	0
0.13	0
0.135	0
0.14	0
0.145	0
0.15	0
0.155	0
0.16	0
0.165	0
0.17	0
0.175	0
0.18	0
0.185	0
0.19	0
0.195	0
0.2	0
0.205	0
0.21	0
0.215	0
0.22	0
0.225	0
0.23	0
0.235	0
0.24	0
0.245	0
0.25	0
0.255	0
0.26	0
0.265	0
0.27	0
0.275	0
0.28	0
0.285	0
0.29	0
0.295	0
0.3	-1.8115e-47
0.305	-1.45169e-45
0.31	-5.89258e-44
0.315	-1.61624e-42
0.32	-3.37055e-41
0.325	-5.6993e-40
0.33	-8.1347e-39
0.335	-1.00717e-37
0.34	-1.10297e-36
0.345	-1.08392e-35
0.35	-9.6649e-35
0.355	-7.88718e-34
0.36	-5.93152e-33
0.365	-4.1339e-32
0.37	-2.68219e-31
0.375	-1.62621e-30
0.38	-9.24129e-30
0.385	-4.93369e-29
0.39	-2.47863e-28
0.395	-1.17286e-27
0.4	-5.22708e-27
0.405	-2.19126e-26
0.41	-8.6135e-26
0.415	-3.15491e-25
0.42	-1.06375e-24
0.425	-3.2202e-24
0.43	-8.23749e-24
0.435	-1.43495e-23
0.44	9.9646e-24
0.445	2.59876e-22
0.45	1.67452e-21
0.455	8.22062e-21
0.46	3.52587e-20
0.465	1.38472e-19
0.47	5.09072e-19
0.475	1.77373e-18
0.48	5.90263e-18
0.485	1.88599e-17
0.49	5.80784e-17
0.495	1.72869e-16
0.5	4.9846e-16
0.505	1.3949e-15
0.51	3.79421e-15
0.515	1.00444e-14
0.52	2.5908e-14
0.525	6.51748e-14
0.53	1.60044e-13
0.535	3.83929e-13
0.54	9.0038e-13
0.545	2.06559e-12
0.55	4.63839e-12
0.555	1.02008e-11
0.56	2.19824e-11
0.565	4.64405e-11
0.57	9.62275e-11
0.575	1.95647e-10
0.58	3.90476e-10
0.585	7.65308e-10
0.59	1.47354e-09
0.595	2.78824e-09
0.6	5.18671e-09
0.605	9.48842e-09
0.61	1.70757e-08
0.615	3.02402e-08
0.62	5.27167e-08
0.625	9.04897e-08
0.63	1.52992e-07
0.635	2.54848e-07
0.64	4.18371e-07
0.645	6.7707e-07
0.65	1.08048e-06
0.655	1.7007e-06
0.66	2.64112e-06
0.665	4.04773e-06
0.67	6.12367e-06
0.675	9.1475e-06
0.68	1.34957e-05
0.685	1.96699e-05
0.69	2.83291e-05
0.695	4.03269e-05
0.7	5.67541e-05
0.705	7.89851e-05
0.71	0.000108729
0.715	0.000148083
0.72	0.000199584
0.725	0.000266264
0.73	0.000351698
0.735	0.000460044
0.74	0.000596082
0.745	0.000765229
0.75	0.000973554
0.755	0.00122777
0.76	0.00153519
0.765	0.00190373
0.77	0.00234179
0.775	0.00285826
0.78	0.00346235
0.785	0.00416357
0.79	0.0049716
0.795	0.00589619
0.8	0.0069471
0.805	0.008134
0.81	0.00946644
0.815	0.0109538
0.82	0.0126051
0.825	0.0144293
0.83	0.0164353
0.835	0.0186314
0.84	0.0210261
0.845	0.0236278
0.85	0.026445
0.855	0.0294859
0.86	0.0327593
0.865	0.0362739
0.87	0.0400386
0.875	0.0440626
0.88	0.0483552
0.885	0.0529259
0.89	0.0577844
0.895	0.0629403
0.9	0.0684032
0.905	0.0741826
0.91	0.0802877
0.915	0.0867277
0.92	0.0935114
0.925	0.100647
0.93	0.108143
0.935	0.116008
0.94	0.124249
0.945	0.132873
0.95	0.141888
0.955	0.151301
0.96	0.16112
0.965	0.171352
0.97	0.182004
0.975	0.193083
0.98	0.204597
0.985	0.216553
0.99	0.22896
0.995	0.241822
1	0.25515
1.005	0.268948
1.01	0.283224
1.015	0.297985
1.02	0.313236
1.025	0.328985
1.03	0.345236
1.035	0.361995
1.04	0.379267
1.045	0.397057
1.05	0.41537
1.055	0.434209
1.06	0.453581
1.065	0.473488
1.07	0.493935
1.075	0.514925
1.08	0.536462
1.085	0.55855
1.09	0.581192
1.095	0.60439
1.1	0.628148
1.105	0.652467
1.11	0.67735
1.115	0.702798
1.12	0.728813
1.125	0.755395
1.13	0.782546
1.135	0.810265
1.14	0.838552
1.145	0.867408
1.15	0.896832
1.155	0.926824
1.16	0.957381
1.165	0.988504
1.17	1.02019
1.175	1.05244
1.18	1.08525
1.185	1.11861
1.19	1.15253
1.195	1.18699
1.2	1.22201
1.205	1.25757
1.21	1.29366
1.215	1.33029
1.22	1.36744
1.225	1.40512
1.23	1.44331
1.235	1.48202
1.24	1.52122
1.245	1.56093
1.25	1.60112
1.255	1.6418
1.26	1.68294
1.265	1.72456
1.27	1.76663
1.275	1.80916
1.28	1.85212
1.285	1.8955
1.29	1.93931
1.295	1.98353
1.3	2.02814
1.305	2.07313
1.31	2.11849
1.315	2.16422
1.32	2.21028
1.325	2.25668
1.33	2.3034
1.335	2.35041
1.34	2.39772
1.345	2.44529
1.35	2.49313
1.355	2.5412
1.36	2.58949
1.365	2.638
1.37	2.68669
1.375	2.73556
1.38	2.78457
1.385	2.83373
1.39	2.883
1.395	2.93237
1.4	2.98182
1.405	3.03133
1.41	3.08087
1.415	3.13044
1.42	3.18
1.425	3.22954
1.43	3.27904
1.435	3.32847
1.44	3.37782
1.445	3.42706
1.45	3.47617
1.455	3.52513
1.46	3.57391
1.465	3.62249
1.47	3.67085
1.475	3.71896
1.48	3.7668
1.485	3.81435
1.49	3.86159
1.495	3.90848
1.5	3.955
1.505	4.00113
1.51	4.04685
1.515	4.09212
1.52	4.13693
1.525	4.18125
1.53	4.22505
1.535	4.26832
1.54	4.31102
1.545	4.35312
1.55	4.39462
1.555	4.43547
1.56	4.47565
1.565	4.51514
1.57	4.55391
1.575	4.59194
1.58	4.62919
1.585	4.66565
1.59	4.70129
1.595	4.73608
1.6	4.77
1.605	4.80302
1.61	4.83511
1.615	4.86625
1.62	4.89643
1.625	4.9256
1.63	4.95375
1.635	4.98085
1.64	5.00688
1.645	5.03182
1.65	5.05563
1.655	5.0783
1.66	5.09981
1.665	5.12012
1.67	5.13922
1.675	5.15708
1.68	5.17368
1.685	5.189
1.69	5.20301
1.695	5.2157
1.7	5.22704
1.705	5.23702
1.71	5.24561
1.715	5.25279
1.72	5.25854
1.725	5.26285
1.73	5.2657
1.735	5.26706
1.74	5.26692
1.745	5.26527
1.75	5.26208
1.755	5.25733
1.76	5.25102
1.765	5.24313
1.77	5.23364
1.775	5.22254
1.78	5.20981
1.785	5.19545
1.79	5.17943
1.795	5.16175
1.8	5.1424
1.805	5.12137
1.81	5.09863
1.815	5.0742
1.82	5.04805
1.825	5.02019
1.83	4.9906
1.835	4.95927
1.84	4.9262
1.845	4.8914
1.85	4.85484
1.855	4.81653
1.86	4.77646
1.865	4.73464
1.87	4.69107
1.875	4.64573
1.88	4.59863
1.885	4.54978
1.89	4.49918
1.895	4.44682
1.9	4.39272
1.905	4.33687
1.91	4.27928
1.915	4.21995
1.92	4.15891
1.925	4.09614
1.93	4.03166
1.935	3.96547
1.94	3.8976
1.945	3.82804
1.95	3.75682
1.955	3.68393
1.96	3.6094
1.965	3.53325
1.97	3.45547
1.975	3.3761
1.98	3.29515
1.985	3.21262
1.99	3.12855
1.995	3.04296
2	2.95585
2.005	2.86725
2.01	2.77718
2.015	2.68566
2.02	2.59272
2.025	2.49837
2.03	2.40265
2.035	2.30557
2.04	2.20716
2.045	2.10745
2.05	2.00646
2.055	1.90422
2.06	1.80076
2.065	1.69611
2.07	1.5903
2.075	1.48335
2.08	1.3753
2.085	1.26618
2.09	1.15601
2.095	1.04484
2.1	0.932699
2.105	0.819614
2.11	0.705623
2.115	0.59076
2.12	0.47506
2.125	0.358559
2.13	0.241292
2.135	0.123297
2.14	0.0046104
2.145	-0.11473
2.15	-0.234687
2.155	-0.35522
2.16	-0.476293
2.165	-0.597865
2.17	-0.719896
2.175	-0.842348
2.18	-0.96518
2.185	-1.08835
2.19	-1.21182
2.195	-1.33555
2.2	-1.45949
2.205	-1.58361
2.21	-1.70785
2.215	-1.83219
2.22	-1.95658
2.225	-2.08096
2.23	-2.20532
2.235	-2.32958
2.24	-2.45373
2.245	-2.57771
2.25	-2.70148
2.255	-2.82499
2.26	-2.94821
2.265	-3.07108
2.27	-3.19357
2.275	-3.31564
2.28	-3.43724
2.285	-3.55832
2.29	-3.67884
2.295	-3.79876
2.3	-3.91804
2.305	-4.03664
2.31	-4.1545
2.315	-4.2716
2.32	-4.38788
2.325	-4.5033
2.33	-4.61783
2.335	-4.73142
2.34	-4.84403
2.345	-4.95562
2.35	-5.06615
2.355	-5.17558
2.36	-5.28386
2.365	-5.39097
2.37	-5.49685
2.375	-5.60148
2.38	-5.70481
2.385	-5.8068
2.39	-5.90743
2.395	-6.00664
2.4	-6.10441
2.405	-6.2007
2.41	-6.29547
2.415	-6.3887
2.42	-6.48034
2.425	-6.57036
2.43	-6.65873
2.435	-6.74541
2.44	-6.83038
2.445	-6.91361
2.45	-6.99506
2.455	-7.07471
2.46	-7.15253
2.465	-7.22848
2.47	-7.30255
2.475	-7.3747
2.48	-7.44491
2.485	-7.51316
2.49	-7.57941
2.495	-7.64365
2.5	-7.70586
2.505	-7.76601
2.51	-7.82407
2.515	-7.88004
2.52	-7.93389
2.525	-7.9856
2.53	-8.03516
2.535	-8.08254
2.54	-8.12774
2.545	-8.17074
2.55	-8.21151
2.555	-8.25006
2.56	-8.28637
2.565	-8.32042
2.57	-8.3522
2.575	-8.38171
2.58	-8.40894
2.585	-8.43388
2.59	-8.45652
2.595	-8.47685
2.6	-8.49487
2.605	-8.51058
2.61	-8.52397
2.615	-8.53504
2.62	-8.54378
2.625	-8.5502
2.63	-8.5543
2.635	-8.55608
2.64	-8.55554
2.645	-8.55268
2.65	-8.5475
2.655	-8.54002
2.66	-8.53023
2.665	-8.51815
2.67	-8.50378
2.675	-8.48713
2.68	-8.4682
2.685	-8.44701
2.69	-8.42357
2.695	-8.39789
2.7	-8.36998
2.705	-8.33986
2.71	-8.30753
2.715	-8.27302
2.72	-8.23634
2.725	-8.1975
2.73	-8.15653
2.735	-8.11344
2.74	-8.06824
2.745	-8.02097
2.75	-7.97164
2.755	-7.92026
2.76	-7.86687
2.765	-7.81148
2.77	-7.75411
2.775	-7.6948
2.78	-7.63356
2.785	-7.57043
2.79	-7.50541
2.795	-7.43855
2.8	-7.36987
2.805	-7.29939
2.81	-7.22715
2.815	-7.15316
2.82	-7.07748
2.825	-7.00011
2.83	-6.92109
2.835	-6.84046
2.84	-6.75824
2.845	-6.67446
2.85	-6.58917
2.855	-6.50238
2.86	-6.41414
2.865	-6.32447
2.87	-6.23341
2.875	-6.14099
2.88	-6.04726
2.885	-5.95224
2.89	-5.85596
2.895	-5.75847
2.9	-5.6598
2.905	-5.55998
2.91	-5.45906
2.915	-5.35707
2.92	-5.25404
2.925	-5.15001
2.93	-5.04502
2.935	-4.93911
2.94	-4.83232
2.945	-4.72467
2.95	-4.61622
2.955	-4.50699
2.96	-4.39703
2.965	-4.28637
2.97	-4.17505
2.975	-4.06311
2.98	-3.95059
2.985	-3.83752
2.99	-3.72395
2.995	-3.60991
3	-3.49544
3.005	-3.38057
3.01	-3.26536
3.015	-3.14982
3.02	-3.034
3.025	-2.91795
3.03	-2.80169
3.035	-2.68526
3.04	-2.5687
3.045	-2.45205
3.05	-2.33534
3.055	-2.21862
3.06	-2.10191
3.065	-1.98525
3.07	-1.86868
3.075	-1.75224
3.08	-1.63596
3.085	-1.51987
3.09	-1.40401
3.095	-1.28842
3.1	-1.17313
3.105	-1.05817
3.11	-0.943571
3.115	-0.829376
3.12	-0.715614
3.125	-0.602317
3.13	-0.489516
3.135	-0.377245
3.14	-0.265533
3.145	-0.154413
3.15	-0.0439149
3.155	0.0659313
3.16	0.175096
3.165	0.283549
3.17	0.391261
3.175	0.498205
3.18	0.604351
3.185	0.709673
3.19	0.814142
3.195	0.917732
3.2	1.02042
3.205	1.12217
3.21	1.22297
3.215	1.32279
3.22	1.42161
3.225	1.5194
3.23	1.61613
3.235	1.7118
3.24	1.80636
3.245	1.89981
3.25	1.99212
3.255	2.08327
3.26	2.17324
3.265	2.26201
3.27	2.34955
3.275	2.43586
3.28	2.52092
3.285	2.6047
3.29	2.68719
3.295	2.76837
3.3	2.84823
3.305	2.92675
3.31	3.00392
3.315	3.07972
3.32	3.15414
3.325	3.22717
3.33	3.29879
3.335	3.36899
3.34	3.43775
3.345	3.50508
3.35	3.57095
3.355	3.63536
3.36	3.6983
3.365	3.75976
3.37	3.81972
3.375	3.87819
3.38	3.93515
3.385	3.9906
3.39	4.04453
3.395	4.09693
3.4	4.14781
3.405	4.19715
3.41	4.24496
3.415	4.29122
3.42	4.33594
3.425	4.3791
3.43	4.42072
3.435	4.46078
3.44	4.49929
3.445	4.53624
3.45	4.57164
3.455	4.60548
3.46	4.63777
3.465	4.6685
3.47	4.69768
3.475	4.72531
3.48	4.75139
3.485	4.77593
3.49	4.79893
3.495	4.82039
3.5	4.84031
3.505	4.85871
3.51	4.87558
3.515	4.89094
3.52	4.90478
3.525	4.91712
3.53	4.92796
3.535	4.9373
3.54	4.94516
3.545	4.95154
3.55	4.95646
3.555	4.95991
3.56	4.96192
3.565	4.96248
3.57	4.96162
3.575	4.95933
3.58	4.95563
3.585	4.95054
3.59	4.94405
3.595	4.9362
3.6	4.92697
3.605	4.9164
3.61	4.90449
3.615	4.89125
3.62	4.8767
3.625	4.86084
3.63	4.84371
3.635	4.8253
3.64	4.80564
3.645	4.78474
3.65	4.76261
3.655	4.73928
3.66	4.71474
3.665	4.68904
3.67	4.66217
3.675	4.63415
3.68	4.60501
3.685	4.57476
3.69	4.54341
3.695	4.51099
3.7	4.47751
3.705	4.443
3.71	4.40746
3.715	4.37092
3.72	4.3334
3.725	4.29492
3.73	4.25549
3.735	4.21513
3.74	4.17388
3.745	4.13174
3.75	4.08873
3.755	4.04489
3.76	4.00022
3.765	3.95475
3.77	3.9085
3.775	3.86149
3.78	3.81374
3.785	3.76528
3.79	3.71612
3.795	3.66628
3.8	3.6158
3.805	3.56468
3.81	3.51294
3.815	3.46062
3.82	3.40773
3.825	3.35428
3.83	3.30031
3.835	3.24582
3.84	3.19084
3.845	3.13539
3.85	3.07948
3.855	3.02313
3.86	2.96636
3.865	2.90917
3.87	2.8516
3.875	2.79365
3.88	2.73534
3.885	2.67667
3.89	2.61768
3.895	2.55837
3.9	2.49876
3.905	2.43886
3.91	2.37868
3.915	2.31825
3.92	2.25757
3.925	2.19667
3.93	2.13555
3.935	2.07425
3.94	2.01276
3.945	1.95111
3.95	1.88932
3.955	1.82739
3.96	1.76535
3.965	1.70322
3.97	1.641
3.975	1.57871
3.98	1.51637
3.985	1.454
3.99	1.3916
3.995	1.32919
4	1.26679
4.005	1.20441
4.01	1.14207
4.015	1.07978
4.02	1.01755
4.025	0.9554
4.03	0.893348
4.035	0.831406
4.04	0.769591
4.045	0.707917
4.05	0.646401
4.055	0.585057
4.06	0.5239
4.065	0.462946
4.07	0.402209
4.075	0.341703
4.08	0.281443
4.085	0.221442
4.09	0.161715
4.095	0.102274
4.1	0.0431347
4.105	-0.0156911
4.11	-0.0741896
4.115	-0.132348
4.12	-0.190152
4.125	-0.24759
4.13	-0.304648
4.135	-0.361313
4.14	-0.417572
4.145	-0.473412
4.15	-0.52882
4.155	-0.583784
4.16	-0.638291
4.165	-0.692328
4.17	-0.745884
4.175	-0.798947
4.18	-0.851505
4.185	-0.903548
4.19	-0.955062
4.195	-1.00604
4.2	-1.05647
4.205	-1.10633
4.21	-1.15563
4.215	-1.20434
4.22	-1.25246
4.225	-1.29998
4.23	-1.34689
4.235	-1.39318
4.24	-1.43883
4.245	-1.48384
4.25	-1.52821
4.255	-1.57191
4.26	-1.61495
4.265	-1.65731
4.27	-1.69898
4.275	-1.73996
4.28	-1.78025
4.285	-1.81982
4.29	-1.85868
4.295	-1.89682
4.3	-1.93423
4.305	-1.9709
4.31	-2.00683
4.315	-2.04201
4.32	-2.07644
4.325	-2.1101
4.33	-2.143
4.335	-2.17513
4.34	-2.20648
4.345	-2.23706
4.35	-2.26685
4.355	-2.29585
4.36	-2.32405
4.365	-2.35147
4.37	-2.37808
4.375	-2.40389
4.38	-2.4289
4.385	-2.4531
4.39	-2.47648
4.395	-2.49906
4.4	-2.52082
4.405	-2.54177
4.41	-2.5619
4.415	-2.5812
4.42	-2.59969
4.425	-2.61735
4.43	-2.63419
4.435	-2.6502
4.44	-2.66538
4.445	-2.67974
4.45	-2.69328
4.455	-2.70599
4.46	-2.71787
4.465	-2.72893
4.47	-2.73916
4.475	-2.74857
4.48	-2.75716
4.485	-2.76493
4.49	-2.77189
4.495	-2.77802
4.5	-2.78334
4.505	-2.78785
4.51	-2.79156
4.515	-2.79445
4.52	-2.79655
4.525	-2.79785
4.53	-2.79835
4.535	-2.79806
4.54	-2.79699
4.545	-2.79513
4.55	-2.7925
4.555	-2.78909
4.56	-2.78492
4.565	-2.77999
4.57	-2.7743
4.575	-2.76785
4.58	-2.76067
4.585	-2.75274
4.59	-2.74409
4.595	-2.7347
4.6	-2.7246
4.605	-2.71378
4.61	-2.70226
4.615	-2.69003
4.62	-2.67712
4.625	-2.66352
4.63	-2.64925
4.635	-2.63432
4.64	-2.61872
4.645	-2.60248
4.65	-2.58559
4.655	-2.56808
4.66	-2.54994
4.665	-2.53118
4.67	-2.51182
4.675	-2.49186
4.68	-2.47131
4.685	-2.45019
4.69	-2.4285
4.695	-2.40624
4.7	-2.38344
4.705	-2.36009
4.71	-2.33622
4.715	-2.31183
4.72	-2.28693
4.725	-2.26152
4.73	-2.23564
4.735	-2.20927
4.74	-2.18244
4.745	-2.15515
4.75	-2.12741
4.755	-2.09924
4.76	-2.07064
4.765	-2.04164
4.77	-2.01222
4.775	-1.98242
4.78	-1.95223
4.785	-1.92168
4.79	-1.89076
4.795	-1.8595
4.8	-1.8279
4.805	-1.79598
4.81	-1.76374
4.815	-1.7312
4.82	-1.69836
4.825	-1.66525
4.83	-1.63187
4.835	-1.59823
4.84	-1.56434
4.845	-1.53022
4.85	-1.49588
4.855	-1.46132
4.86	-1.42656
4.865	-1.39161
4.87	-1.35648
4.875	-1.32118
4.88	-1.28573
4.885	-1.25012
4.89	-1.21438
4.895	-1.17852
4.9	-1.14254
4.905	-1.10646
4.91	-1.07029
4.915	-1.03404
4.92	-0.997713
4.925	-0.961331
4.93	-0.924899
4.935	-0.88843
4.94	-0.851933
4.945	-0.81542
4.95	-0.778901
4.955	-0.742386
4.96	-0.705886
4.965	-0.669412
4.97	-0.632973
4.975	-0.59658
4.98	-0.560244
4.985	-0.523975
4.99	-0.487782
4.995	-0.451676
5	-0.415666
5.005	-0.379763
5.01	-0.343974
5.015	-0.308311
5.02	-0.272782
5.025	-0.237398
5.03	-0.202167
5.035	-0.167099
5.04	-0.132204
5.045	-0.0974892
5.05	-0.0629651
5.055	-0.0286402
5.06	0.00547671
5.065	0.0393767
5.07	0.0730511
5.075	0.106492
5.08	0.13969
5.085	0.172638
5.09	0.205328
5.095	0.237752
5.1	0.269904
5.105	0.301775
5.11	0.333357
5.115	0.364645
5.12	0.395629
5.125	0.426303
5.13	0.456661
5.135	0.486697
5.14	0.516403
5.145	0.545774
5.15	0.574804
5.155	0.603487
5.16	0.631817
5.165	0.659787
5.17	0.687393
5.175	0.714629
5.18	0.741491
5.185	0.767972
5.19	0.794069
5.195	0.819776
5.2	0.845088
5.205	0.870001
5.21	0.89451
5.215	0.918611
5.22	0.942301
5.225	0.965576
5.23	0.988431
5.235	1.01087
5.24	1.03287
5.245	1.05445
5.25	1.0756
5.255	1.09631
5.26	1.11659
5.265	1.13643
5.27	1.15582
5.275	1.17477
5.28	1.19328
5.285	1.21133
5.29	1.22894
5.295	1.24609
5.3	1.26279
5.305	1.27904
5.31	1.29483
5.315	1.31016
5.32	1.32503
5.325	1.33944
5.33	1.35339
5.335	1.36688
5.34	1.3799
5.345	1.39247
5.35	1.40457
5.355	1.41621
5.36	1.42738
5.365	1.4381
5.37	1.44835
5.375	1.45813
5.38	1.46746
5.385	1.47632
5.39	1.48472
5.395	1.49265
5.4	1.50013
5.405	1.50715
5.41	1.5137
5.415	1.5198
5.42	1.52544
5.425	1.53063
5.43	1.53536
5.435	1.53964
5.44	1.54347
5.445	1.54685
5.45	1.54979
5.455	1.55228
5.46	1.55432
5.465	1.55593
5.47	1.55709
5.475	1.55782
5.48	1.55811
5.485	1.55797
5.49	1.5574
5.495	1.55641
5.5	1.55499
5.505	1.55315
5.51	1.55089
5.515	1.54821
5.52	1.54513
5.525	1.54163
5.53	1.53773
5.535	1.53343
5.54	1.52873
5.545	1.52363
5.55	1.51815
5.555	1.51227
5.56	1.50602
5.565	1.49938
5.57	1.49237
5.575	1.48499
5.58	1.47724
5.585	1.46912
5.59	1.46065
5.595	1.45183
5.6	1.44265
5.605	1.43314
5.61	1.42328
5.615	1.41308
5.62	1.40255
5.625	1.3917
5.63	1.38052
5.635	1.36903
5.64	1.35723
5.645	1.34511
5.65	1.3327
5.655	1.32
5.66	1.307
5.665	1.29371
5.67	1.28015
5.675	1.2663
5.68	1.25219
5.685	1.23782
5.69	1.22319
5.695	1.2083
5.7	1.19316
5.705	1.17778
5.71	1.16217
5.715	1.14632
5.72	1.13025
5.725	1.11395
5.73	1.09744
5.735	1.08072
5.74	1.0638
5.745	1.04668
5.75	1.02937
5.755	1.01187
5.76	0.994194
5.765	0.976342
5.77	0.958323
5.775	0.940141
5.78	0.921803
5.785	0.903315
5.79	0.884682
5.795	0.86591
5.8	0.847005
5.805	0.827972
5.81	0.808819
5.815	0.789551
5.82	0.770173
5.825	0.750693
5.83	0.731115
5.835	0.711445
5.84	0.69169
5.845	0.671855
5.85	0.651946
5.855	0.631969
5.86	0.61193
5.865	0.591834
5.87	0.571687
5.875	0.551496
5.88	0.531266
5.885	0.511003
5.89	0.490713
5.895	0.470401
5.9	0.450073
5.905	0.429736
5.91	0.409394
5.915	0.389054
5.92	0.368721
5.925	0.348401
5.93	0.328099
5.935	0.307821
5.94	0.287573
5.945	0.26736
5.95	0.247188
5.955	0.227062
5.96	0.206988
5.965	0.18697
5.97	0.167015
5.975	0.147126
5.98	0.12731
5.985	0.107571
5.99	0.0879156
5.995	0.0683479
6	0.0488733
6.005	0.0294969
6.01	0.0102236
6.015	-0.00894187
6.02	-0.0279947
6.025	-0.0469302
6.03	-0.0657436
6.035	-0.0844304
6.04	-0.102986
6.045	-0.121405
6.05	-0.139684
6.055	-0.157818
6.06	-0.175802
6.065	-0.193633
6.07	-0.211306
6.075	-0.228816
6.08	-0.246161
6.085	-0.263335
6.09	-0.280336
6.095	-0.297158
6.1	-0.3138
6.105	-0.330256
6.11	-0.346523
6.115	-0.362599
6.12	-0.37848
6.125	-0.394161
6.13	-0.409641
6.135	-0.424915
6.14	-0.43998
6.145	-0.454832
6.15	-0.46947
6.155	-0.483888
6.16	-0.498086
6.165	-0.512061
6.17	-0.52581
6.175	-0.539331
6.18	-0.552621
6.185	-0.565677
6.19	-0.578498
6.195	-0.591079
6.2	-0.60342
6.205	-0.615518
6.21	-0.627371
6.215	-0.638978
6.22	-0.650336
6.225	-0.661445
6.23	-0.672302
6.235	-0.682906
6.24	-0.693255
6.245	-0.703348
6.25	-0.713184
6.255	-0.72276
6.26	-0.732077
6.265	-0.741133
6.27	-0.749927
6.275	-0.758457
6.28	-0.766723
6.285	-0.774723
6.29	-0.782457
6.295	-0.789925
6.3	-0.797125
6.305	-0.804059
6.31	-0.810725
6.315	-0.817123
6.32	-0.823253
6.325	-0.829115
6.33	-0.834709
6.335	-0.840035
6.34	-0.845093
6.345	-0.849883
6.35	-0.854404
6.355	-0.858658
6.36	-0.862645
6.365	-0.866364
6.37	-0.869817
6.375	-0.873004
6.38	-0.875925
6.385	-0.878582
6.39	-0.880975
6.395	-0.883105
6.4	-0.884973
6.405	-0.88658
6.41	-0.887928
6.415	-0.889017
6.42	-0.889849
6.425	-0.890426
6.43	-0.890749
6.435	-0.890818
6.44	-0.890636
6.445	-0.890204
6.45	-0.889523
6.455	-0.888595
6.46	-0.887422
6.465	-0.886005
6.47	-0.884346
6.475	-0.882448
6.48	-0.880312
6.485	-0.877941
6.49	-0.875336
6.495	-0.872501
6.5	-0.869437
6.505	-0.866147
6.51	-0.862634
6.515	-0.858899
6.52	-0.854945
6.525	-0.850773
6.53	-0.846387
6.535	-0.84179
6.54	-0.836983
6.545	-0.831969
6.55	-0.82675
6.555	-0.821331
6.56	-0.815713
6.565	-0.809899
6.57	-0.803893
6.575	-0.797698
6.58	-0.791317
6.585	-0.784753
6.59	-0.77801
6.595	-0.771089
6.6	-0.763995
6.605	-0.75673
6.61	-0.749297
6.615	-0.741699
6.62	-0.733939
6.625	-0.72602
6.63	-0.717946
6.635	-0.70972
6.64	-0.701345
6.645	-0.692825
6.65	-0.684164
6.655	-0.675364
6.66	-0.666428
6.665	-0.657362
6.67	-0.648168
6.675	-0.638849
6.68	-0.62941
6.685	-0.619854
6.69	-0.610182
6.695	-0.6004
6.7	-0.59051
6.705	-0.580515
6.71	-0.570419
6.715	-0.560226
6.72	-0.54994
6.725	-0.539563
6.73	-0.5291
6.735	-0.518554
6.74	-0.507928
6.745	-0.497226
6.75	-0.486452
6.755	-0.475608
6.76	-0.464699
6.765	-0.453728
6.77	-0.442698
6.775	-0.431614
6.78	-0.420477
6.785	-0.409291
6.79	-0.39806
6.795	-0.386788
6.8	-0.375476
6.805	-0.36413
6.81	-0.352753
6.815	-0.341347
6.82	-0.329917
6.825	-0.318466
6.83	-0.306997
6.835	-0.295513
6.84	-0.284017
6.845	-0.272513
6.85	-0.261005
6.855	-0.249495
6.86	-0.237987
6.865	-0.226484
6.87	-0.214988
6.875	-0.203504
6.88	-0.192034
6.885	-0.18058
6.89	-0.169147
6.895	-0.157736
6.9	-0.146352
6.905	-0.134998
6.91	-0.123676
6.915	-0.11239
6.92	-0.101142
6.925	-0.0899355
6.93	-0.0787733
6.935	-0.0676581
6.94	-0.0565927
6.945	-0.0455799
6.95	-0.0346223
6.955	-0.0237225
6.96	-0.0128832
6.965	-0.00210699
6.97	0.00860339
6.975	0.0192454
6.98	0.0298164
6.985	0.040314
6.99	0.0507358
6.995	0.0610791
7	0.0713415
7.005	0.0815206
7.01	0.0916139
7.015	0.101619
7.02	0.111535
7.025	0.121359
7.03	0.131088
7.035	0.140721
7.04	0.150257
7.045	0.159691
7.05	0.169024
7.055	0.178251
7.06	0.187373
7.065	0.196385
7.07	0.205287
7.075	0.214077
7.08	0.222754
7.085	0.231314
7.09	0.239758
7.095	0.248084
7.1	0.256289
7.105	0.264373
7.11	0.272334
7.115	0.28017
7.12	0.28788
7.125	0.295463
7.13	0.302917
7.135	0.310241
7.14	0.317434
7.145	0.324494
7.15	0.33142
7.155	0.338212
7.16	0.344868
7.165	0.351387
7.17	0.357768
7.175	0.36401
7.18	0.370113
7.185	0.376076
7.19	0.381898
7.195	0.387578
7.2	0.393115
7.205	0.39851
7.21	0.40376
7.215	0.408865
7.22	0.413825
7.225	0.41864
7.23	0.423308
7.235	0.42783
7.24	0.432205
7.245	0.436434
7.25	0.440515
7.255	0.444448
7.26	0.448232
7.265	0.451868
7.27	0.455356
7.275	0.458696
7.28	0.461887
7.285	0.464931
7.29	0.467826
7.295	0.470573
7.3	0.473172
7.305	0.475623
7.31	0.477926
7.315	0.480081
7.32	0.482089
7.325	0.48395
7.33	0.485664
7.335	0.487232
7.34	0.488655
7.345	0.489931
7.35	0.491063
7.355	0.49205
7.36	0.492893
7.365	0.493593
7.37	0.494151
7.375	0.494567
7.38	0.494842
7.385	0.494977
7.39	0.494971
7.395	0.494827
7.4	0.494545
7.405	0.494126
7.41	0.493571
7.415	0.492881
7.42	0.492057
7.425	0.491099
7.43	0.490009
7.435	0.488788
7.44	0.487437
7.445	0.485957
7.45	0.48435
7.455	0.482616
7.46	0.480757
7.465	0.478775
7.47	0.476669
7.475	0.474443
7.48	0.472096
7.485	0.46963
7.49	0.467047
7.495	0.464348
7.5	0.461535
7.505	0.45861
7.51	0.455573
7.515	0.452426
7.52	0.44917
7.525	0.445807
7.53	0.442339
7.535	0.438767
7.54	0.435094
7.545	0.43132
7.55	0.427447
7.555	0.423477
7.56	0.419412
7.565	0.415253
7.57	0.411002
7.575	0.406661
7.58	0.402231
7.585	0.397715
7.59	0.393114
7.595	0.38843
7.6	0.383664
7.605	0.378819
7.61	0.373896
7.615	0.368898
7.62	0.363825
7.625	0.35868
7.63	0.353465
7.635	0.348181
7.64	0.342831
7.645	0.337417
7.65	0.33194
7.655	0.326401
7.66	0.320804
7.665	0.31515
7.67	0.309441
7.675	0.303679
7.68	0.297866
7.685	0.292004
7.69	0.286094
7.695	0.28014
7.7	0.274142
7.705	0.268102
7.71	0.262022
7.715	0.255905
7.72	0.249752
7.725	0.243566
7.73	0.237347
7.735	0.2311
7.74	0.224824
7.745	0.218523
7.75	0.212197
7.755	0.205849
7.76	0.199481
7.765	0.193094
7.77	0.186691
7.775	0.180274
7.78	0.173844
7.785	0.167403
7.79	0.160954
7.795	0.154497
7.8	0.148035
7.805	0.141569
7.81	0.135102
7.815	0.128636
7.82	0.122173
7.825	0.115713
7.83	0.10926
7.835	0.102815
7.84	0.0963782
7.845	0.0899525
7.85	0.0835393
7.855	0.0771404
7.86	0.0707576
7.865	0.064393
7.87	0.0580484
7.875	0.0517254
7.88	0.0454256
7.885	0.0391506
7.89	0.0329018
7.895	0.0266808
7.9	0.0204895
7.905	0.0143295
7.91	0.00820228
7.915	0.00210945
7.92	-0.00394764
7.925	-0.00996766
7.93	-0.0159492
7.935	-0.0218909
7.94	-0.0277912
7.945	-0.0336485
7.95	-0.0394614
7.955	-0.0452283
7.96	-0.0509478
7.965	-0.0566188
7.97	-0.0622398
7.975	-0.0678099
7.98	-0.0733279
7.985	-0.0787923
7.99	-0.084202
7.995	-0.0895556
8	-0.0948518
8.005	-0.100089
8.01	-0.105268
8.015	-0.110386
8.02	-0.115442
8.025	-0.120436
8.03	-0.125366
8.035	-0.130232
8.04	-0.135032
8.045	-0.139765
8.05	-0.144431
8.055	-0.149028
8.06	-0.153555
8.065	-0.158013
8.07	-0.162399
8.075	-0.166714
8.08	-0.170955
8.085	-0.175123
8.09	-0.179217
8.095	-0.183236
8.1	-0.18718
8.105	-0.191047
8.11	-0.194839
8.115	-0.198554
8.12	-0.202191
8.125	-0.205749
8.13	-0.209229
8.135	-0.212628
8.14	-0.215948
8.145	-0.219187
8.15	-0.222345
8.155	-0.225421
8.16	-0.228416
8.165	-0.231329
8.17	-0.23416
8.175	-0.236908
8.18	-0.239573
8.185	-0.242156
8.19	-0.244655
8.195	-0.247072
8.2	-0.249405
8.205	-0.251655
8.21	-0.253821
8.215	-0.255902
8.22	-0.2579
8.225	-0.259813
8.23	-0.261642
8.235	-0.263386
8.24	-0.265046
8.245	-0.266622
8.25	-0.268113
8.255	-0.269521
8.26	-0.270846
8.265	-0.272087
8.27	-0.273245
8.275	-0.27432
8.28	-0.275312
8.285	-0.276221
8.29	-0.277047
8.295	-0.277791
8.3	-0.278454
8.305	-0.279034
8.31	-0.279533
8.315	-0.279951
8.32	-0.280288
8.325	-0.280544
8.33	-0.28072
8.335	-0.280817
8.34	-0.280835
8.345	-0.280774
8.35	-0.280636
8.355	-0.280421
8.36	-0.280129
8.365	-0.27976
8.37	-0.279317
8.375	-0.278798
8.38	-0.278204
8.385	-0.277536
8.39	-0.276795
8.395	-0.275982
8.4	-0.275096
8.405	-0.274138
8.41	-0.27311
8.415	-0.272011
8.42	-0.270844
8.425	-0.269607
8.43	-0.268303
8.435	-0.266933
8.44	-0.265496
8.445	-0.263995
8.45	-0.26243
8.455	-0.260802
8.46	-0.25911
8.465	-0.257357
8.47	-0.255542
8.475	-0.253668
8.48	-0.251734
8.485	-0.249741
8.49	-0.247691
8.495	-0.245584
8.5	-0.243421
8.505	-0.241203
8.51	-0.238932
8.515	-0.236608
8.52	-0.234232
8.525	-0.231806
8.53	-0.229331
8.535	-0.226807
8.54	-0.224236
8.545	-0.221618
8.55	-0.218954
8.555	-0.216245
8.56	-0.213493
8.565	-0.210697
8.57	-0.20786
8.575	-0.204982
8.58	-0.202064
8.585	-0.199108
8.59	-0.196114
8.595	-0.193084
8.6	-0.190018
8.605	-0.186919
8.61	-0.183787
8.615	-0.180623
8.62	-0.177428
8.625	-0.174204
8.63	-0.170951
8.635	-0.167669
8.64	-0.164361
8.645	-0.161028
8.65	-0.157669
8.655	-0.154287
8.66	-0.150883
8.665	-0.147457
8.67	-0.144012
8.675	-0.140547
8.68	-0.137064
8.685	-0.133564
8.69	-0.130048
8.695	-0.126518
8.7	-0.122974
8.705	-0.119418
8.71	-0.115851
8.715	-0.112273
8.72	-0.108686
8.725	-0.10509
8.73	-0.101486
8.735	-0.0978764
8.74	-0.0942612
8.745	-0.0906418
8.75	-0.0870193
8.755	-0.0833947
8.76	-0.0797689
8.765	-0.0761429
8.77	-0.0725178
8.775	-0.0688947
8.78	-0.0652747
8.785	-0.0616587
8.79	-0.0580479
8.795	-0.054443
8.8	-0.050845
8.805	-0.0472548
8.81	-0.0436734
8.815	-0.0401016
8.82	-0.0365403
8.825	-0.0329905
8.83	-0.029453
8.835	-0.0259288
8.84	-0.0224189
8.845	-0.0189243
8.85	-0.0154461
8.855	-0.0119849
8.86	-0.00854158
8.865	-0.00511696
8.87	-0.00171185
8.875	0.00167288
8.88	0.00503638
8.885	0.00837785
8.89	0.0116965
8.895	0.0149916
8.9	0.0182623
8.905	0.0215078
8.91	0.0247275
8.915	0.0279207
8.92	0.0310865
8.925	0.0342243
8.93	0.0373334
8.935	0.0404129
8.94	0.043462
8.945	0.04648
8.95	0.0494664
8.955	0.0524207
8.96	0.0553423
8.965	0.0582307
8.97	0.0610854
8.975	0.0639054
8.98	0.0666903
8.985	0.0694393
8.99	0.0721518
8.995	0.0748273
9	0.0774655
9.005	0.0800658
9.01	0.0826278
9.015	0.0851511
9.02	0.0876351
9.025	0.0900792
9.03	0.0924829
9.035	0.0948458
9.04	0.0971675
9.045	0.0994479
9.05	0.101687
9.055	0.103883
9.06	0.106037
9.065	0.108148
9.07	0.110216
9.075	0.11224
9.08	0.11422
9.085	0.116156
9.09	0.118047
9.095	0.119894
9.1	0.121696
9.105	0.123452
9.11	0.125163
9.115	0.126829
9.12	0.128448
9.125	0.130021
9.13	0.131548
9.135	0.133029
9.14	0.134464
9.145	0.135852
9.15	0.137194
9.155	0.138489
9.16	0.139736
9.165	0.140937
9.17	0.142091
9.175	0.143197
9.18	0.144257
9.185	0.145269
9.19	0.146235
9.195	0.147153
9.2	0.148024
9.205	0.148848
9.21	0.149625
9.215	0.150355
9.22	0.151039
9.225	0.151676
9.23	0.152267
9.235	0.152811
9.24	0.153309
9.245	0.15376
9.25	0.154165
9.255	0.154524
9.26	0.154837
9.265	0.155104
9.27	0.155327
9.275	0.155504
9.28	0.155636
9.285	0.155724
9.29	0.155767
9.295	0.155766
9.3	0.155721
9.305	0.155632
9.31	0.1555
9.315	0.155324
9.32	0.155106
9.325	0.154846
9.33	0.154543
9.335	0.154199
9.34	0.153813
9.345	0.153387
9.35	0.152919
9.355	0.152411
9.36	0.151863
9.365	0.151276
9.37	0.150649
9.375	0.149984
9.38	0.14928
9.385	0.148539
9.39	0.147759
9.395	0.146943
9.4	0.14609
9.405	0.145201
9.41	0.144276
9.415	0.143316
9.42	0.142322
9.425	0.141294
9.43	0.140233
9.435	0.139138
9.44	0.13801
9.445	0.13685
9.45	0.135658
9.455	0.134435
9.46	0.133182
9.465	0.131898
9.47	0.130585
9.475	0.129243
9.48	0.127872
9.485	0.126474
9.49	0.125048
9.495	0.123596
9.5	0.122117
9.505	0.120613
9.51	0.119084
9.515	0.117531
9.52	0.115955
9.525	0.114355
9.53	0.112732
9.535	0.111087
9.54	0.10942
9.545	0.107733
9.55	0.106025
9.555	0.104297
9.56	0.102551
9.565	0.100786
9.57	0.0990033
9.575	0.0972033
9.58	0.0953865
9.585	0.0935537
9.59	0.0917055
9.595	0.0898427
9.6	0.0879661
9.605	0.0860761
9.61	0.0841734
9.615	0.0822583
9.62	0.0803312
9.625	0.0783928
9.63	0.0764437
9.635	0.0744846
9.64	0.0725162
9.645	0.0705392
9.65	0.0685542
9.655	0.0665618
9.66	0.0645624
9.665	0.0625567
9.67	0.0605455
9.675	0.0585293
9.68	0.056509
9.685	0.0544851
9.69	0.0524582
9.695	0.0504288
9.7	0.0483971
9.705	0.0463638
9.71	0.0443293
9.715	0.0422941
9.72	0.0402591
9.725	0.0382248
9.73	0.0361919
9.735	0.034161
9.74	0.0321328
9.745	0.0301077
9.75	0.0280861
9.755	0.0260688
9.76	0.0240562
9.765	0.0220491
9.77	0.020048
9.775	0.0180535
9.78	0.016066
9.785	0.0140857
9.79	0.0121131
9.795	0.0101483
9.8	0.00819204
9.805	0.00624483
9.81	0.00430739
9.815	0.0023804
9.82	0.000464465
9.825	-0.00143995
9.83	-0.00333243
9.835	-0.00521258
9.84	-0.00708002
9.845	-0.0089343
9.85	-0.010775
9.855	-0.0126016
9.86	-0.0144137
9.865	-0.0162109
9.87	-0.0179928
9.875	-0.0197592
9.88	-0.0215098
9.885	-0.0232442
9.89	-0.0249621
9.895	-0.0266629
9.9	-0.0283463
9.905	-0.0300114
9.91	-0.031658
9.915	-0.0332856
9.92	-0.0348938
9.925	-0.0364825
9.93	-0.0380514
9.935	-0.0396003
9.94	-0.0411289
9.945	-0.042637
9.95	-0.0441243
9.955	-0.0455907
9.96	-0.0470356
9.965	-0.0484589
9.97	-0.0498601
9.975	-0.0512391
9.98	-0.0525956
9.985	-0.0539295
9.99	-0.0552403
9.995	-0.0565279
10	-0.0577918
10.005	-0.0590317
10.01	-0.0602474
10.015	-0.0614387
10.02	-0.0626057
10.025	-0.0637482
10.03	-0.0648663
10.035	-0.0659598
10.04	-0.0670285
10.045	-0.0680722
10.05	-0.0690909
10.055	-0.0700843
10.06	-0.0710523
10.065	-0.0719946
10.07	-0.0729113
10.075	-0.0738021
10.08	-0.0746669
10.085	-0.0755056
10.09	-0.0763181
10.095	-0.0771042
10.1	-0.0778637
10.105	-0.0785968
10.11	-0.0793034
10.115	-0.0799838
10.12	-0.080638
10.125	-0.0812661
10.13	-0.0818681
10.135	-0.0824439
10.14	-0.0829933
10.145	-0.0835163
10.15	-0.0840129
10.155	-0.084483
10.16	-0.0849267
10.165	-0.085344
10.17	-0.0857349
10.175	-0.0860993
10.18	-0.0864372
10.185	-0.0867487
10.19	-0.087034
10.195	-0.0872931
10.2	-0.0875266
10.205	-0.0877345
10.21	-0.0879172
10.215	-0.0880746
10.22	-0.0882068
10.225	-0.0883136
10.23	-0.088395
10.235	-0.0884511
10.24	-0.0884821
10.245	-0.0884881
10.25	-0.0884693
10.255	-0.088426
10.26	-0.0883582
10.265	-0.088266
10.27	-0.0881496
10.275	-0.0880091
10.28	-0.0878449
10.285	-0.0876572
10.29	-0.0874464
10.295	-0.0872128
10.3	-0.0869567
10.305	-0.0866782
10.31	-0.0863772
10.315	-0.0860538
10.32	-0.0857081
10.325	-0.0853404
10.33	-0.084951
10.335	-0.0845402
10.34	-0.0841085
10.345	-0.0836559
10.35	-0.0831827
10.355	-0.0826891
10.36	-0.0821752
10.365	-0.0816413
10.37	-0.0810879
10.375	-0.0805152
10.38	-0.0799237
10.385	-0.0793137
10.39	-0.0786856
10.395	-0.0780396
10.4	-0.0773757
10.405	-0.0766942
10.41	-0.0759951
10.415	-0.0752789
10.42	-0.074546
10.425	-0.0737966
10.43	-0.0730313
10.435	-0.0722503
10.44	-0.0714538
10.445	-0.0706421
10.45	-0.0698154
10.455	-0.0689741
10.46	-0.0681186
10.465	-0.0672496
10.47	-0.0663672
10.475	-0.0654719
10.48	-0.064564
10.485	-0.0636435
10.49	-0.0627109
10.495	-0.0617662
10.5	-0.06081
10.505	-0.0598423
10.51	-0.0588637
10.515	-0.0578746
10.52	-0.0568753
10.525	-0.0558663
10.53	-0.0548478
10.535	-0.0538201
10.54	-0.0527837
10.545	-0.0517387
10.55	-0.0506856
10.555	-0.0496249
10.56	-0.0485569
10.565	-0.0474819
10.57	-0.0464002
10.575	-0.0453122
10.58	-0.044218
10.585	-0.043118
10.59	-0.0420126
10.595	-0.0409021
10.6	-0.0397869
10.605	-0.0386673
10.61	-0.0375436
10.615	-0.0364164
10.62	-0.0352858
10.625	-0.0341522
10.63	-0.033016
10.635	-0.0318774
10.64	-0.0307368
10.645	-0.0295946
10.65	-0.0284511
10.655	-0.0273066
10.66	-0.0261615
10.665	-0.0250162
10.67	-0.0238708
10.675	-0.0227256
10.68	-0.0215811
10.685	-0.0204373
10.69	-0.0192947
10.695	-0.0181536
10.7	-0.0170143
10.705	-0.0158772
10.71	-0.0147426
10.715	-0.0136109
10.72	-0.0124823
10.725	-0.011357
10.73	-0.0102354
10.735	-0.00911761
10.74	-0.00800413
10.745	-0.00689527
10.75	-0.00579135
10.755	-0.00469263
10.76	-0.00359931
10.765	-0.00251157
10.77	-0.0014296
10.775	-0.000353658
10.78	0.000715974
10.785	0.00177894
10.79	0.00283488
10.795	0.00388345
10.8	0.00492438
10.805	0.0059575
10.81	0.00698267
10.815	0.00799978
10.82	0.00900863
10.825	0.0100089
10.83	0.0110004
10.835	0.0119825
10.84	0.0129552
10.845	0.013918
10.85	0.014871
10.855	0.0158142
10.86	0.0167473
10.865	0.0176703
10.87	0.0185829
10.875	0.0194847
10.88	0.0203756
10.885	0.0212551
10.89	0.0221232
10.895	0.0229797
10.9	0.0238245
10.905	0.0246577
10.91	0.0254789
10.915	0.0262881
10.92	0.027085
10.925	0.0278693
10.93	0.0286408
10.935	0.0293995
10.94	0.0301452
10.945	0.030878
10.95	0.031598
10.955	0.0323049
10.96	0.0329986
10.965	0.0336789
10.97	0.0343455
10.975	0.0349982
10.98	0.0356369
10.985	0.0362616
10.99	0.0368723
10.995	0.037469
11	0.0380517
11.005	0.0386202
11.01	0.0391744
11.015	0.0397141
11.02	0.0402394
11.025	0.0407502
11.03	0.0412464
11.035	0.0417282
11.04	0.0421955
11.045	0.0426482
11.05	0.0430861
11.055	0.0435092
11.06	0.0439173
11.065	0.0443105
11.07	0.0446888
11.075	0.0450521
11.08	0.0454007
11.085	0.0457345
11.09	0.0460536
11.095	0.0463578
11.1	0.046647
11.105	0.0469214
11.11	0.0471809
11.115	0.0474255
11.12	0.0476555
11.125	0.0478707
11.13	0.0480713
11.135	0.0482571
11.14	0.0484282
11.145	0.0485845
11.15	0.0487261
11.155	0.048853
11.16	0.0489654
11.165	0.0490634
11.17	0.049147
11.175	0.0492164
11.18	0.0492717
11.185	0.0493127
11.19	0.0493397
11.195	0.0493527
11.2	0.0493516
11.205	0.0493368
11.21	0.0493081
11.215	0.0492659
11.22	0.0492101
11.225	0.0491408
11.23	0.049058
11.235	0.0489619
11.24	0.0488524
11.245	0.0487298
11.25	0.0485941
11.255	0.0484455
11.26	0.0482842
11.265	0.0481105
11.27	0.0479244
11.275	0.0477261
11.28	0.0475158
11.285	0.0472935
11.29	0.0470593
11.295	0.0468131
11.3	0.0465552
11.305	0.0462856
11.31	0.0460046
11.315	0.0457123
11.32	0.0454089
11.325	0.0450945
11.33	0.0447693
11.335	0.0444334
11.34	0.0440869
11.345	0.04373
11.35	0.0433631
11.355	0.0429864
11.36	0.0426002
11.365	0.0422046
11.37	0.0417997
11.375	0.0413856
11.38	0.0409622
11.385	0.0405296
11.39	0.040088
11.395	0.0396376
11.4	0.0391787
11.405	0.0387115
11.41	0.0382363
11.415	0.0377533
11.42	0.0372626
11.425	0.0367643
11.43	0.0362586
11.435	0.0357458
11.44	0.0352262
11.445	0.0347
11.45	0.0341675
11.455	0.0336288
11.46	0.0330841
11.465	0.0325333
11.47	0.0319765
11.475	0.0314138
11.48	0.0308453
11.485	0.0302713
11.49	0.0296922
11.495	0.0291084
11.5	0.02852
11.505	0.0279273
11.51	0.0273304
11.515	0.0267293
11.52	0.0261243
11.525	0.0255156
11.53	0.0249035
11.535	0.0242884
11.54	0.0236703
11.545	0.0230495
11.55	0.022426
11.555	0.0217998
11.56	0.021171
11.565	0.0205398
11.57	0.0199063
11.575	0.0192708
11.58	0.0186338
11.585	0.0179954
11.59	0.017356
11.595	0.0167156
11.6	0.0160745
11.605	0.0154327
11.61	0.0147904
11.615	0.014148
11.62	0.0135055
11.625	0.0128634
11.63	0.0122216
11.635	0.0115803
11.64	0.0109395
11.645	0.0102993
11.65	0.00965978
11.655	0.00902115
11.66	0.00838363
11.665	0.0077475
11.67	0.00711301
11.675	0.00648042
11.68	0.00584994
11.685	0.00522173
11.69	0.00459595
11.695	0.00397272
11.7	0.00335219
11.705	0.00273452
11.71	0.00211989
11.715	0.00150845
11.72	0.000900303
11.725	0.000295504
11.73	-0.000305905
11.735	-0.000903857
11.74	-0.00149823
11.745	-0.00208883
11.75	-0.00267542
11.755	-0.00325776
11.76	-0.0038356
11.765	-0.00440876
11.77	-0.00497707
11.775	-0.0055404
11.78	-0.00609865
11.785	-0.00665177
11.79	-0.00719968
11.795	-0.0077423
11.8	-0.00827951
11.805	-0.00881121
11.81	-0.00933728
11.815	-0.00985765
11.82	-0.0103723
11.825	-0.010881
11.83	-0.0113839
11.835	-0.0118807
11.84	-0.0123713
11.845	-0.0128555
11.85	-0.013333
11.855	-0.0138038
11.86	-0.0142677
11.865	-0.0147247
11.87	-0.0151746
11.875	-0.0156174
11.88	-0.0160533
11.885	-0.0164822
11.89	-0.0169041
11.895	-0.0173189
11.9	-0.0177264
11.905	-0.0181265
11.91	-0.0185192
11.915	-0.0189042
11.92	-0.0192818
11.925	-0.0196519
11.93	-0.0200143
11.935	-0.020369
11.94	-0.0207158
11.945	-0.0210546
11.95	-0.0213853
11.955	-0.0217077
11.96	-0.022022
11.965	-0.0223281
11.97	-0.0226262
11.975	-0.0229164
11.98	-0.0231987
11.985	-0.0234729
11.99	-0.0237391
11.995	-0.0239971
12	-0.0242468
12.005	-0.0244881
12.01	-0.0247211
12.015	-0.0249458
12.02	-0.0251623
12.025	-0.0253705
12.03	-0.0255703
12.035	-0.0257616
12.04	-0.0259442
12.045	-0.0261184
12.05	-0.026284
12.055	-0.0264414
12.06	-0.0265906
12.065	-0.0267316
12.07	-0.0268646
12.075	-0.0269894
12.08	-0.027106
12.085	-0.0272143
12.09	-0.0273143
12.095	-0.0274059
12.1	-0.0274892
12.105	-0.0275643
12.11	-0.0276314
12.115	-0.0276903
12.12	-0.0277411
12.125	-0.0277837
12.13	-0.027818
12.135	-0.0278442
12.14	-0.0278625
12.145	-0.0278729
12.15	-0.0278758
12.155	-0.0278711
12.16	-0.0278587
12.165	-0.0278388
12.17	-0.027811
12.175	-0.0277755
12.18	-0.0277324
12.185	-0.0276817
12.19	-0.0276237
12.195	-0.0275583
12.2	-0.0274857
12.205	-0.0274058
12.21	-0.0273187
12.215	-0.0272242
12.22	-0.0271226
12.225	-0.0270139
12.23	-0.0268983
12.235	-0.026776
12.24	-0.0266471
12.245	-0.0265118
12.25	-0.02637
12.255	-0.0262217
12.26	-0.026067
12.265	-0.0259058
12.27	-0.0257382
12.275	-0.0255644
12.28	-0.0253845
12.285	-0.0251985
12.29	-0.0250067
12.295	-0.024809
12.3	-0.0246055
12.305	-0.0243962
12.31	-0.0241813
12.315	-0.0239608
12.32	-0.023735
12.325	-0.023504
12.33	-0.023268
12.335	-0.0230272
12.34	-0.0227814
12.345	-0.0225308
12.35	-0.0222753
12.355	-0.0220151
12.36	-0.0217502
12.365	-0.0214807
12.37	-0.0212067
12.375	-0.0209284
12.38	-0.020646
12.385	-0.0203594
12.39	-0.0200689
12.395	-0.0197746
12.4	-0.0194765
12.405	-0.0191747
12.41	-0.0188694
12.415	-0.0185607
12.42	-0.0182487
12.425	-0.0179336
12.43	-0.0176155
12.435	-0.0172944
12.44	-0.0169704
12.445	-0.0166436
12.45	-0.0163139
12.455	-0.0159816
12.46	-0.0156468
12.465	-0.0153095
12.47	-0.01497
12.475	-0.0146284
12.48	-0.0142848
12.485	-0.0139393
12.49	-0.013592
12.495	-0.0132429
12.5	-0.0128922
12.505	-0.01254
12.51	-0.0121864
12.515	-0.0118316
12.52	-0.0114758
12.525	-0.0111191
12.53	-0.0107615
12.535	-0.010403
12.54	-0.0100435
12.545	-0.0096832
12.55	-0.00932223
12.555	-0.00896078
12.56	-0.00859904
12.565	-0.00823716
12.57	-0.00787524
12.575	-0.00751335
12.58	-0.00715154
12.585	-0.00678986
12.59	-0.00642841
12.595	-0.00606731
12.6	-0.00570672
12.605	-0.00534679
12.61	-0.00498767
12.615	-0.00462943
12.62	-0.0042721
12.625	-0.00391565
12.63	-0.00356009
12.635	-0.00320546
12.64	-0.0028519
12.645	-0.00249961
12.65	-0.00214879
12.655	-0.00179962
12.66	-0.00145219
12.665	-0.00110653
12.67	-0.000762654
12.675	-0.000420582
12.68	-8.03944e-05
12.685	0.000257785
12.69	0.000593815
12.695	0.000927575
12.7	0.00125899
12.705	0.00158802
12.71	0.00191466
12.715	0.00223893
12.72	0.00256078
12.725	0.00288012
12.73	0.00319682
12.735	0.00351071
12.74	0.00382163
12.745	0.00412946
12.75	0.00443417
12.755	0.00473575
12.76	0.00503422
12.765	0.00532955
12.77	0.00562166
12.775	0.00591044
12.78	0.00619578
12.785	0.00647761
12.79	0.00675591
12.795	0.00703069
12.8	0.00730196
12.805	0.0075697
12.81	0.00783383
12.815	0.00809424
12.82	0.00835081
12.825	0.00860342
12.83	0.008852
12.835	0.0090965
12.84	0.00933689
12.845	0.0095732
12.85	0.00980545
12.855	0.0100336
12.86	0.0102577
12.865	0.0104776
12.87	0.0106933
12.875	0.0109047
12.88	0.0111117
12.885	0.0113143
12.89	0.0115127
12.895	0.0117067
12.9	0.0118964
12.905	0.0120818
12.91	0.0122626
12.915	0.0124388
12.92	0.0126104
12.925	0.0127774
12.93	0.0129396
12.935	0.0130973
12.94	0.0132503
12.945	0.0133988
12.95	0.0135427
12.955	0.013682
12.96	0.0138168
12.965	0.013947
12.97	0.0140725
12.975	0.0141933
12.98	0.0143095
12.985	0.014421
12.99	0.0145279
12.995	0.0146301
13	0.0147275
13.005	0.0148203
13.01	0.0149082
13.015	0.0149914
13.02	0.0150697
13.025	0.0151433
13.03	0.0152122
13.035	0.0152765
13.04	0.0153363
13.045	0.0153917
13.05	0.0154426
13.055	0.0154891
13.06	0.0155311
13.065	0.0155684
13.07	0.0156011
13.075	0.0156291
13.08	0.0156525
13.085	0.0156713
13.09	0.0156856
13.095	0.0156955
13.1	0.0157008
13.105	0.0157017
13.11	0.0156982
13.115	0.0156903
13.12	0.0156782
13.125	0.0156619
13.13	0.0156416
13.135	0.0156172
13.14	0.0155887
13.145	0.0155562
13.15	0.0155195
13.155	0.0154785
13.16	0.0154334
13.165	0.015384
13.17	0.0153306
13.175	0.0152732
13.18	0.015212
13.185	0.0151469
13.19	0.015078
13.195	0.0150053
13.2	0.0149288
13.205	0.0148488
13.21	0.0147651
13.215	0.0146781
13.22	0.0145876
13.225	0.0144937
13.23	0.0143965
13.235	0.0142959
13.24	0.0141918
13.245	0.0140843
13.25	0.0139733
13.255	0.013859
13.26	0.0137415
13.265	0.0136209
13.27	0.0134973
13.275	0.0133708
13.28	0.0132413
13.285	0.0131088
13.29	0.0129735
13.295	0.0128355
13.3	0.0126948
13.305	0.0125518
13.31	0.0124064
13.315	0.0122585
13.32	0.0121082
13.325	0.0119553
13.33	0.0117999
13.335	0.0116419
13.34	0.0114816
13.345	0.0113189
13.35	0.0111539
13.355	0.0109869
13.36	0.0108179
13.365	0.0106471
13.37	0.0104744
13.375	0.0102999
13.38	0.0101237
13.385	0.0099458
13.39	0.00976643
13.395	0.00958564
13.4	0.00940346
13.405	0.00921986
13.41	0.00903477
13.415	0.00884812
13.42	0.00865991
13.425	0.00847021
13.43	0.00827918
13.435	0.00808699
13.44	0.00789378
13.445	0.00769967
13.45	0.00750473
13.455	0.00730903
13.46	0.00711262
13.465	0.00691556
13.47	0.00671789
13.475	0.00651966
13.48	0.0063209
13.485	0.00612168
13.49	0.00592204
13.495	0.00572199
13.5	0.00552153
13.505	0.00532062
13.51	0.00511929
13.515	0.0049176
13.52	0.00471568
13.525	0.0045137
13.53	0.00431182
13.535	0.00411016
13.54	0.00390877
13.545	0.00370767
13.55	0.0035069
13.555	0.00330649
13.56	0.00310646
13.565	0.00290687
13.57	0.00270774
13.575	0.00250911
13.58	0.00231101
13.585	0.00211347
13.59	0.00191653
13.595	0.0017202
13.6	0.00152452
13.605	0.00132951
13.61	0.00113525
13.615	0.000941868
13.62	0.000749506
13.625	0.000558302
13.63	0.000368354
13.635	0.000179703
13.64	-7.65777e-06
13.645	-0.000193761
13.65	-0.000378633
13.655	-0.000562274
13.66	-0.000744654
13.665	-0.000925714
13.67	-0.00110539
13.675	-0.00128364
13.68	-0.00146042
13.685	-0.00163572
13.69	-0.00180955
13.695	-0.00198187
13.7	-0.0021526
13.705	-0.00232164
13.71	-0.00248884
13.715	-0.0026541
13.72	-0.00281735
13.725	-0.00297859
13.73	-0.00313786
13.735	-0.00329522
13.74	-0.00345069
13.745	-0.00360427
13.75	-0.00375594
13.755	-0.00390563
13.76	-0.00405329
13.765	-0.00419886
13.77	-0.00434232
13.775	-0.00448366
13.78	-0.00462289
13.785	-0.00475999
13.79	-0.00489492
13.795	-0.0050276
13.8	-0.0051579
13.805	-0.00528571
13.81	-0.00541098
13.815	-0.00553374
13.82	-0.00565408
13.825	-0.00577209
13.83	-0.00588783
13.835	-0.00600128
13.84	-0.00611238
13.845	-0.00622105
13.85	-0.00632722
13.855	-0.00643088
13.86	-0.00653203
13.865	-0.00663072
13.87	-0.00672696
13.875	-0.00682074
13.88	-0.006912
13.885	-0.00700066
13.89	-0.00708662
13.895	-0.0071698
13.9	-0.00725018
13.905	-0.00732783
13.91	-0.00740286
13.915	-0.0074754
13.92	-0.00754552
13.925	-0.00761322
13.93	-0.0076784
13.935	-0.00774095
13.94	-0.00780079
13.945	-0.00785792
13.95	-0.00791239
13.955	-0.00796427
13.96	-0.00801359
13.965	-0.00806035
13.97	-0.0081045
13.975	-0.00814596
13.98	-0.00818471
13.985	-0.00822071
13.99	-0.008254
13.995	-0.00828463
14	-0.00831267
14.005	-0.0083382
14.01	-0.00836129
14.015	-0.00838197
14.02	-0.00840018
14.025	-0.00841585
14.03	-0.00842893
14.035	-0.00843937
14.04	-0.00844723
14.045	-0.0084526
14.05	-0.00845555
14.055	-0.00845611
14.06	-0.00845426
14.065	-0.00844992
14.07	-0.00844304
14.075	-0.00843363
14.08	-0.00842172
14.085	-0.00840739
14.09	-0.00839073
14.095	-0.0083718
14.1	-0.00835063
14.105	-0.00832724
14.11	-0.00830164
14.115	-0.00827382
14.12	-0.00824376
14.125	-0.00821146
14.13	-0.00817695
14.135	-0.00814025
14.14	-0.0081014
14.145	-0.00806043
14.15	-0.00801735
14.155	-0.00797214
14.16	-0.0079248
14.165	-0.00787532
14.17	-0.00782376
14.175	-0.00777021
14.18	-0.00771474
14.185	-0.00765745
14.19	-0.00759839
14.195	-0.00753757
14.2	-0.007475
14.205	-0.00741064
14.21	-0.0073445
14.215	-0.00727656
14.22	-0.00720684
14.225	-0.00713535
14.23	-0.00706215
14.235	-0.00698729
14.24	-0.00691082
14.245	-0.00683276
14.25	-0.00675314
14.255	-0.00667197
14.26	-0.00658929
14.265	-0.00650515
14.27	-0.00641964
14.275	-0.00633283
14.28	-0.00624479
14.285	-0.00615556
14.29	-0.00606513
14.295	-0.00597346
14.3	-0.00588052
14.305	-0.00578629
14.31	-0.00569079
14.315	-0.00559409
14.32	-0.00549627
14.325	-0.00539741
14.33	-0.00529757
14.335	-0.00519678
14.34	-0.00509504
14.345	-0.00499238
14.35	-0.00488881
14.355	-0.00478439
14.36	-0.00467917
14.365	-0.00457324
14.37	-0.00446666
14.375	-0.00435947
14.38	-0.00425169
14.385	-0.00414328
14.39	-0.00403422
14.395	-0.00392448
14.4	-0.00381406
14.405	-0.00370302
14.41	-0.00359145
14.415	-0.00347946
14.42	-0.00336715
14.425	-0.00325456
14.43	-0.00314167
14.435	-0.00302846
14.44	-0.00291493
14.445	-0.00280111
14.45	-0.0026871
14.455	-0.00257302
14.46	-0.00245895
14.465	-0.00234492
14.47	-0.00223087
14.475	-0.00211675
14.48	-0.00200248
14.485	-0.00188808
14.49	-0.00177358
14.495	-0.00165908
14.5	-0.0015447
14.505	-0.0014305
14.51	-0.00131657
14.515	-0.00120292
14.52	-0.00108958
14.525	-0.000976532
14.53	-0.00086379
14.535	-0.000751377
14.54	-0.000639347
14.545	-0.00052777
14.55	-0.000416708
14.555	-0.000306178
14.56	-0.000196147
14.565	-8.65432e-05
14.57	2.26969e-05
14.575	0.000131582
14.58	0.000240045
14.585	0.000347963
14.59	0.000455197
14.595	0.000561642
14.6	0.000667249
14.605	0.000772017
14.61	0.000875969
14.615	0.000979124
14.62	0.00108149
14.625	0.00118304
14.63	0.00128377
14.635	0.00138364
14.64	0.00148264
14.645	0.00158075
14.65	0.00167797
14.655	0.00177432
14.66	0.00186981
14.665	0.00196443
14.67	0.00205813
14.675	0.00215081
14.68	0.00224236
14.685	0.00233269
14.69	0.00242176
14.695	0.0025096
14.7	0.00259626
14.705	0.00268179
14.71	0.00276621
14.715	0.0028495
14.72	0.00293164
14.725	0.00301261
14.73	0.0030924
14.735	0.00317101
14.74	0.00324844
14.745	0.00332465
14.75	0.00339962
14.755	0.00347329
14.76	0.00354566
14.765	0.00361669
14.77	0.00368635
14.775	0.00375458
14.78	0.00382134
14.785	0.00388661
14.79	0.00395044
14.795	0.00401289
14.8	0.00407401
14.805	0.00413384
14.81	0.00419237
14.815	0.00424954
14.82	0.00430534
14.825	0.00435971
14.83	0.00441268
14.835	0.00446422
14.84	0.00451435
14.845	0.00456303
14.85	0.00461025
14.855	0.00465596
14.86	0.00470013
14.865	0.00474272
14.87	0.00478371
14.875	0.00482311
14.88	0.00486097
14.885	0.00489736
14.89	0.00493238
14.895	0.00496609
14.9	0.00499849
14.905	0.00502954
14.91	0.00505916
14.915	0.00508728
14.92	0.00511389
14.925	0.00513897
14.93	0.00516254
14.935	0.00518461
14.94	0.00520517
14.945	0.00522421
14.95	0.0052417
14.955	0.00525763
14.96	0.005272
14.965	0.00528485
14.97	0.00529625
14.975	0.00530628
14.98	0.00531503
14.985	0.00532258
14.99	0.00532892
14.995	0.00533399
15	0.00533767
15.005	0.00533986
15.01	0.00534049
15.015	0.00533958
15.02	0.0053372
15.025	0.00533342
15.03	0.00532828
15.035	0.0053218
15.04	0.00531394
15.045	0.00530471
15.05	0.00529411
15.055	0.0052822
15.06	0.00526905
15.065	0.00525473
15.07	0.0052393
15.075	0.00522279
15.08	0.00520517
15.085	0.00518637
15.09	0.00516632
15.095	0.00514492
15.1	0.00512216
15.105	0.00509807
15.11	0.00507274
15.115	0.00504625
15.12	0.00501864
15.125	0.00498994
15.13	0.00496012
15.135	0.00492917
15.14	0.00489712
15.145	0.00486403
15.15	0.00482998
15.155	0.00479502
15.16	0.00475918
15.165	0.00472247
15.17	0.00468486
15.175	0.0046463
15.18	0.00460673
15.185	0.00456612
15.19	0.00452444
15.195	0.0044817
15.2	0.00443798
15.205	0.00439338
15.21	0.00434798
15.215	0.00430182
15.22	0.00425488
15.225	0.00420715
15.23	0.00415864
15.235	0.00410939
15.24	0.00405951
15.245	0.00400904
15.25	0.00395803
15.255	0.00390645
15.26	0.00385422
15.265	0.0038013
15.27	0.00374763
15.275	0.00369322
15.28	0.00363809
15.285	0.00358227
15.29	0.00352583
15.295	0.00346884
15.3	0.0034114
15.305	0.00335354
15.31	0.0032953
15.315	0.00323668
15.32	0.00317767
15.325	0.00311828
15.33	0.00305854
15.335	0.00299851
15.34	0.0029382
15.345	0.0028776
15.35	0.00281667
15.355	0.00275538
15.36	0.00269371
15.365	0.00263164
15.37	0.00256923
15.375	0.0025065
15.38	0.00244352
15.385	0.00238035
15.39	0.00231708
15.395	0.00225377
15.4	0.00219044
15.405	0.0021271
15.41	0.00206373
15.415	0.00200028
15.42	0.00193678
15.425	0.00187325
15.43	0.00180975
15.435	0.00174628
15.44	0.00168284
15.445	0.00161938
15.45	0.00155587
15.455	0.00149231
15.46	0.00142873
15.465	0.00136518
15.47	0.00130174
15.475	0.00123847
15.48	0.00117543
15.485	0.00111266
15.49	0.00105019
15.495	0.000988032
15.5	0.000926148
15.505	0.000864507
15.51	0.00080309
15.515	0.000741911
15.52	0.00068101
15.525	0.00062043
15.53	0.000560186
15.535	0.000500259
15.54	0.000440606
15.545	0.000381198
15.55	0.000322045
15.555	0.000263201
15.56	0.000204745
15.565	0.000146759
15.57	8.93065e-05
15.575	3.24264e-05
15.58	-2.38708e-05
15.585	-7.96018e-05
15.59	-0.000134806
15.595	-0.000189532
15.6	-0.00024381
15.605	-0.000297637
15.61	-0.00035097
15.615	-0.000403747
15.62	-0.000455932
15.625	-0.000507532
15.63	-0.000558598
15.635	-0.000609185
15.64	-0.000659304
15.645	-0.000708904
15.65	-0.000757886
15.655	-0.000806146
15.66	-0.000853618
15.665	-0.000900293
15.67	-0.000946205
15.675	-0.0009914
15.68	-0.00103592
15.685	-0.00107978
15.69	-0.00112299
15.695	-0.00116555
15.7	-0.00120744
15.705	-0.00124864
15.71	-0.00128912
15.715	-0.00132888
15.72	-0.00136794
15.725	-0.0014063
15.73	-0.001444
15.735	-0.001481
15.74	-0.00151723
15.745	-0.00155261
15.75	-0.00158707
15.755	-0.00162059
15.76	-0.00165324
15.765	-0.00168507
15.77	-0.00171616
15.775	-0.00174651
15.78	-0.00177612
15.785	-0.00180496
15.79	-0.00183301
15.795	-0.00186027
15.8	-0.00188673
15.805	-0.00191241
15.81	-0.00193731
15.815	-0.00196144
15.82	-0.00198478
15.825	-0.00200733
15.83	-0.00202902
15.835	-0.0020498
15.84	-0.00206962
15.845	-0.00208847
15.85	-0.00210641
15.855	-0.0021235
15.86	-0.00213983
15.865	-0.00215543
15.87	-0.00217027
15.875	-0.00218434
15.88	-0.00219758
15.885	-0.00221001
15.89	-0.00222164
15.895	-0.00223249
15.9	-0.00224257
15.905	-0.00225186
15.91	-0.00226032
15.915	-0.00226794
15.92	-0.00227469
15.925	-0.00228056
15.93	-0.00228553
15.935	-0.00228961
15.94	-0.00229282
15.945	-0.00229521
15.95	-0.00229685
15.955	-0.00229781
15.96	-0.00229812
15.965	-0.00229775
15.97	-0.00229667
15.975	-0.00229484
15.98	-0.00229222
15.985	-0.00228883
15.99	-0.00228466
15.995	-0.00227973
16	-0.00227403
16.005	-0.00226756
16.01	-0.00226032
16.015	-0.0022523
16.02	-0.00224351
16.025	-0.00223397
16.03	-0.00222369
16.035	-0.00221273
16.04	-0.00220114
16.045	-0.00218897
16.05	-0.00217625
16.055	-0.00216295
16.06	-0.00214905
16.065	-0.00213449
16.07	-0.00211924
16.075	-0.00210329
16.08	-0.00208667
16.085	-0.00206939
16.09	-0.00205148
16.095	-0.00203294
16.1	-0.00201378
16.105	-0.00199403
16.11	-0.00197368
16.115	-0.00195276
16.12	-0.00193128
16.125	-0.00190926
16.13	-0.00188674
16.135	-0.00186377
16.14	-0.00184041
16.145	-0.00181664
16.15	-0.00179243
16.155	-0.00176772
16.16	-0.00174244
16.165	-0.00171658
16.17	-0.00169018
16.175	-0.00166328
16.18	-0.00163594
16.185	-0.00160818
16.19	-0.00158001
16.195	-0.00155141
16.2	-0.0015224
16.205	-0.00149299
16.21	-0.00146322
16.215	-0.00143313
16.22	-0.00140276
16.225	-0.00137216
16.23	-0.00134133
16.235	-0.00131026
16.24	-0.00127889
16.245	-0.00124715
16.25	-0.00121498
16.255	-0.00118236
16.26	-0.00114936
16.265	-0.00111606
16.27	-0.00108254
16.275	-0.00104885
16.28	-0.00101499
16.285	-0.000980942
16.29	-0.000946691
16.295	-0.000912264
16.3	-0.000877703
16.305	-0.000843041
16.31	-0.000808293
16.315	-0.000773446
16.32	-0.00073848
16.325	-0.000703373
16.33	-0.000668104
16.335	-0.000632648
16.34	-0.000596982
16.345	-0.000561102
16.35	-0.000525047
16.355	-0.000488896
16.36	-0.000452746
16.365	-0.000416668
16.37	-0.000380677
16.375	-0.000344736
16.38	-0.000308791
16.385	-0.000272818
16.39	-0.000236837
16.395	-0.000200901
16.4	-0.000165053
16.405	-0.000129298
16.41	-9.35963e-05
16.415	-5.7897e-05
16.42	-2.21639e-05
16.425	1.36045e-05
16.43	4.93801e-05
16.435	8.51197e-05
16.44	0.000120777
16.445	0.000156303
16.45	0.00019165
16.455	0.000226779
16.46	0.000261669
16.465	0.000296332
16.47	0.0003308
16.475	0.000365106
16.48	0.000399258
16.485	0.000433237
16.49	0.00046701
16.495	0.000500562
16.5	0.00053391
16.505	0.000567094
16.51	0.000600155
16.515	0.000633102
16.52	0.000665904
16.525	0.000698504
16.53	0.000730836
16.535	0.000762844
16.54	0.000794489
16.545	0.000825749
16.55	0.000856614
16.555	0.000887098
16.56	0.000917235
16.565	0.000947074
16.57	0.000976657
16.575	0.001006
16.58	0.00103509
16.585	0.0010639
16.59	0.00109239
16.595	0.00112056
16.6	0.00114843
16.605	0.00117602
16.61	0.00120331
16.615	0.00123027
16.62	0.00125682
16.625	0.0012829
16.63	0.00130848
16.635	0.00133355
16.64	0.00135813
16.645	0.00138226
16.65	0.001406
16.655	0.00142938
16.66	0.00145244
16.665	0.00147519
16.67	0.00149762
16.675	0.00151971
16.68	0.00154141
16.685	0.00156269
16.69	0.00158353
16.695	0.00160392
16.7	0.00162388
16.705	0.0016434
16.71	0.00166245
16.715	0.00168099
16.72	0.00169899
16.725	0.00171644
16.73	0.00173335
16.735	0.00174976
16.74	0.00176574
16.745	0.00178135
16.75	0.00179661
16.755	0.00181155
16.76	0.00182613
16.765	0.0018403
16.77	0.00185401
16.775	0.00186723
16.78	0.00187994
16.785	0.00189214
16.79	0.00190387
16.795	0.00191511
16.8	0.00192586
16.805	0.00193608
16.81	0.00194573
16.815	0.00195481
16.82	0.00196335
16.825	0.00197143
16.83	0.00197912
16.835	0.00198649
16.84	0.00199353
16.845	0.00200024
16.85	0.00200655
16.855	0.00201242
16.86	0.00201778
16.865	0.00202263
16.87	0.00202695
16.875	0.00203076
16.88	0.00203408
16.885	0.00203691
16.89	0.00203927
16.895	0.00204115
16.9	0.00204253
16.905	0.00204341
16.91	0.00204382
16.915	0.0020438
16.92	0.00204342
16.925	0.00204275
16.93	0.00204179
16.935	0.00204053
16.94	0.00203891
16.945	0.00203683
16.95	0.00203426
16.955	0.00203117
16.96	0.00202757
16.965	0.00202351
16.97	0.00201902
16.975	0.00201413
16.98	0.00200883
16.985	0.00200312
16.99	0.001997
16.995	0.00199047
17	0.00198354
17.005	0.00197626
17.01	0.00196869
17.015	0.00196087
17.02	0.00195282
17.025	0.00194452
17.03	0.0019359
17.035	0.00192689
17.04	0.00191744
17.045	0.00190754
17.05	0.0018972
17.055	0.00188648
17.06	0.0018754
17.065	0.00186399
17.07	0.00185226
17.075	0.0018402
17.08	0.00182785
17.085	0.00181522
17.09	0.00180234
17.095	0.00178923
17.1	0.00177592
17.105	0.00176241
17.11	0.00174872
17.115	0.00173481
17.12	0.00172067
17.125	0.00170623
17.13	0.00169143
17.135	0.00167626
17.14	0.00166073
17.145	0.0016449
17.15	0.00162883
17.155	0.00161257
17.16	0.00159613
17.165	0.00157952
17.17	0.00156273
17.175	0.00154578
17.18	0.00152866
17.185	0.00151142
17.19	0.00149407
17.195	0.00147661
17.2	0.00145902
17.205	0.0014413
17.21	0.00142341
17.215	0.00140531
17.22	0.00138698
17.225	0.0013684
17.23	0.00134959
17.235	0.0013306
17.24	0.00131148
17.245	0.0012923
17.25	0.00127308
17.255	0.00125381
17.26	0.00123449
17.265	0.0012151
17.27	0.00119565
17.275	0.00117616
17.28	0.00115664
17.285	0.00113711
17.29	0.00111755
17.295	0.00109794
17.3	0.00107828
17.305	0.00105852
17.31	0.00103866
17.315	0.00101866
17.32	0.000998544
17.325	0.000978335
17.33	0.000958097
17.335	0.0009379
17.34	0.000917794
17.345	0.000897792
17.35	0.000877871
17.355	0.000857996
17.36	0.000838146
17.365	0.000818325
17.37	0.000798558
17.375	0.000778871
17.38	0.000759268
17.385	0.000739724
17.39	0.0007202
17.395	0.000700656
17.4	0.00068107
17.405	0.000661449
17.41	0.000641823
17.415	0.000622245
17.42	0.000602775
17.425	0.000583467
17.43	0.000564351
17.435	0.000545432
17.44	0.000526686
17.445	0.00050808
17.45	0.00048959
17.455	0.000471213
17.46	0.000452962
17.465	0.000434852
17.47	0.000416883
17.475	0.000399036
17.48	0.000381278
17.485	0.000363582
17.49	0.000345938
17.495	0.000328361
17.5	0.00031089
17.505	0.000293574
17.51	0.000276471
17.515	0.000259629
17.52	0.000243075
17.525	0.000226802
17.53	0.000210775
17.535	0.000194942
17.54	0.000179261
17.545	0.00016372
17.55	0.000148339
17.555	0.000133151
17.56	0.000118177
17.565	0.000103408
17.57	8.88064e-05
17.575	7.43342e-05
17.58	5.99764e-05
17.585	4.57562e-05
17.59	3.17263e-05
17.595	1.79476e-05
17.6	4.46819e-06
17.605	-8.68787e-06
17.61	-2.152e-05
17.615	-3.40456e-05
17.62	-4.62948e-05
17.625	-5.83043e-05
17.63	-7.01083e-05
17.635	-8.17273e-05
17.64	-9.31598e-05
17.645	-0.000104386
17.65	-0.000115382
17.655	-0.000126139
17.66	-0.00013667
17.665	-0.000147002
17.67	-0.00015715
17.675	-0.000167103
17.68	-0.00017682
17.685	-0.000186245
17.69	-0.000195333
17.695	-0.000204066
17.7	-0.000212451
17.705	-0.000220515
17.71	-0.000228289
17.715	-0.000235804
17.72	-0.000243088
17.725	-0.000250169
17.73	-0.000257063
17.735	-0.000263765
17.74	-0.000270255
17.745	-0.000276505
17.75	-0.000282498
17.755	-0.000288237
17.76	-0.000293735
17.765	-0.000298996
17.77	-0.000303996
17.775	-0.000308691
17.78	-0.000313032
17.785	-0.000316995
17.79	-0.000320598
17.795	-0.000323892
17.8	-0.000326937
17.805	-0.000329776
17.81	-0.000332433
17.815	-0.000334907
17.82	-0.000337195
17.825	-0.000339286
17.83	-0.000341166
17.835	-0.000342814
17.84	-0.000344202
17.845	-0.000345307
17.85	-0.000346119
17.855	-0.000346644
17.86	-0.00034689
17.865	-0.000346855
17.87	-0.000346526
17.875	-0.00034589
17.88	-0.00034495
17.885	-0.000343736
17.89	-0.000342301
17.895	-0.000340701
17.9	-0.000338969
17.905	-0.00033711
17.91	-0.000335099
17.915	-0.000332897
17.92	-0.000330462
17.925	-0.000327763
17.93	-0.000324782
17.935	-0.000321519
17.94	-0.000317987
17.945	-0.000314208
17.95	-0.000310202
17.955	-0.000305977
17.96	-0.000301526
17.965	-0.000296836
17.97	-0.000291906
17.975	-0.000286757
17.98	-0.000281434
17.985	-0.000275986
17.99	-0.000270446
17.995	-0.000264811
18	-0.00025905
18.005	-0.000253115
18.01	-0.000246965
18.015	-0.000240573
18.02	-0.000233933
18.025	-0.000227052
18.03	-0.000219948
18.035	-0.000212642
18.04	-0.000205158
18.045	-0.000197511
18.05	-0.000189709
18.055	-0.000181751
18.06	-0.000173637
18.065	-0.000165382
18.07	-0.000157015
18.075	-0.000148575
18.08	-0.00014009
18.085	-0.000131554
18.09	-0.000122933
18.095	-0.000114168
18.1	-0.000105209
18.105	-9.6027e-05
18.11	-8.66212e-05
18.115	-7.70153e-05
18.12	-6.72442e-05
18.125	-5.7345e-05
18.13	-4.73511e-05
18.135	-3.72879e-05
18.14	-2.71681e-05
18.145	-1.69909e-05
18.15	-6.7483e-06
18.155	3.56267e-06
18.16	1.39292e-05
18.165	2.43257e-05
18.17	3.47309e-05
18.175	4.51516e-05
18.18	5.56322e-05
18.185	6.62412e-05
18.19	7.7038e-05
18.195	8.80411e-05
18.2	9.92174e-05
18.205	0.000110501
18.21	0.000121825
18.215	0.000133151
18.22	0.000144467
18.225	0.000155777
18.23	0.000167081
18.235	0.000178373
18.24	0.000189646
18.245	0.000200907
18.25	0.000212177
18.255	0.000223474
18.26	0.000234807
18.265	0.00024617
18.27	0.000257561
18.275	0.000268994
18.28	0.000280502
18.285	0.000292116
18.29	0.000303834
18.295	0.000315614
18.3	0.000327377
18.305	0.000339052
18.31	0.000350604
18.315	0.000362044
18.32	0.000373408
18.325	0.00038473
18.33	0.000396022
18.335	0.000407277
18.34	0.000418492
18.345	0.000429677
18.35	0.000440855
18.355	0.000452047
18.36	0.00046326
18.365	0.000474483
18.37	0.000485704
18.375	0.000496919
18.38	0.000508123
18.385	0.000519301
18.39	0.000530413
18.395	0.000541403
18.4	0.000552224
18.405	0.000562861
18.41	0.000573341
18.415	0.000583718
18.42	0.000594038
18.425	0.000604321
18.43	0.000614564
18.435	0.000624755
18.44	0.000634894
18.445	0.000644997
18.45	0.00065508
18.455	0.000665142
18.46	0.000675162
18.465	0.000685105
18.47	0.000694941
18.475	0.000704649
18.48	0.000714214
18.485	0.000723615
18.49	0.000732827
18.495	0.000741831
18.5	0.000750638
18.505	0.000759297
18.51	0.000767874
18.515	0.000776426
18.52	0.00078497
18.525	0.000793483
18.53	0.000801921
18.535	0.000810248
18.54	0.000818457
18.545	0.000826562
18.55	0.000834577
18.555	0.000842495
18.56	0.000850282
18.565	0.000857895
18.57	0.000865293
18.575	0.000872462
18.58	0.000879407
18.585	0.000886153
18.59	0.000892737
18.595	0.000899199
18.6	0.000905582
18.605	0.000911917
18.61	0.000918217
18.615	0.000924467
18.62	0.00093063
18.625	0.000936664
18.63	0.000942537
18.635	0.000948238
18.64	0.000953773
18.645	0.000959151
18.65	0.000964372
18.655	0.000969419
18.66	0.00097427
18.665	0.000978905
18.67	0.000983321
18.675	0.000987536
18.68	0.000991587
18.685	0.000995523
18.69	0.000999387
18.695	0.00100321
18.7	0.00100698
18.705	0.00101069
18.71	0.00101428
18.715	0.00101771
18.72	0.00102095
18.725	0.00102401
18.73	0.00102688
18.735	0.00102959
18.74	0.00103212
18.745	0.00103448
18.75	0.00103665
18.755	0.0010386
18.76	0.00104037
18.765	0.00104196
18.77	0.00104342
18.775	0.00104478
18.78	0.00104608
18.785	0.00104732
18.79	0.00104851
18.795	0.00104961
18.8	0.0010506
18.805	0.00105143
18.81	0.00105208
18.815	0.00105253
18.82	0.0010528
18.825	0.00105289
18.83	0.00105282
18.835	0.00105258
18.84	0.00105215
18.845	0.00105155
18.85	0.00105078
18.855	0.00104988
18.86	0.0010489
18.865	0.00104786
18.87	0.00104677
18.875	0.00104564
18.88	0.00104444
18.885	0.00104316
18.89	0.00104177
18.895	0.00104023
18.9	0.00103851
18.905	0.00103658
18.91	0.00103445
18.915	0.00103216
18.92	0.00102973
18.925	0.00102718
18.93	0.00102453
18.935	0.00102175
18.94	0.00101884
18.945	0.00101583
18.95	0.00101274
18.955	0.00100963
18.96	0.00100652
18.965	0.00100337
18.97	0.00100017
18.975	0.000996861
18.98	0.000993425
18.985	0.000989848
18.99	0.000986128
18.995	0.00098226
19	0.000978239
19.005	0.000974073
19.01	0.000969785
19.015	0.000965408
19.02	0.000960971
19.025	0.000956481
19.03	0.000951933
19.035	0.000947317
19.04	0.000942639
19.045	0.000937924
19.05	0.000933201
19.055	0.000928483
19.06	0.000923753
19.065	0.00091897
19.07	0.000914087
19.075	0.000909074
19.08	0.000903922
19.085	0.00089864
19.09	0.000893245
19.095	0.000887755
19.1	0.000882188
19.105	0.000876566
19.11	0.000870914
19.115	0.000865248
19.12	0.000859575
19.125	0.000853894
19.13	0.000848204
19.135	0.000842515
19.14	0.000836843
19.145	0.000831197
19.15	0.000825563
19.155	0.000819898
19.16	0.000814148
19.165	0.000808267
19.17	0.000802247
19.175	0.00079611
19.18	0.000789898
19.185	0.000783655
19.19	0.00077741
19.195	0.00077118
19.2	0.000764975
19.205	0.000758807
19.21	0.000752681
19.215	0.000746596
19.22	0.000740542
19.225	0.000734507
19.23	0.000728483
19.235	0.000722467
19.24	0.000716455
19.245	0.00071043
19.25	0.000704356
19.255	0.000698201
19.26	0.000691946
19.265	0.000685608
19.27	0.000679232
19.275	0.000672877
19.28	0.00066659
19.285	0.000660394
19.29	0.000654286
19.295	0.000648251
19.3	0.000642272
19.305	0.000636333
19.31	0.000630429
19.315	0.000624553
19.32	0.000618705
19.325	0.000612882
19.33	0.000607081
19.335	0.000601285
19.34	0.00059547
19.345	0.000589612
19.35	0.0005837
19.355	0.000577753
19.36	0.000571816
19.365	0.000565945
19.37	0.000560183
19.375	0.000554546
19.38	0.000549022
19.385	0.000543591
19.39	0.000538235
19.395	0.00053295
19.4	0.00052773
19.405	0.000522567
19.41	0.000517441
19.415	0.000512329
19.42	0.000507219
19.425	0.000502106
19.43	0.000496996
19.435	0.000491891
19.44	0.000486794
19.445	0.000481714
19.45	0.000476683
19.455	0.000471747
19.46	0.000466955
19.465	0.000462334
19.47	0.000457875
19.475	0.000453539
19.48	0.00044928
19.485	0.000445065
19.49	0.000440886
19.495	0.000436747
19.5	0.00043265
19.505	0.000428586
19.51	0.000424538
19.515	0.000420496
19.52	0.000416469
19.525	0.000412477
19.53	0.000408549
19.535	0.000404709
19.54	0.000400981
19.545	0.000397386
19.55	0.000393948
19.555	0.000390676
19.56	0.00038756
19.565	0.000384562
19.57	0.000381629
19.575	0.000378718
19.58	0.000375812
19.585	0.00037292
19.59	0.000370066
19.595	0.000367265
19.6	0.000364518
19.605	0.00036182
19.61	0.000359174
19.615	0.0003566
19.62	0.000354125
19.625	0.000351775
19.63	0.000349561
19.635	0.000347484
19.64	0.000345542
19.645	0.000343735
19.65	0.000342059
19.655	0.000340493
19.66	0.000338997
19.665	0.000337521
19.67	0.000336029
19.675	0.000334519
19.68	0.000333024
19.685	0.000331593
19.69	0.000330262
19.695	0.000329042
19.7	0.000327924
19.705	0.000326895
19.71	0.000325961
19.715	0.000325139
19.72	0.000324453
19.725	0.00032391
19.73	0.000323499
19.735	0.000323197
19.74	0.000322978
19.745	0.000322817
19.75	0.000322694
19.755	0.000322588
19.76	0.000322482
19.765	0.000322375
19.77	0.000322289
19.775	0.000322264
19.78	0.000322344
19.785	0.000322555
19.79	0.0003229
19.795	0.000323363
19.8	0.000323928
19.805	0.000324589
19.81	0.000325353
19.815	0.000326225
19.82	0.000327197
19.825	0.000328248
19.83	0.000329348
19.835	0.000330473
19.84	0.000331608
19.845	0.000332748
19.85	0.000333894
19.855	0.000335055
19.86	0.000336251
19.865	0.000337517
19.87	0.000338894
19.875	0.000340411
19.88	0.000342075
19.885	0.000343863
19.89	0.000345739
19.895	0.000347675
19.9	0.000349663
19.905	0.000351712
19.91	0.000353828
19.915	0.000356002
19.92	0.000358206
19.925	0.000360404
19.93	0.000362577
19.935	0.000364729
19.94	0.000366886
19.945	0.000369085
19.95	0.000371356
19.955	0.000373722
19.96	0.000376199
19.965	0.000378797
19.97	0.000381514
19.975	0.000384336
19.98	0.000387231
19.985	0.000390163
19.99	0.000393103
19.995	0.000396039
