0	0
0.005	0
0.01	0
0.015	0
0.02	0
0.025	0
0.03	0
0.035	0
0.04	0
0.045	0
0.05	0
0.055	0
0.06	0
0.065	0
0.07	0
0.075	0
0.08	0
0.085	0
0.09	0
0.095	0
0.1	0
0.105	0
0.11	0
0.115	0
0.12	0
0.125	0
0.13	0
0.135	0
0.14	0
0.145	0
0.15	0
0.155	0
0.16	0
0.165	0
0.17	0
0.175	0
0.18	0
0.185	0
0.19	0
0.195	0
0.2	0
0.205	0
0.21	0
0.215	0
0.22	0
0.225	0
0.23	0
0.235	0
0.24	0
0.245	0
0.25	0
0.255	0
0.26	0
0.265	0
0.27	0
0.275	0
0.28	0
0.285	0
0.29	0
0.295	0
0.3	0
0.305	0
0.31	0
0.315	0
0.32	0
0.325	0
0.33	0
0.335	0
0.34	0
0.345	0
0.35	0
0.355	0
0.36	0
0.365	0
0.37	0
0.375	0
0.38	0
0.385	0
0.39	0
0.395	0
0.4	-3.29e-66
0.405	-3.57258e-64
0.41	-1.96724e-62
0.415	-7.32631e-61
0.42	-2.07586e-59
0.425	-4.77157e-58
0.43	-9.26238e-57
0.435	-1.56042e-55
0.44	-2.32666e-54
0.445	-3.11581e-53
0.45	-3.79039e-52
0.455	-4.2265e-51
0.46	-4.35155e-50
0.465	-4.16208e-49
0.47	-3.71713e-48
0.475	-3.11345e-47
0.48	-2.45506e-46
0.485	-1.82856e-45
0.49	-1.29017e-44
0.495	-8.64553e-44
0.5	-5.51472e-43
0.505	-3.3551e-42
0.51	-1.95026e-41
0.515	-1.08476e-40
0.52	-5.7806e-40
0.525	-2.95431e-39
0.53	-1.44915e-38
0.535	-6.82575e-38
0.54	-3.08762e-37
0.545	-1.34093e-36
0.55	-5.58624e-36
0.555	-2.22865e-35
0.56	-8.49027e-35
0.565	-3.07365e-34
0.57	-1.04865e-33
0.575	-3.32097e-33
0.58	-9.46433e-33
0.585	-2.24357e-32
0.59	-3.17596e-32
0.595	7.61796e-32
0.6	9.64554e-31
0.605	5.80902e-30
0.61	2.82678e-29
0.615	1.22995e-28
0.62	4.97079e-28
0.625	1.90113e-27
0.63	6.95457e-27
0.635	2.44977e-26
0.64	8.34755e-26
0.645	2.76058e-25
0.65	8.88223e-25
0.655	2.78586e-24
0.66	8.53064e-24
0.665	2.55353e-23
0.67	7.48e-23
0.675	2.14615e-22
0.68	6.03613e-22
0.685	1.66534e-21
0.69	4.50982e-21
0.695	1.19943e-20
0.7	3.13447e-20
0.705	8.0525e-20
0.71	2.03451e-19
0.715	5.05731e-19
0.72	1.23729e-18
0.725	2.98031e-18
0.73	7.07015e-18
0.735	1.65236e-17
0.74	3.80548e-17
0.745	8.639e-17
0.75	1.93364e-16
0.755	4.26825e-16
0.76	9.29369e-16
0.765	1.99657e-15
0.77	4.23285e-15
0.775	8.85765e-15
0.78	1.8299e-14
0.785	3.73283e-14
0.79	7.52021e-14
0.795	1.4965e-13
0.8	2.94208e-13
0.805	5.71517e-13
0.81	1.09716e-12
0.815	2.08181e-12
0.82	3.90489e-12
0.825	7.24155e-12
0.83	1.32791e-11
0.835	2.40814e-11
0.84	4.31941e-11
0.845	7.66393e-11
0.85	1.34529e-10
0.855	2.33654e-10
0.86	4.0158e-10
0.865	6.83064e-10
0.87	1.14998e-09
0.875	1.91649e-09
0.88	3.16197e-09
0.885	5.1652e-09
0.89	8.35491e-09
0.895	1.33833e-08
0.9	2.12324e-08
0.905	3.33647e-08
0.91	5.19363e-08
0.915	8.00925e-08
0.92	1.22375e-07
0.925	1.85271e-07
0.93	2.77961e-07
0.935	4.13291e-07
0.94	6.09067e-07
0.945	8.89713e-07
0.95	1.28839e-06
0.955	1.84969e-06
0.96	2.63294e-06
0.965	3.71631e-06
0.97	5.20176e-06
0.975	7.22096e-06
0.98	9.94225e-06
0.985	1.35787e-05
0.99	1.83973e-05
0.995	2.47293e-05
1	3.29818e-05
1.005	4.36496e-05
1.01	5.73285e-05
1.015	7.4729e-05
1.02	9.66894e-05
1.025	0.000124189
1.03	0.000158361
1.035	0.000200504
1.04	0.000252088
1.045	0.000314765
1.05	0.000390372
1.055	0.000480928
1.06	0.000588635
1.065	0.00071587
1.07	0.000865173
1.075	0.00103923
1.08	0.00124088
1.085	0.00147304
1.09	0.00173874
1.095	0.0020411
1.1	0.00238327
1.105	0.00276843
1.11	0.00319978
1.115	0.00368054
1.12	0.0042139
1.125	0.00480305
1.13	0.00545118
1.135	0.00616146
1.14	0.00693706
1.145	0.00778117
1.15	0.00869699
1.155	0.00968778
1.16	0.0107568
1.165	0.0119074
1.17	0.0131431
1.175	0.0144671
1.18	0.0158832
1.185	0.0173949
1.19	0.0190058
1.195	0.0207196
1.2	0.0225399
1.205	0.0244705
1.21	0.026515
1.215	0.0286769
1.22	0.03096
1.225	0.0333677
1.23	0.0359035
1.235	0.0385708
1.24	0.041373
1.245	0.0443133
1.25	0.047395
1.255	0.0506215
1.26	0.0539959
1.265	0.0575214
1.27	0.0612014
1.275	0.0650391
1.28	0.0690377
1.285	0.0732006
1.29	0.0775309
1.295	0.0820319
1.3	0.0867068
1.305	0.0915587
1.31	0.0965909
1.315	0.101806
1.32	0.107208
1.325	0.112798
1.33	0.11858
1.335	0.124557
1.34	0.130731
1.345	0.137105
1.35	0.14368
1.355	0.15046
1.36	0.157447
1.365	0.164643
1.37	0.17205
1.375	0.17967
1.38	0.187506
1.385	0.195558
1.39	0.203831
1.395	0.212324
1.4	0.22104
1.405	0.22998
1.41	0.239146
1.415	0.248539
1.42	0.258161
1.425	0.268013
1.43	0.278095
1.435	0.28841
1.44	0.298957
1.445	0.309737
1.45	0.320752
1.455	0.332001
1.46	0.343485
1.465	0.355205
1.47	0.36716
1.475	0.37935
1.48	0.391775
1.485	0.404436
1.49	0.417331
1.495	0.43046
1.5	0.443823
1.505	0.457418
1.51	0.471245
1.515	0.485303
1.52	0.49959
1.525	0.514106
1.53	0.528848
1.535	0.543815
1.54	0.559005
1.545	0.574416
1.55	0.590046
1.555	0.605893
1.56	0.621954
1.565	0.638227
1.57	0.654708
1.575	0.671395
1.58	0.688285
1.585	0.705373
1.59	0.722658
1.595	0.740134
1.6	0.757798
1.605	0.775647
1.61	0.793674
1.615	0.811877
1.62	0.83025
1.625	0.848789
1.63	0.867488
1.635	0.886343
1.64	0.905348
1.645	0.924498
1.65	0.943786
1.655	0.963207
1.66	0.982755
1.665	1.00242
1.67	1.02221
1.675	1.0421
1.68	1.06209
1.685	1.08218
1.69	1.10235
1.695	1.1226
1.7	1.14293
1.705	1.16332
1.71	1.18377
1.715	1.20427
1.72	1.22482
1.725	1.2454
1.73	1.266
1.735	1.28662
1.74	1.30725
1.745	1.32789
1.75	1.34851
1.755	1.36912
1.76	1.38971
1.765	1.41026
1.77	1.43077
1.775	1.45122
1.78	1.47162
1.785	1.49194
1.79	1.51218
1.795	1.53234
1.8	1.55239
1.805	1.57233
1.81	1.59215
1.815	1.61185
1.82	1.6314
1.825	1.65081
1.83	1.67005
1.835	1.68913
1.84	1.70802
1.845	1.72673
1.85	1.74523
1.855	1.76352
1.86	1.78159
1.865	1.79943
1.87	1.81702
1.875	1.83436
1.88	1.85144
1.885	1.86824
1.89	1.88476
1.895	1.90098
1.9	1.91689
1.905	1.93249
1.91	1.94775
1.915	1.96268
1.92	1.97726
1.925	1.99148
1.93	2.00532
1.935	2.01879
1.94	2.03187
1.945	2.04454
1.95	2.0568
1.955	2.06864
1.96	2.08004
1.965	2.09101
1.97	2.10152
1.975	2.11156
1.98	2.12114
1.985	2.13023
1.99	2.13883
1.995	2.14692
2	2.15451
2.005	2.16157
2.01	2.1681
2.015	2.17409
2.02	2.17953
2.025	2.18442
2.03	2.18874
2.035	2.19248
2.04	2.19565
2.045	2.19822
2.05	2.20019
2.055	2.20155
2.06	2.2023
2.065	2.20243
2.07	2.20192
2.075	2.20079
2.08	2.199
2.085	2.19657
2.09	2.19348
2.095	2.18972
2.1	2.1853
2.105	2.1802
2.11	2.17442
2.115	2.16795
2.12	2.16079
2.125	2.15294
2.13	2.14438
2.135	2.13513
2.14	2.12516
2.145	2.11448
2.15	2.10309
2.155	2.09098
2.16	2.07814
2.165	2.06459
2.17	2.0503
2.175	2.03529
2.18	2.01955
2.185	2.00308
2.19	1.98588
2.195	1.96795
2.2	1.94928
2.205	1.92988
2.21	1.90975
2.215	1.88888
2.22	1.86729
2.225	1.84496
2.23	1.82191
2.235	1.79813
2.24	1.77363
2.245	1.7484
2.25	1.72246
2.255	1.6958
2.26	1.66844
2.265	1.64036
2.27	1.61158
2.275	1.58211
2.28	1.55194
2.285	1.52108
2.29	1.48954
2.295	1.45732
2.3	1.42443
2.305	1.39088
2.31	1.35667
2.315	1.32182
2.32	1.28631
2.325	1.25018
2.33	1.21342
2.335	1.17604
2.34	1.13805
2.345	1.09946
2.35	1.06028
2.355	1.02052
2.36	0.980184
2.365	0.939291
2.37	0.897848
2.375	0.855867
2.38	0.813357
2.385	0.770331
2.39	0.7268
2.395	0.682777
2.4	0.638273
2.405	0.593302
2.41	0.547876
2.415	0.502008
2.42	0.455711
2.425	0.409
2.43	0.361888
2.435	0.314388
2.44	0.266516
2.445	0.218286
2.45	0.169712
2.455	0.120809
2.46	0.0715932
2.465	0.0220791
2.47	-0.0277174
2.475	-0.0777807
2.48	-0.128095
2.485	-0.178643
2.49	-0.229411
2.495	-0.280379
2.5	-0.331534
2.505	-0.382856
2.51	-0.434331
2.515	-0.48594
2.52	-0.537667
2.525	-0.589494
2.53	-0.641404
2.535	-0.693379
2.54	-0.745402
2.545	-0.797455
2.55	-0.849521
2.555	-0.901581
2.56	-0.953618
2.565	-1.00561
2.57	-1.05755
2.575	-1.10941
2.58	-1.16117
2.585	-1.21282
2.59	-1.26434
2.595	-1.31571
2.6	-1.36691
2.605	-1.41793
2.61	-1.46874
2.615	-1.51933
2.62	-1.56968
2.625	-1.61977
2.63	-1.66958
2.635	-1.7191
2.64	-1.76831
2.645	-1.81719
2.65	-1.86572
2.655	-1.91389
2.66	-1.96168
2.665	-2.00906
2.67	-2.05603
2.675	-2.10257
2.68	-2.14866
2.685	-2.19428
2.69	-2.23941
2.695	-2.28405
2.7	-2.32817
2.705	-2.37175
2.71	-2.41479
2.715	-2.45726
2.72	-2.49916
2.725	-2.54046
2.73	-2.58115
2.735	-2.62121
2.74	-2.66064
2.745	-2.69941
2.75	-2.73751
2.755	-2.77493
2.76	-2.81166
2.765	-2.84768
2.77	-2.88297
2.775	-2.91754
2.78	-2.95135
2.785	-2.98441
2.79	-3.01669
2.795	-3.04819
2.8	-3.0789
2.805	-3.1088
2.81	-3.13789
2.815	-3.16615
2.82	-3.19357
2.825	-3.22015
2.83	-3.24587
2.835	-3.27073
2.84	-3.29472
2.845	-3.31782
2.85	-3.34004
2.855	-3.36135
2.86	-3.38177
2.865	-3.40127
2.87	-3.41985
2.875	-3.43751
2.88	-3.45424
2.885	-3.47003
2.89	-3.48488
2.895	-3.49879
2.9	-3.51174
2.905	-3.52374
2.91	-3.53479
2.915	-3.54487
2.92	-3.55399
2.925	-3.56214
2.93	-3.56933
2.935	-3.57554
2.94	-3.58078
2.945	-3.58505
2.95	-3.58835
2.955	-3.59067
2.96	-3.59202
2.965	-3.59239
2.97	-3.5918
2.975	-3.59023
2.98	-3.58769
2.985	-3.58419
2.99	-3.57972
2.995	-3.57429
3	-3.5679
3.005	-3.56055
3.01	-3.55225
3.015	-3.543
3.02	-3.53282
3.025	-3.52169
3.03	-3.50963
3.035	-3.49664
3.04	-3.48273
3.045	-3.4679
3.05	-3.45217
3.055	-3.43553
3.06	-3.418
3.065	-3.39958
3.07	-3.38028
3.075	-3.36012
3.08	-3.33908
3.085	-3.3172
3.09	-3.29447
3.095	-3.2709
3.1	-3.24651
3.105	-3.22131
3.11	-3.19529
3.115	-3.16849
3.12	-3.1409
3.125	-3.11253
3.13	-3.08341
3.135	-3.05353
3.14	-3.02291
3.145	-2.99157
3.15	-2.95952
3.155	-2.92676
3.16	-2.89331
3.165	-2.85919
3.17	-2.82441
3.175	-2.78897
3.18	-2.7529
3.185	-2.7162
3.19	-2.6789
3.195	-2.641
3.2	-2.60252
3.205	-2.56348
3.21	-2.52388
3.215	-2.48375
3.22	-2.44309
3.225	-2.40193
3.23	-2.36027
3.235	-2.31814
3.24	-2.27555
3.245	-2.2325
3.25	-2.18903
3.255	-2.14514
3.26	-2.10085
3.265	-2.05618
3.27	-2.01113
3.275	-1.96574
3.28	-1.92001
3.285	-1.87395
3.29	-1.82759
3.295	-1.78094
3.3	-1.73402
3.305	-1.68684
3.31	-1.63942
3.315	-1.59177
3.32	-1.54391
3.325	-1.49586
3.33	-1.44763
3.335	-1.39924
3.34	-1.3507
3.345	-1.30203
3.35	-1.25325
3.355	-1.20437
3.36	-1.15541
3.365	-1.10638
3.37	-1.0573
3.375	-1.00818
3.38	-0.95904
3.385	-0.909897
3.39	-0.860763
3.395	-0.811655
3.4	-0.762588
3.405	-0.713575
3.41	-0.664632
3.415	-0.615775
3.42	-0.567017
3.425	-0.518373
3.43	-0.469857
3.435	-0.421483
3.44	-0.373267
3.445	-0.325221
3.45	-0.277359
3.455	-0.229696
3.46	-0.182244
3.465	-0.135018
3.47	-0.0880291
3.475	-0.0412918
3.48	0.0051814
3.485	0.0513778
3.49	0.0972848
3.495	0.14289
3.5	0.188182
3.505	0.233148
3.51	0.277776
3.515	0.322056
3.52	0.365975
3.525	0.409522
3.53	0.452687
3.535	0.495459
3.54	0.537827
3.545	0.57978
3.55	0.621309
3.555	0.662404
3.56	0.703054
3.565	0.74325
3.57	0.782984
3.575	0.822245
3.58	0.861025
3.585	0.899316
3.59	0.937108
3.595	0.974393
3.6	1.01116
3.605	1.04741
3.61	1.08313
3.615	1.11831
3.62	1.15295
3.625	1.18704
3.63	1.22057
3.635	1.25353
3.64	1.28593
3.645	1.31774
3.65	1.34898
3.655	1.37963
3.66	1.40968
3.665	1.43914
3.67	1.46799
3.675	1.49624
3.68	1.52387
3.685	1.55089
3.69	1.57729
3.695	1.60306
3.7	1.6282
3.705	1.65272
3.71	1.6766
3.715	1.69985
3.72	1.72245
3.725	1.74441
3.73	1.76573
3.735	1.78641
3.74	1.80643
3.745	1.82581
3.75	1.84454
3.755	1.86261
3.76	1.88003
3.765	1.8968
3.77	1.91292
3.775	1.92838
3.78	1.94318
3.785	1.95733
3.79	1.97083
3.795	1.98367
3.8	1.99587
3.805	2.00741
3.81	2.01829
3.815	2.02853
3.82	2.03812
3.825	2.04707
3.83	2.05537
3.835	2.06302
3.84	2.07004
3.845	2.07642
3.85	2.08216
3.855	2.08727
3.86	2.09175
3.865	2.0956
3.87	2.09882
3.875	2.10143
3.88	2.10342
3.885	2.1048
3.89	2.10557
3.895	2.10573
3.9	2.10529
3.905	2.10425
3.91	2.10262
3.915	2.10041
3.92	2.09761
3.925	2.09423
3.93	2.09028
3.935	2.08576
3.94	2.08068
3.945	2.07505
3.95	2.06886
3.955	2.06213
3.96	2.05486
3.965	2.04705
3.97	2.03872
3.975	2.02986
3.98	2.0205
3.985	2.01062
3.99	2.00024
3.995	1.98937
4	1.97801
4.005	1.96618
4.01	1.95386
4.015	1.94109
4.02	1.92785
4.025	1.91416
4.03	1.90003
4.035	1.88547
4.04	1.87047
4.045	1.85506
4.05	1.83923
4.055	1.823
4.06	1.80637
4.065	1.78936
4.07	1.77197
4.075	1.7542
4.08	1.73607
4.085	1.71759
4.09	1.69877
4.095	1.6796
4.1	1.66011
4.105	1.6403
4.11	1.62017
4.115	1.59975
4.12	1.57903
4.125	1.55802
4.13	1.53673
4.135	1.51517
4.14	1.49335
4.145	1.47128
4.15	1.44896
4.155	1.4264
4.16	1.40361
4.165	1.38059
4.17	1.35736
4.175	1.33392
4.18	1.31028
4.185	1.28644
4.19	1.26241
4.195	1.2382
4.2	1.21382
4.205	1.18927
4.21	1.16456
4.215	1.13969
4.22	1.11468
4.225	1.08953
4.23	1.06424
4.235	1.03883
4.24	1.0133
4.245	0.987664
4.25	0.961919
4.255	0.936077
4.26	0.910145
4.265	0.884129
4.27	0.858037
4.275	0.831876
4.28	0.805652
4.285	0.779371
4.29	0.753042
4.295	0.726669
4.3	0.70026
4.305	0.673822
4.31	0.64736
4.315	0.620881
4.32	0.594393
4.325	0.567901
4.33	0.541412
4.335	0.514932
4.34	0.48847
4.345	0.46203
4.35	0.43562
4.355	0.409246
4.36	0.382915
4.365	0.356633
4.37	0.330407
4.375	0.304243
4.38	0.278146
4.385	0.252124
4.39	0.226183
4.395	0.200328
4.4	0.174565
4.405	0.1489
4.41	0.12334
4.415	0.0978904
4.42	0.0725564
4.425	0.0473443
4.43	0.0222598
4.435	-0.00269114
4.44	-0.0275029
4.445	-0.0521697
4.45	-0.076686
4.455	-0.101046
4.46	-0.125245
4.465	-0.149276
4.47	-0.173135
4.475	-0.196815
4.48	-0.220313
4.485	-0.243622
4.49	-0.266738
4.495	-0.289655
4.5	-0.312369
4.505	-0.334874
4.51	-0.357166
4.515	-0.379241
4.52	-0.401093
4.525	-0.422717
4.53	-0.44411
4.535	-0.465267
4.54	-0.486182
4.545	-0.506853
4.55	-0.527275
4.555	-0.547444
4.56	-0.567355
4.565	-0.587005
4.57	-0.606389
4.575	-0.625504
4.58	-0.644346
4.585	-0.662912
4.59	-0.681198
4.595	-0.6992
4.6	-0.716915
4.605	-0.734341
4.61	-0.751473
4.615	-0.768308
4.62	-0.784844
4.625	-0.801077
4.63	-0.817006
4.635	-0.832626
4.64	-0.847936
4.645	-0.862933
4.65	-0.877615
4.655	-0.891978
4.66	-0.906022
4.665	-0.919743
4.67	-0.933139
4.675	-0.946209
4.68	-0.958951
4.685	-0.971362
4.69	-0.983441
4.695	-0.995187
4.7	-1.0066
4.705	-1.01767
4.71	-1.0284
4.715	-1.0388
4.72	-1.04885
4.725	-1.05856
4.73	-1.06793
4.735	-1.07695
4.74	-1.08563
4.745	-1.09396
4.75	-1.10194
4.755	-1.10958
4.76	-1.11687
4.765	-1.12381
4.77	-1.1304
4.775	-1.13664
4.78	-1.14253
4.785	-1.14807
4.79	-1.15326
4.795	-1.1581
4.8	-1.16259
4.805	-1.16674
4.81	-1.17053
4.815	-1.17398
4.82	-1.17708
4.825	-1.17983
4.83	-1.18224
4.835	-1.18431
4.84	-1.18603
4.845	-1.18741
4.85	-1.18845
4.855	-1.18915
4.86	-1.18951
4.865	-1.18954
4.87	-1.18923
4.875	-1.18859
4.88	-1.18762
4.885	-1.18632
4.89	-1.18469
4.895	-1.18274
4.9	-1.18046
4.905	-1.17787
4.91	-1.17496
4.915	-1.17173
4.92	-1.16819
4.925	-1.16434
4.93	-1.16019
4.935	-1.15573
4.94	-1.15097
4.945	-1.14591
4.95	-1.14056
4.955	-1.13491
4.96	-1.12898
4.965	-1.12276
4.97	-1.11626
4.975	-1.10948
4.98	-1.10243
4.985	-1.09511
4.99	-1.08751
4.995	-1.07966
5	-1.07154
5.005	-1.06317
5.01	-1.05455
5.015	-1.04567
5.02	-1.03656
5.025	-1.0272
5.03	-1.01761
5.035	-1.00778
5.04	-0.997728
5.045	-0.987452
5.05	-0.976957
5.055	-0.966247
5.06	-0.955326
5.065	-0.9442
5.07	-0.932872
5.075	-0.921346
5.08	-0.909628
5.085	-0.897722
5.09	-0.885633
5.095	-0.873364
5.1	-0.860921
5.105	-0.848307
5.11	-0.835529
5.115	-0.82259
5.12	-0.809495
5.125	-0.796249
5.13	-0.782857
5.135	-0.769324
5.14	-0.755653
5.145	-0.741851
5.15	-0.727922
5.155	-0.71387
5.16	-0.6997
5.165	-0.685417
5.17	-0.671026
5.175	-0.656532
5.18	-0.641938
5.185	-0.627251
5.19	-0.612474
5.195	-0.597612
5.2	-0.58267
5.205	-0.567653
5.21	-0.552565
5.215	-0.537411
5.22	-0.522197
5.225	-0.506926
5.23	-0.491603
5.235	-0.476234
5.24	-0.460822
5.245	-0.445373
5.25	-0.429892
5.255	-0.414382
5.26	-0.398849
5.265	-0.383298
5.27	-0.367732
5.275	-0.352156
5.28	-0.336575
5.285	-0.320994
5.29	-0.305416
5.295	-0.289847
5.3	-0.27429
5.305	-0.25875
5.31	-0.243232
5.315	-0.22774
5.32	-0.212279
5.325	-0.196852
5.33	-0.181463
5.335	-0.166119
5.34	-0.150821
5.345	-0.135575
5.35	-0.120385
5.355	-0.105255
5.36	-0.0901884
5.365	-0.0751899
5.37	-0.0602631
5.375	-0.0454121
5.38	-0.0306405
5.385	-0.0159523
5.39	-0.00135098
5.395	0.0131596
5.4	0.0275759
5.405	0.0418943
5.41	0.0561112
5.415	0.0702235
5.42	0.0842275
5.425	0.0981202
5.43	0.111898
5.435	0.125558
5.44	0.139097
5.445	0.152512
5.45	0.1658
5.455	0.178957
5.46	0.191982
5.465	0.20487
5.47	0.21762
5.475	0.230229
5.48	0.242694
5.485	0.255011
5.49	0.26718
5.495	0.279197
5.5	0.29106
5.505	0.302766
5.51	0.314313
5.515	0.3257
5.52	0.336924
5.525	0.347983
5.53	0.358875
5.535	0.369597
5.54	0.38015
5.545	0.390529
5.55	0.400734
5.555	0.410764
5.56	0.420615
5.565	0.430288
5.57	0.43978
5.575	0.449091
5.58	0.458217
5.585	0.467159
5.59	0.475915
5.595	0.484484
5.6	0.492865
5.605	0.501056
5.61	0.509058
5.615	0.516868
5.62	0.524485
5.625	0.53191
5.63	0.539142
5.635	0.546179
5.64	0.553021
5.645	0.559668
5.65	0.566118
5.655	0.572372
5.66	0.578429
5.665	0.584289
5.67	0.589951
5.675	0.595415
5.68	0.600681
5.685	0.605748
5.69	0.610617
5.695	0.615287
5.7	0.619759
5.705	0.624032
5.71	0.628106
5.715	0.631982
5.72	0.63566
5.725	0.63914
5.73	0.642423
5.735	0.645508
5.74	0.648396
5.745	0.651088
5.75	0.653583
5.755	0.655883
5.76	0.657988
5.765	0.659899
5.77	0.661617
5.775	0.663141
5.78	0.664473
5.785	0.665613
5.79	0.666563
5.795	0.667323
5.8	0.667895
5.805	0.668278
5.81	0.668475
5.815	0.668487
5.82	0.668313
5.825	0.667956
5.83	0.667418
5.835	0.666698
5.84	0.665798
5.845	0.664721
5.85	0.663466
5.855	0.662036
5.86	0.660432
5.865	0.658655
5.87	0.656708
5.875	0.65459
5.88	0.652305
5.885	0.649853
5.89	0.647237
5.895	0.644458
5.9	0.641518
5.905	0.638418
5.91	0.635161
5.915	0.631748
5.92	0.62818
5.925	0.624461
5.93	0.620592
5.935	0.616574
5.94	0.61241
5.945	0.608102
5.95	0.603652
5.955	0.599061
5.96	0.594332
5.965	0.589467
5.97	0.584468
5.975	0.579337
5.98	0.574076
5.985	0.568688
5.99	0.563175
5.995	0.557539
6	0.551781
6.005	0.545905
6.01	0.539913
6.015	0.533807
6.02	0.527589
6.025	0.521261
6.03	0.514827
6.035	0.508288
6.04	0.501646
6.045	0.494905
6.05	0.488066
6.055	0.481132
6.06	0.474105
6.065	0.466987
6.07	0.459782
6.075	0.452492
6.08	0.445118
6.085	0.437664
6.09	0.430132
6.095	0.422525
6.1	0.414844
6.105	0.407093
6.11	0.399273
6.115	0.391388
6.12	0.383441
6.125	0.375432
6.13	0.367366
6.135	0.359244
6.14	0.351069
6.145	0.342844
6.15	0.33457
6.155	0.326252
6.16	0.31789
6.165	0.309488
6.17	0.301047
6.175	0.292572
6.18	0.284063
6.185	0.275525
6.19	0.266958
6.195	0.258366
6.2	0.249751
6.205	0.241117
6.21	0.232464
6.215	0.223796
6.22	0.215116
6.225	0.206425
6.23	0.197727
6.235	0.189023
6.24	0.180316
6.245	0.171608
6.25	0.162903
6.255	0.154201
6.26	0.145507
6.265	0.136821
6.27	0.128147
6.275	0.119487
6.28	0.110843
6.285	0.102218
6.29	0.0936129
6.295	0.0850313
6.3	0.0764753
6.305	0.0679471
6.31	0.0594488
6.315	0.0509828
6.32	0.0425512
6.325	0.0341561
6.33	0.0257996
6.335	0.0174841
6.34	0.00921157
6.345	0.000984202
6.35	-0.00719593
6.355	-0.0153268
6.36	-0.0234064
6.365	-0.0314328
6.37	-0.039404
6.375	-0.047318
6.38	-0.0551728
6.385	-0.0629666
6.39	-0.0706973
6.395	-0.0783633
6.4	-0.0859628
6.405	-0.0934939
6.41	-0.100955
6.415	-0.108344
6.42	-0.115661
6.425	-0.122902
6.43	-0.130066
6.435	-0.137152
6.44	-0.144158
6.445	-0.151082
6.45	-0.157924
6.455	-0.164681
6.46	-0.171353
6.465	-0.177937
6.47	-0.184433
6.475	-0.190838
6.48	-0.197153
6.485	-0.203374
6.49	-0.209502
6.495	-0.215535
6.5	-0.221472
6.505	-0.227312
6.51	-0.233053
6.515	-0.238695
6.52	-0.244236
6.525	-0.249676
6.53	-0.255014
6.535	-0.260248
6.54	-0.265378
6.545	-0.270403
6.55	-0.275322
6.555	-0.280135
6.56	-0.28484
6.565	-0.289437
6.57	-0.293925
6.575	-0.298304
6.58	-0.302572
6.585	-0.30673
6.59	-0.310777
6.595	-0.314712
6.6	-0.318535
6.605	-0.322245
6.61	-0.325843
6.615	-0.329326
6.62	-0.332697
6.625	-0.335953
6.63	-0.339096
6.635	-0.342124
6.64	-0.345037
6.645	-0.347836
6.65	-0.35052
6.655	-0.353088
6.66	-0.355542
6.665	-0.357881
6.67	-0.360105
6.675	-0.362214
6.68	-0.364208
6.685	-0.366087
6.69	-0.367851
6.695	-0.369501
6.7	-0.371036
6.705	-0.372458
6.71	-0.373766
6.715	-0.37496
6.72	-0.376042
6.725	-0.37701
6.73	-0.377867
6.735	-0.378611
6.74	-0.379244
6.745	-0.379766
6.75	-0.380177
6.755	-0.380479
6.76	-0.380671
6.765	-0.380754
6.77	-0.38073
6.775	-0.380598
6.78	-0.380359
6.785	-0.380014
6.79	-0.379564
6.795	-0.379009
6.8	-0.378351
6.805	-0.37759
6.81	-0.376727
6.815	-0.375763
6.82	-0.374699
6.825	-0.373535
6.83	-0.372273
6.835	-0.370914
6.84	-0.369458
6.845	-0.367907
6.85	-0.366261
6.855	-0.364522
6.86	-0.362691
6.865	-0.360769
6.87	-0.358757
6.875	-0.356656
6.88	-0.354467
6.885	-0.352192
6.89	-0.349832
6.895	-0.347387
6.9	-0.34486
6.905	-0.342252
6.91	-0.339563
6.915	-0.336795
6.92	-0.333949
6.925	-0.331027
6.93	-0.328029
6.935	-0.324958
6.94	-0.321814
6.945	-0.318598
6.95	-0.315314
6.955	-0.31196
6.96	-0.30854
6.965	-0.305055
6.97	-0.301505
6.975	-0.297892
6.98	-0.294218
6.985	-0.290483
6.99	-0.286691
6.995	-0.282842
7	-0.278937
7.005	-0.274977
7.01	-0.270966
7.015	-0.266903
7.02	-0.26279
7.025	-0.258628
7.03	-0.25442
7.035	-0.250167
7.04	-0.24587
7.045	-0.24153
7.05	-0.23715
7.055	-0.23273
7.06	-0.228273
7.065	-0.223779
7.07	-0.21925
7.075	-0.214688
7.08	-0.210093
7.085	-0.205469
7.09	-0.200815
7.095	-0.196134
7.1	-0.191428
7.105	-0.186696
7.11	-0.181942
7.115	-0.177166
7.12	-0.172369
7.125	-0.167555
7.13	-0.162723
7.135	-0.157875
7.14	-0.153014
7.145	-0.148139
7.15	-0.143254
7.155	-0.138358
7.16	-0.133454
7.165	-0.128542
7.17	-0.123625
7.175	-0.118704
7.18	-0.11378
7.185	-0.108855
7.19	-0.103929
7.195	-0.0990054
7.2	-0.0940841
7.205	-0.0891668
7.21	-0.0842549
7.215	-0.0793497
7.22	-0.0744525
7.225	-0.0695648
7.23	-0.0646877
7.235	-0.0598225
7.24	-0.0549706
7.245	-0.0501332
7.25	-0.0453115
7.255	-0.0405067
7.26	-0.0357202
7.265	-0.0309532
7.27	-0.026207
7.275	-0.0214828
7.28	-0.0167816
7.285	-0.0121047
7.29	-0.00745323
7.295	-0.00282819
7.3	0.00176925
7.305	0.00633797
7.31	0.0108769
7.315	0.0153849
7.32	0.0198609
7.325	0.0243039
7.33	0.0287129
7.335	0.0330869
7.34	0.0374249
7.345	0.0417259
7.35	0.0459889
7.355	0.0502128
7.36	0.0543968
7.365	0.0585399
7.37	0.0626412
7.375	0.0667
7.38	0.0707153
7.385	0.0746864
7.39	0.0786125
7.395	0.0824927
7.4	0.0863262
7.405	0.0901122
7.41	0.09385
7.415	0.0975388
7.42	0.101178
7.425	0.104767
7.43	0.108305
7.435	0.111791
7.44	0.115224
7.445	0.118605
7.45	0.121932
7.455	0.125204
7.46	0.128422
7.465	0.131584
7.47	0.134691
7.475	0.137741
7.48	0.140734
7.485	0.14367
7.49	0.146548
7.495	0.149368
7.5	0.152129
7.505	0.154831
7.51	0.157473
7.515	0.160055
7.52	0.162578
7.525	0.165039
7.53	0.16744
7.535	0.16978
7.54	0.172058
7.545	0.174274
7.55	0.176428
7.555	0.17852
7.56	0.18055
7.565	0.182517
7.57	0.184421
7.575	0.186262
7.58	0.188041
7.585	0.189756
7.59	0.191408
7.595	0.192996
7.6	0.194521
7.605	0.195983
7.61	0.197381
7.615	0.198715
7.62	0.199986
7.625	0.201194
7.63	0.202338
7.635	0.203419
7.64	0.204436
7.645	0.20539
7.65	0.206281
7.655	0.20711
7.66	0.207875
7.665	0.208578
7.67	0.209218
7.675	0.209795
7.68	0.210311
7.685	0.210765
7.69	0.211157
7.695	0.211487
7.7	0.211757
7.705	0.211966
7.71	0.212114
7.715	0.212202
7.72	0.21223
7.725	0.212198
7.73	0.212108
7.735	0.211958
7.74	0.21175
7.745	0.211484
7.75	0.211161
7.755	0.21078
7.76	0.210342
7.765	0.209849
7.77	0.209299
7.775	0.208694
7.78	0.208034
7.785	0.20732
7.79	0.206552
7.795	0.205731
7.8	0.204857
7.805	0.203931
7.81	0.202953
7.815	0.201925
7.82	0.200845
7.825	0.199716
7.83	0.198538
7.835	0.197311
7.84	0.196036
7.845	0.194714
7.85	0.193345
7.855	0.19193
7.86	0.19047
7.865	0.188965
7.87	0.187416
7.875	0.185824
7.88	0.184189
7.885	0.182513
7.89	0.180795
7.895	0.179037
7.9	0.177239
7.905	0.175403
7.91	0.173528
7.915	0.171615
7.92	0.169666
7.925	0.167681
7.93	0.16566
7.935	0.163605
7.94	0.161517
7.945	0.159396
7.95	0.157243
7.955	0.155058
7.96	0.152843
7.965	0.150599
7.97	0.148326
7.975	0.146024
7.98	0.143696
7.985	0.141341
7.99	0.13896
7.995	0.136555
8	0.134126
8.005	0.131673
8.01	0.129199
8.015	0.126703
8.02	0.124186
8.025	0.121649
8.03	0.119094
8.035	0.11652
8.04	0.113929
8.045	0.111322
8.05	0.108699
8.055	0.106061
8.06	0.10341
8.065	0.100745
8.07	0.0980674
8.075	0.0953787
8.08	0.0926792
8.085	0.0899699
8.09	0.0872515
8.095	0.084525
8.1	0.0817911
8.105	0.0790506
8.11	0.0763043
8.115	0.0735531
8.12	0.0707978
8.125	0.0680391
8.13	0.0652779
8.135	0.0625148
8.14	0.0597509
8.145	0.0569867
8.15	0.0542233
8.155	0.0514613
8.16	0.0487015
8.165	0.0459445
8.17	0.0431911
8.175	0.0404421
8.18	0.0376982
8.185	0.0349602
8.19	0.032229
8.195	0.0295052
8.2	0.0267895
8.205	0.0240828
8.21	0.0213856
8.215	0.0186986
8.22	0.0160226
8.225	0.0133582
8.23	0.0107062
8.235	0.00806713
8.24	0.0054418
8.245	0.00283084
8.25	0.000234883
8.255	-0.00234548
8.26	-0.00490965
8.265	-0.00745699
8.27	-0.00998686
8.275	-0.0124986
8.28	-0.0149915
8.285	-0.017465
8.29	-0.0199186
8.295	-0.0223518
8.3	-0.0247639
8.305	-0.0271546
8.31	-0.0295231
8.315	-0.0318691
8.32	-0.0341919
8.325	-0.036491
8.33	-0.0387659
8.335	-0.041016
8.34	-0.0432409
8.345	-0.04544
8.35	-0.0476131
8.355	-0.0497596
8.36	-0.0518791
8.365	-0.0539712
8.37	-0.0560355
8.375	-0.0580713
8.38	-0.0600785
8.385	-0.0620566
8.39	-0.0640053
8.395	-0.0659242
8.4	-0.067813
8.405	-0.0696713
8.41	-0.0714987
8.415	-0.0732949
8.42	-0.0750595
8.425	-0.0767924
8.43	-0.0784931
8.435	-0.0801613
8.44	-0.0817969
8.445	-0.0833996
8.45	-0.0849691
8.455	-0.0865052
8.46	-0.0880077
8.465	-0.0894764
8.47	-0.090911
8.475	-0.0923113
8.48	-0.0936772
8.485	-0.0950085
8.49	-0.096305
8.495	-0.0975666
8.5	-0.0987932
8.505	-0.0999846
8.51	-0.101141
8.515	-0.102261
8.52	-0.103346
8.525	-0.104396
8.53	-0.10541
8.535	-0.106387
8.54	-0.10733
8.545	-0.108236
8.55	-0.109106
8.555	-0.109941
8.56	-0.110739
8.565	-0.111502
8.57	-0.112229
8.575	-0.11292
8.58	-0.113575
8.585	-0.114194
8.59	-0.114777
8.595	-0.115324
8.6	-0.115836
8.605	-0.116313
8.61	-0.116753
8.615	-0.117158
8.62	-0.117528
8.625	-0.117863
8.63	-0.118162
8.635	-0.118427
8.64	-0.118657
8.645	-0.118852
8.65	-0.119013
8.655	-0.119139
8.66	-0.119231
8.665	-0.119289
8.67	-0.119313
8.675	-0.119304
8.68	-0.119261
8.685	-0.119186
8.69	-0.119077
8.695	-0.118935
8.7	-0.118761
8.705	-0.118555
8.71	-0.118316
8.715	-0.118046
8.72	-0.117745
8.725	-0.117413
8.73	-0.117049
8.735	-0.116655
8.74	-0.116231
8.745	-0.115777
8.75	-0.115293
8.755	-0.114779
8.76	-0.114237
8.765	-0.113666
8.77	-0.113067
8.775	-0.112439
8.78	-0.111784
8.785	-0.111102
8.79	-0.110392
8.795	-0.109656
8.8	-0.108894
8.805	-0.108106
8.81	-0.107292
8.815	-0.106454
8.82	-0.105591
8.825	-0.104703
8.83	-0.103791
8.835	-0.102856
8.84	-0.101898
8.845	-0.100917
8.85	-0.0999143
8.855	-0.0988893
8.86	-0.0978429
8.865	-0.0967756
8.87	-0.0956876
8.875	-0.0945795
8.88	-0.0934516
8.885	-0.0923044
8.89	-0.0911383
8.895	-0.0899538
8.9	-0.0887513
8.905	-0.0875314
8.91	-0.0862945
8.915	-0.0850409
8.92	-0.0837711
8.925	-0.0824856
8.93	-0.0811847
8.935	-0.0798691
8.94	-0.0785391
8.945	-0.0771953
8.95	-0.0758381
8.955	-0.074468
8.96	-0.0730854
8.965	-0.0716907
8.97	-0.0702844
8.975	-0.0688669
8.98	-0.0674386
8.985	-0.0660002
8.99	-0.0645521
8.995	-0.0630947
9	-0.0616286
9.005	-0.0601542
9.01	-0.0586719
9.015	-0.0571821
9.02	-0.0556854
9.025	-0.0541822
9.03	-0.052673
9.035	-0.0511582
9.04	-0.0496384
9.045	-0.048114
9.05	-0.0465853
9.055	-0.0450528
9.06	-0.0435169
9.065	-0.0419781
9.07	-0.0404368
9.075	-0.0388936
9.08	-0.0373489
9.085	-0.0358032
9.09	-0.034257
9.095	-0.0327105
9.1	-0.0311643
9.105	-0.0296187
9.11	-0.0280741
9.115	-0.0265311
9.12	-0.0249899
9.125	-0.0234512
9.13	-0.0219152
9.135	-0.0203825
9.14	-0.0188534
9.145	-0.0173283
9.15	-0.0158075
9.155	-0.0142915
9.16	-0.0127806
9.165	-0.0112753
9.17	-0.00977598
9.175	-0.0082831
9.18	-0.00679702
9.185	-0.00531807
9.19	-0.00384661
9.195	-0.00238295
9.2	-0.000927474
9.205	0.00051946
9.21	0.00195747
9.215	0.00338617
9.22	0.00480521
9.225	0.00621425
9.23	0.00761296
9.235	0.00900104
9.24	0.0103782
9.245	0.0117442
9.25	0.0130986
9.255	0.0144412
9.26	0.0157715
9.265	0.0170894
9.27	0.0183944
9.275	0.0196862
9.28	0.0209647
9.285	0.0222296
9.29	0.0234806
9.295	0.0247175
9.3	0.0259399
9.305	0.0271476
9.31	0.0283403
9.315	0.0295178
9.32	0.0306798
9.325	0.0318261
9.33	0.0329566
9.335	0.0340711
9.34	0.0351693
9.345	0.036251
9.35	0.0373159
9.355	0.0383637
9.36	0.0393944
9.365	0.0404078
9.37	0.0414037
9.375	0.042382
9.38	0.0433425
9.385	0.0442849
9.39	0.0452093
9.395	0.0461153
9.4	0.0470028
9.405	0.0478716
9.41	0.0487217
9.415	0.0495529
9.42	0.0503652
9.425	0.0511585
9.43	0.0519327
9.435	0.0526876
9.44	0.0534231
9.445	0.054139
9.45	0.0548352
9.455	0.0555118
9.46	0.0561686
9.465	0.0568058
9.47	0.0574232
9.475	0.0580208
9.48	0.0585983
9.485	0.0591559
9.49	0.0596933
9.495	0.0602106
9.5	0.0607078
9.505	0.0611849
9.51	0.0616419
9.515	0.0620788
9.52	0.0624957
9.525	0.0628925
9.53	0.0632691
9.535	0.0636256
9.54	0.0639619
9.545	0.0642781
9.55	0.0645742
9.555	0.0648505
9.56	0.0651069
9.565	0.0653434
9.57	0.06556
9.575	0.0657568
9.58	0.0659338
9.585	0.066091
9.59	0.0662287
9.595	0.0663468
9.6	0.0664456
9.605	0.066525
9.61	0.0665853
9.615	0.0666264
9.62	0.0666485
9.625	0.0666516
9.63	0.0666358
9.635	0.0666012
9.64	0.066548
9.645	0.0664764
9.65	0.0663865
9.655	0.0662785
9.66	0.0661525
9.665	0.0660085
9.67	0.0658467
9.675	0.0656671
9.68	0.0654701
9.685	0.0652558
9.69	0.0650244
9.695	0.0647761
9.7	0.064511
9.705	0.0642293
9.71	0.0639311
9.715	0.0636166
9.72	0.0632859
9.725	0.0629394
9.73	0.0625772
9.735	0.0621995
9.74	0.0618066
9.745	0.0613986
9.75	0.0609758
9.755	0.0605383
9.76	0.0600863
9.765	0.0596199
9.77	0.0591394
9.775	0.058645
9.78	0.0581371
9.785	0.0576158
9.79	0.0570815
9.795	0.0565342
9.8	0.0559743
9.805	0.0554018
9.81	0.0548171
9.815	0.0542204
9.82	0.0536119
9.825	0.052992
9.83	0.0523609
9.835	0.0517188
9.84	0.0510661
9.845	0.0504027
9.85	0.0497291
9.855	0.0490452
9.86	0.0483516
9.865	0.0476484
9.87	0.046936
9.875	0.0462147
9.88	0.0454847
9.885	0.0447462
9.89	0.0439995
9.895	0.0432448
9.9	0.0424824
9.905	0.0417125
9.91	0.0409353
9.915	0.0401513
9.92	0.0393606
9.925	0.0385636
9.93	0.0377605
9.935	0.0369516
9.94	0.036137
9.945	0.0353169
9.95	0.0344916
9.955	0.0336614
9.96	0.0328267
9.965	0.0319878
9.97	0.031145
9.975	0.0302984
9.98	0.0294483
9.985	0.0285948
9.99	0.0277383
9.995	0.0268791
10	0.0260174
10.005	0.0251534
10.01	0.0242876
10.015	0.02342
10.02	0.0225511
10.025	0.0216809
10.03	0.0208098
10.035	0.0199378
10.04	0.0190653
10.045	0.0181925
10.05	0.0173197
10.055	0.0164473
10.06	0.0155756
10.065	0.0147047
10.07	0.0138347
10.075	0.012966
10.08	0.0120987
10.085	0.011233
10.09	0.0103694
10.095	0.00950792
10.1	0.00864895
10.105	0.00779264
10.11	0.00693919
10.115	0.00608877
10.12	0.00524158
10.125	0.00439784
10.13	0.00355778
10.135	0.00272164
10.14	0.00188967
10.145	0.00106213
10.15	0.000239243
10.155	-0.000578798
10.16	-0.00139183
10.165	-0.00219972
10.17	-0.00300229
10.175	-0.00379937
10.18	-0.00459072
10.185	-0.00537612
10.19	-0.00615534
10.195	-0.00692821
10.2	-0.00769459
10.205	-0.00845435
10.21	-0.00920734
10.215	-0.0099534
10.22	-0.0106923
10.225	-0.0114239
10.23	-0.0121479
10.235	-0.0128643
10.24	-0.0135727
10.245	-0.0142731
10.25	-0.0149655
10.255	-0.0156496
10.26	-0.0163254
10.265	-0.0169928
10.27	-0.0176515
10.275	-0.0183014
10.28	-0.0189424
10.285	-0.0195742
10.29	-0.0201968
10.295	-0.0208101
10.3	-0.0214141
10.305	-0.0220086
10.31	-0.0225935
10.315	-0.0231686
10.32	-0.0237339
10.325	-0.0242892
10.33	-0.0248344
10.335	-0.0253695
10.34	-0.0258943
10.345	-0.0264089
10.35	-0.0269132
10.355	-0.0274071
10.36	-0.0278906
10.365	-0.0283633
10.37	-0.0288254
10.375	-0.0292766
10.38	-0.029717
10.385	-0.0301465
10.39	-0.0305651
10.395	-0.0309728
10.4	-0.0313696
10.405	-0.0317553
10.41	-0.0321299
10.415	-0.0324934
10.42	-0.0328456
10.425	-0.0331866
10.43	-0.0335163
10.435	-0.0338348
10.44	-0.0341421
10.445	-0.0344381
10.45	-0.0347229
10.455	-0.0349964
10.46	-0.0352586
10.465	-0.0355092
10.47	-0.0357485
10.475	-0.0359764
10.48	-0.0361931
10.485	-0.0363984
10.49	-0.0365925
10.495	-0.0367754
10.5	-0.0369469
10.505	-0.0371071
10.51	-0.0372561
10.515	-0.0373938
10.52	-0.0375203
10.525	-0.0376357
10.53	-0.03774
10.535	-0.0378333
10.54	-0.0379156
10.545	-0.0379869
10.55	-0.0380472
10.555	-0.0380966
10.56	-0.0381351
10.565	-0.0381627
10.57	-0.0381795
10.575	-0.0381857
10.58	-0.0381814
10.585	-0.0381666
10.59	-0.0381413
10.595	-0.0381055
10.6	-0.0380594
10.605	-0.038003
10.61	-0.0379363
10.615	-0.0378596
10.62	-0.037773
10.625	-0.0376764
10.63	-0.03757
10.635	-0.0374538
10.64	-0.0373279
10.645	-0.0371924
10.65	-0.0370473
10.655	-0.0368928
10.66	-0.036729
10.665	-0.0365561
10.67	-0.0363741
10.675	-0.0361833
10.68	-0.0359835
10.685	-0.035775
10.69	-0.0355577
10.695	-0.0353319
10.7	-0.0350976
10.705	-0.0348551
10.71	-0.0346044
10.715	-0.0343457
10.72	-0.0340791
10.725	-0.0338046
10.73	-0.0335224
10.735	-0.0332325
10.74	-0.0329351
10.745	-0.0326304
10.75	-0.0323186
10.755	-0.0319997
10.76	-0.031674
10.765	-0.0313414
10.77	-0.0310021
10.775	-0.0306563
10.78	-0.0303041
10.785	-0.0299455
10.79	-0.0295808
10.795	-0.0292102
10.8	-0.0288337
10.805	-0.0284516
10.81	-0.028064
10.815	-0.027671
10.82	-0.0272726
10.825	-0.026869
10.83	-0.0264604
10.835	-0.0260469
10.84	-0.0256287
10.845	-0.025206
10.85	-0.024779
10.855	-0.0243476
10.86	-0.0239122
10.865	-0.0234727
10.87	-0.0230294
10.875	-0.0225823
10.88	-0.0221317
10.885	-0.0216777
10.89	-0.0212206
10.895	-0.0207604
10.9	-0.0202973
10.905	-0.0198314
10.91	-0.0193627
10.915	-0.0188916
10.92	-0.0184179
10.925	-0.0179421
10.93	-0.0174642
10.935	-0.0169843
10.94	-0.0165028
10.945	-0.0160196
10.95	-0.015535
10.955	-0.015049
10.96	-0.0145618
10.965	-0.0140734
10.97	-0.0135842
10.975	-0.0130942
10.98	-0.0126036
10.985	-0.0121126
10.99	-0.0116212
10.995	-0.0111297
11	-0.010638
11.005	-0.0101463
11.01	-0.00965481
11.015	-0.00916357
11.02	-0.00867279
11.025	-0.00818265
11.03	-0.0076933
11.035	-0.00720489
11.04	-0.0067175
11.045	-0.00623123
11.05	-0.0057462
11.055	-0.00526251
11.06	-0.00478032
11.065	-0.00429979
11.07	-0.00382106
11.075	-0.00334426
11.08	-0.00286951
11.085	-0.00239688
11.09	-0.00192649
11.095	-0.00145842
11.1	-0.000992765
11.105	-0.000529664
11.11	-6.92585e-05
11.115	0.000388299
11.12	0.000842864
11.125	0.00129432
11.13	0.00174258
11.135	0.00218758
11.14	0.00262924
11.145	0.00306748
11.15	0.00350217
11.155	0.00393318
11.16	0.0043604
11.165	0.00478373
11.17	0.00520308
11.175	0.00561838
11.18	0.00602955
11.185	0.00643651
11.19	0.00683919
11.195	0.00723749
11.2	0.00763133
11.205	0.00802059
11.21	0.00840516
11.215	0.00878493
11.22	0.00915984
11.225	0.00952983
11.23	0.00989488
11.235	0.0102549
11.24	0.0106099
11.245	0.0109597
11.25	0.0113043
11.255	0.0116435
11.26	0.0119773
11.265	0.0123057
11.27	0.0126286
11.275	0.0129461
11.28	0.013258
11.285	0.0135642
11.29	0.0138647
11.295	0.0141595
11.3	0.0144483
11.305	0.0147314
11.31	0.0150085
11.315	0.0152796
11.32	0.0155448
11.325	0.0158039
11.33	0.0160571
11.335	0.0163043
11.34	0.0165453
11.345	0.0167801
11.35	0.0170088
11.355	0.0172312
11.36	0.0174475
11.365	0.0176575
11.37	0.0178613
11.375	0.0180588
11.38	0.01825
11.385	0.0184348
11.39	0.0186132
11.395	0.0187852
11.4	0.0189509
11.405	0.0191103
11.41	0.0192633
11.415	0.01941
11.42	0.0195503
11.425	0.0196843
11.43	0.0198119
11.435	0.0199331
11.44	0.020048
11.445	0.0201564
11.45	0.0202584
11.455	0.0203541
11.46	0.0204435
11.465	0.0205267
11.47	0.0206035
11.475	0.020674
11.48	0.0207382
11.485	0.0207961
11.49	0.0208479
11.495	0.0208934
11.5	0.0209327
11.505	0.020966
11.51	0.0209932
11.515	0.0210142
11.52	0.0210292
11.525	0.0210382
11.53	0.0210411
11.535	0.0210381
11.54	0.0210291
11.545	0.0210142
11.55	0.0209935
11.555	0.020967
11.56	0.0209347
11.565	0.0208968
11.57	0.0208531
11.575	0.0208038
11.58	0.0207489
11.585	0.0206885
11.59	0.0206226
11.595	0.0205513
11.6	0.0204747
11.605	0.0203928
11.61	0.0203056
11.615	0.0202133
11.62	0.0201157
11.625	0.020013
11.63	0.0199052
11.635	0.0197924
11.64	0.0196748
11.645	0.0195523
11.65	0.0194251
11.655	0.0192931
11.66	0.0191565
11.665	0.0190153
11.67	0.0188696
11.675	0.0187194
11.68	0.0185649
11.685	0.0184061
11.69	0.0182431
11.695	0.0180759
11.7	0.0179046
11.705	0.0177292
11.71	0.0175499
11.715	0.0173666
11.72	0.0171795
11.725	0.0169887
11.73	0.0167942
11.735	0.0165963
11.74	0.0163948
11.745	0.01619
11.75	0.0159818
11.755	0.0157704
11.76	0.0155557
11.765	0.0153379
11.77	0.0151171
11.775	0.0148934
11.78	0.0146669
11.785	0.0144376
11.79	0.0142056
11.795	0.0139709
11.8	0.0137336
11.805	0.0134939
11.81	0.0132517
11.815	0.0130073
11.82	0.0127607
11.825	0.012512
11.83	0.0122613
11.835	0.0120087
11.84	0.0117542
11.845	0.0114978
11.85	0.0112397
11.855	0.01098
11.86	0.0107187
11.865	0.0104559
11.87	0.0101919
11.875	0.00992656
11.88	0.00965999
11.885	0.00939223
11.89	0.00912336
11.895	0.00885349
11.9	0.00858272
11.905	0.00831117
11.91	0.00803891
11.915	0.00776604
11.92	0.00749262
11.925	0.00721873
11.93	0.00694444
11.935	0.0066698
11.94	0.00639489
11.945	0.00611978
11.95	0.00584457
11.955	0.00556935
11.96	0.00529422
11.965	0.00501927
11.97	0.00474453
11.975	0.00447006
11.98	0.00419591
11.985	0.00392215
11.99	0.00364888
11.995	0.00337621
12	0.00310422
12.005	0.002833
12.01	0.00256263
12.015	0.00229315
12.02	0.00202461
12.025	0.00175706
12.03	0.00149057
12.035	0.0012252
12.04	0.00096105
12.045	0.000698193
12.05	0.000436712
12.055	0.000176671
12.06	-8.18847e-05
12.065	-0.000338916
12.07	-0.000594379
12.075	-0.000848217
12.08	-0.00110035
12.085	-0.00135071
12.09	-0.00159919
12.095	-0.00184573
12.1	-0.00209027
12.105	-0.00233276
12.11	-0.00257317
12.115	-0.00281146
12.12	-0.00304759
12.125	-0.00328151
12.13	-0.00351317
12.135	-0.00374249
12.14	-0.0039694
12.145	-0.00419384
12.15	-0.00441578
12.155	-0.0046352
12.16	-0.00485208
12.165	-0.00506638
12.17	-0.00527804
12.175	-0.00548699
12.18	-0.00569315
12.185	-0.00589647
12.19	-0.00609691
12.195	-0.00629445
12.2	-0.00648909
12.205	-0.0066808
12.21	-0.00686955
12.215	-0.00705532
12.22	-0.00723807
12.225	-0.00741773
12.23	-0.00759426
12.235	-0.00776762
12.24	-0.00793777
12.245	-0.00810472
12.25	-0.00826845
12.255	-0.00842897
12.26	-0.00858624
12.265	-0.00874022
12.27	-0.00889084
12.275	-0.00903806
12.28	-0.00918186
12.285	-0.00932224
12.29	-0.00945922
12.295	-0.00959281
12.3	-0.009723
12.305	-0.00984975
12.31	-0.00997302
12.315	-0.0100928
12.32	-0.0102091
12.325	-0.0103218
12.33	-0.010431
12.335	-0.0105366
12.34	-0.0106388
12.345	-0.0107374
12.35	-0.0108325
12.355	-0.010924
12.36	-0.011012
12.365	-0.0110964
12.37	-0.0111772
12.375	-0.0112543
12.38	-0.0113279
12.385	-0.0113979
12.39	-0.0114644
12.395	-0.0115274
12.4	-0.0115869
12.405	-0.0116428
12.41	-0.0116951
12.415	-0.0117439
12.42	-0.0117891
12.425	-0.0118308
12.43	-0.011869
12.435	-0.0119037
12.44	-0.011935
12.445	-0.0119628
12.45	-0.0119871
12.455	-0.0120079
12.46	-0.0120252
12.465	-0.0120391
12.47	-0.0120496
12.475	-0.0120567
12.48	-0.0120605
12.485	-0.012061
12.49	-0.0120582
12.495	-0.0120521
12.5	-0.0120427
12.505	-0.01203
12.51	-0.012014
12.515	-0.0119948
12.52	-0.0119724
12.525	-0.0119469
12.53	-0.0119182
12.535	-0.0118865
12.54	-0.0118517
12.545	-0.0118137
12.55	-0.0117728
12.555	-0.0117288
12.56	-0.0116818
12.565	-0.011632
12.57	-0.0115793
12.575	-0.0115237
12.58	-0.0114654
12.585	-0.0114042
12.59	-0.0113403
12.595	-0.0112736
12.6	-0.0112041
12.605	-0.011132
12.61	-0.0110572
12.615	-0.0109799
12.62	-0.0109
12.625	-0.0108177
12.63	-0.0107329
12.635	-0.0106456
12.64	-0.0105559
12.645	-0.0104638
12.65	-0.0103694
12.655	-0.0102727
12.66	-0.0101739
12.665	-0.0100729
12.67	-0.00996983
12.675	-0.0098646
12.68	-0.00975726
12.685	-0.00964784
12.69	-0.00953641
12.695	-0.00942301
12.7	-0.00930772
12.705	-0.0091906
12.71	-0.0090717
12.715	-0.00895108
12.72	-0.00882875
12.725	-0.00870474
12.73	-0.00857907
12.735	-0.00845179
12.74	-0.00832295
12.745	-0.00819265
12.75	-0.00806094
12.755	-0.00792789
12.76	-0.00779352
12.765	-0.00765783
12.77	-0.00752083
12.775	-0.00738254
12.78	-0.00724303
12.785	-0.00710235
12.79	-0.00696061
12.795	-0.00681788
12.8	-0.00667421
12.805	-0.00652965
12.81	-0.00638421
12.815	-0.00623792
12.82	-0.0060908
12.825	-0.00594289
12.83	-0.00579424
12.835	-0.00564495
12.84	-0.00549508
12.845	-0.00534469
12.85	-0.00519381
12.855	-0.00504244
12.86	-0.0048906
12.865	-0.00473831
12.87	-0.00458561
12.875	-0.00443258
12.88	-0.0042793
12.885	-0.00412586
12.89	-0.00397231
12.895	-0.00381869
12.9	-0.00366503
12.905	-0.00351132
12.91	-0.0033576
12.915	-0.00320388
12.92	-0.00305023
12.925	-0.00289672
12.93	-0.00274343
12.935	-0.00259041
12.94	-0.00243769
12.945	-0.00228527
12.95	-0.00213315
12.955	-0.00198135
12.96	-0.00182993
12.965	-0.00167896
12.97	-0.00152851
12.975	-0.00137865
12.98	-0.00122944
12.985	-0.00108089
12.99	-0.000933032
12.995	-0.000785866
13	-0.00063941
13.005	-0.000493686
13.01	-0.000348736
13.015	-0.000204618
13.02	-6.1402e-05
13.025	8.08539e-05
13.03	0.000222118
13.035	0.000362388
13.04	0.000501677
13.045	0.000639981
13.05	0.000777265
13.055	0.000913456
13.06	0.00104847
13.065	0.00118225
13.07	0.00131476
13.075	0.00144599
13.08	0.00157595
13.085	0.00170464
13.09	0.00183203
13.095	0.0019581
13.1	0.00208281
13.105	0.00220612
13.11	0.002328
13.115	0.00244839
13.12	0.00256728
13.125	0.00268463
13.13	0.00280046
13.135	0.00291477
13.14	0.00302756
13.145	0.00313881
13.15	0.00324843
13.155	0.00335636
13.16	0.00346255
13.165	0.003567
13.17	0.00366973
13.175	0.00377076
13.18	0.00387011
13.185	0.00396775
13.19	0.00406365
13.195	0.00415775
13.2	0.00425003
13.205	0.00434047
13.21	0.00442907
13.215	0.00451581
13.22	0.00460069
13.225	0.00468372
13.23	0.00476489
13.235	0.0048442
13.24	0.00492161
13.245	0.00499708
13.25	0.00507058
13.255	0.00514207
13.26	0.00521159
13.265	0.00527916
13.27	0.00534483
13.275	0.00540859
13.28	0.00547043
13.285	0.0055303
13.29	0.00558816
13.295	0.00564399
13.3	0.00569781
13.305	0.00574962
13.31	0.00579945
13.315	0.00584731
13.32	0.0058932
13.325	0.00593711
13.33	0.00597901
13.335	0.0060189
13.34	0.00605674
13.345	0.00609254
13.35	0.00612632
13.355	0.00615812
13.36	0.00618797
13.365	0.00621589
13.37	0.00624189
13.375	0.00626593
13.38	0.00628797
13.385	0.006308
13.39	0.00632602
13.395	0.00634206
13.4	0.00635616
13.405	0.00636836
13.41	0.00637867
13.415	0.00638709
13.42	0.0063936
13.425	0.00639818
13.43	0.00640082
13.435	0.00640154
13.44	0.00640036
13.445	0.00639734
13.45	0.00639252
13.455	0.00638593
13.46	0.00637758
13.465	0.00636744
13.47	0.00635547
13.475	0.00634167
13.48	0.00632606
13.485	0.00630866
13.49	0.00628953
13.495	0.0062687
13.5	0.00624622
13.505	0.00622208
13.51	0.00619629
13.515	0.00616884
13.52	0.00613973
13.525	0.00610896
13.53	0.00607656
13.535	0.00604258
13.54	0.00600706
13.545	0.00597007
13.55	0.00593163
13.555	0.00589172
13.56	0.00585031
13.565	0.00580737
13.57	0.00576294
13.575	0.00571705
13.58	0.00566976
13.585	0.00562114
13.59	0.00557121
13.595	0.00551997
13.6	0.00546743
13.605	0.00541359
13.61	0.00535847
13.615	0.0053021
13.62	0.00524451
13.625	0.00518572
13.63	0.00512577
13.635	0.00506472
13.64	0.00500258
13.645	0.00493938
13.65	0.00487511
13.655	0.00480975
13.66	0.00474332
13.665	0.00467583
13.67	0.00460735
13.675	0.00453795
13.68	0.00446768
13.685	0.00439655
13.69	0.00432457
13.695	0.00425172
13.7	0.00417803
13.705	0.00410352
13.71	0.00402826
13.715	0.00395226
13.72	0.00387558
13.725	0.00379822
13.73	0.00372021
13.735	0.00364156
13.74	0.00356229
13.745	0.0034824
13.75	0.00340192
13.755	0.00332086
13.76	0.00323927
13.765	0.00315722
13.77	0.00307475
13.775	0.0029919
13.78	0.00290868
13.785	0.00282508
13.79	0.00274109
13.795	0.00265674
13.8	0.00257207
13.805	0.00248713
13.81	0.00240198
13.815	0.00231663
13.82	0.0022311
13.825	0.00214539
13.83	0.00205951
13.835	0.00197347
13.84	0.0018873
13.845	0.00180102
13.85	0.00171469
13.855	0.00162835
13.86	0.00154203
13.865	0.00145578
13.87	0.00136962
13.875	0.00128353
13.88	0.00119753
13.885	0.00111162
13.89	0.00102582
13.895	0.000940181
13.9	0.000854742
13.905	0.00076954
13.91	0.000684598
13.915	0.000599922
13.92	0.000515515
13.925	0.000431378
13.93	0.000347519
13.935	0.000263968
13.94	0.000180765
13.945	9.79654e-05
13.95	1.5618e-05
13.955	-6.62441e-05
13.96	-0.000147612
13.965	-0.000228496
13.97	-0.00030891
13.975	-0.000388851
13.98	-0.000468299
13.985	-0.000547212
13.99	-0.000625551
13.995	-0.000703283
14	-0.000780393
14.005	-0.000856875
14.01	-0.000932729
14.015	-0.00100795
14.02	-0.00108252
14.025	-0.00115643
14.03	-0.00122964
14.035	-0.00130211
14.04	-0.00137382
14.045	-0.00144471
14.05	-0.00151479
14.055	-0.00158405
14.06	-0.00165253
14.065	-0.00172023
14.07	-0.00178716
14.075	-0.00185328
14.08	-0.00191854
14.085	-0.0019829
14.09	-0.00204634
14.095	-0.00210886
14.1	-0.00217048
14.105	-0.00223121
14.11	-0.00229104
14.115	-0.00234995
14.12	-0.00240792
14.125	-0.0024649
14.13	-0.00252087
14.135	-0.00257583
14.14	-0.00262975
14.145	-0.00268266
14.15	-0.00273455
14.155	-0.00278545
14.16	-0.00283536
14.165	-0.00288428
14.17	-0.00293217
14.175	-0.00297899
14.18	-0.00302472
14.185	-0.00306934
14.19	-0.00311289
14.195	-0.00315538
14.2	-0.00319683
14.205	-0.00323723
14.21	-0.00327654
14.215	-0.00331473
14.22	-0.00335178
14.225	-0.00338767
14.23	-0.00342243
14.235	-0.00345607
14.24	-0.00348862
14.245	-0.00352008
14.25	-0.00355044
14.255	-0.0035797
14.26	-0.00360785
14.265	-0.00363489
14.27	-0.00366079
14.275	-0.00368555
14.28	-0.00370916
14.285	-0.00373163
14.29	-0.00375299
14.295	-0.00377324
14.3	-0.00379239
14.305	-0.00381042
14.31	-0.00382729
14.315	-0.00384301
14.32	-0.00385757
14.325	-0.00387101
14.33	-0.00388336
14.335	-0.00389465
14.34	-0.00390487
14.345	-0.00391401
14.35	-0.00392205
14.355	-0.00392898
14.36	-0.0039348
14.365	-0.00393953
14.37	-0.00394318
14.375	-0.00394575
14.38	-0.00394725
14.385	-0.00394769
14.39	-0.00394709
14.395	-0.00394543
14.4	-0.00394273
14.405	-0.00393897
14.41	-0.00393416
14.415	-0.00392831
14.42	-0.00392146
14.425	-0.00391362
14.43	-0.00390484
14.435	-0.0038951
14.44	-0.0038844
14.445	-0.0038727
14.45	-0.00386
14.455	-0.00384632
14.46	-0.00383168
14.465	-0.00381612
14.47	-0.00379964
14.475	-0.00378226
14.48	-0.00376399
14.485	-0.00374482
14.49	-0.00372475
14.495	-0.00370379
14.5	-0.00368195
14.505	-0.00365926
14.51	-0.00363573
14.515	-0.0036114
14.52	-0.0035863
14.525	-0.00356042
14.53	-0.00353378
14.535	-0.00350635
14.54	-0.00347811
14.545	-0.00344908
14.55	-0.00341927
14.555	-0.00338872
14.56	-0.00335746
14.565	-0.00332553
14.57	-0.00329293
14.575	-0.00325966
14.58	-0.00322572
14.585	-0.00319111
14.59	-0.00315584
14.595	-0.00311994
14.6	-0.00308344
14.605	-0.00304637
14.61	-0.00300877
14.615	-0.00297062
14.62	-0.00293193
14.625	-0.00289268
14.63	-0.00285286
14.635	-0.00281248
14.64	-0.00277157
14.645	-0.00273018
14.65	-0.00268833
14.655	-0.00264606
14.66	-0.00260337
14.665	-0.00256027
14.67	-0.00251675
14.675	-0.00247284
14.68	-0.00242853
14.685	-0.00238384
14.69	-0.0023388
14.695	-0.00229344
14.7	-0.00224779
14.705	-0.00220185
14.71	-0.00215563
14.715	-0.00210912
14.72	-0.0020623
14.725	-0.00201517
14.73	-0.00196777
14.735	-0.00192014
14.74	-0.00187234
14.745	-0.0018244
14.75	-0.00177632
14.755	-0.00172809
14.76	-0.00167969
14.765	-0.00163113
14.77	-0.00158244
14.775	-0.00153365
14.78	-0.00148479
14.785	-0.00143586
14.79	-0.00138688
14.795	-0.00133785
14.8	-0.00128878
14.805	-0.00123969
14.81	-0.00119057
14.815	-0.00114141
14.82	-0.00109224
14.825	-0.00104309
14.83	-0.000994007
14.835	-0.00094503
14.84	-0.000896178
14.845	-0.000847444
14.85	-0.000798805
14.855	-0.000750246
14.86	-0.00070178
14.865	-0.000653437
14.87	-0.000605256
14.875	-0.000557262
14.88	-0.000509464
14.885	-0.000461857
14.89	-0.000414437
14.895	-0.000367209
14.9	-0.000320183
14.905	-0.000273376
14.91	-0.000226803
14.915	-0.000180483
14.92	-0.000134442
14.925	-8.87099e-05
14.93	-4.33076e-05
14.935	1.75833e-06
14.94	4.64981e-05
14.945	9.09276e-05
14.95	0.000135053
14.955	0.00017886
14.96	0.00022232
14.965	0.000265404
14.97	0.000308091
14.975	0.00035038
14.98	0.000392281
14.985	0.0004338
14.99	0.000474934
14.995	0.000515667
15	0.000555978
15.005	0.000595842
15.01	0.000635239
15.015	0.000674152
15.02	0.00071257
15.025	0.000750492
15.03	0.000787926
15.035	0.000824884
15.04	0.000861373
15.045	0.000897389
15.05	0.000932917
15.055	0.000967932
15.06	0.00100242
15.065	0.00103636
15.07	0.00106976
15.075	0.00110263
15.08	0.00113497
15.085	0.00116676
15.09	0.00119801
15.095	0.0012287
15.1	0.00125879
15.105	0.00128829
15.11	0.00131717
15.115	0.00134545
15.12	0.00137313
15.125	0.00140025
15.13	0.00142681
15.135	0.00145281
15.14	0.00147824
15.145	0.00150306
15.15	0.00152724
15.155	0.00155078
15.16	0.0015737
15.165	0.00159599
15.17	0.00161768
15.175	0.00163876
15.18	0.00165923
15.185	0.00167907
15.19	0.00169827
15.195	0.00171683
15.2	0.00173473
15.205	0.00175199
15.21	0.00176861
15.215	0.0017846
15.22	0.00179998
15.225	0.00181476
15.23	0.00182894
15.235	0.00184249
15.24	0.00185539
15.245	0.00186761
15.25	0.00187917
15.255	0.00189009
15.26	0.00190039
15.265	0.00191009
15.27	0.00191918
15.275	0.00192765
15.28	0.00193546
15.285	0.00194262
15.29	0.00194914
15.295	0.00195502
15.3	0.00196028
15.305	0.00196494
15.31	0.00196901
15.315	0.00197249
15.32	0.00197538
15.325	0.00197767
15.33	0.00197935
15.335	0.00198041
15.34	0.00198084
15.345	0.00198065
15.35	0.00197988
15.355	0.00197854
15.36	0.00197664
15.365	0.00197417
15.37	0.00197112
15.375	0.00196747
15.38	0.00196322
15.385	0.0019584
15.39	0.00195304
15.395	0.00194716
15.4	0.00194076
15.405	0.00193385
15.41	0.0019264
15.415	0.00191842
15.42	0.00190989
15.425	0.00190082
15.43	0.00189122
15.435	0.0018811
15.44	0.00187047
15.445	0.00185936
15.45	0.00184777
15.455	0.00183572
15.46	0.00182319
15.465	0.00181018
15.47	0.00179669
15.475	0.00178273
15.48	0.0017683
15.485	0.00175345
15.49	0.00173819
15.495	0.00172253
15.5	0.00170647
15.505	0.00168998
15.51	0.00167305
15.515	0.00165569
15.52	0.00163792
15.525	0.00161974
15.53	0.00160119
15.535	0.00158228
15.54	0.00156303
15.545	0.00154344
15.55	0.00152349
15.555	0.0015032
15.56	0.00148256
15.565	0.00146158
15.57	0.00144028
15.575	0.00141868
15.58	0.00139679
15.585	0.00137462
15.59	0.00135219
15.595	0.00132948
15.6	0.00130648
15.605	0.00128321
15.61	0.00125965
15.615	0.00123582
15.62	0.00121175
15.625	0.00118746
15.63	0.00116296
15.635	0.00113828
15.64	0.0011134
15.645	0.00108833
15.65	0.00106305
15.655	0.00103758
15.66	0.00101192
15.665	0.000986111
15.67	0.000960159
15.675	0.000934082
15.68	0.000907882
15.685	0.000881554
15.69	0.000855086
15.695	0.000828475
15.7	0.000801727
15.705	0.00077486
15.71	0.000747895
15.715	0.000720859
15.72	0.00069377
15.725	0.00066664
15.73	0.00063947
15.735	0.000612256
15.74	0.000584993
15.745	0.000557679
15.75	0.000530325
15.755	0.000502949
15.76	0.000475574
15.765	0.000448218
15.77	0.000420887
15.775	0.000393572
15.78	0.000366256
15.785	0.000338929
15.79	0.000311596
15.795	0.000284281
15.8	0.000257016
15.805	0.000229833
15.81	0.000202751
15.815	0.000175772
15.82	0.00014889
15.825	0.000122095
15.83	9.5383e-05
15.835	6.87542e-05
15.84	4.22166e-05
15.845	1.57828e-05
15.85	-1.05309e-05
15.855	-3.67087e-05
15.86	-6.27397e-05
15.865	-8.8623e-05
15.87	-0.000114368
15.875	-0.000139987
15.88	-0.000165485
15.885	-0.000190849
15.89	-0.000216048
15.895	-0.000241045
15.9	-0.000265811
15.905	-0.000290341
15.91	-0.000314651
15.915	-0.000338764
15.92	-0.000362699
15.925	-0.000386456
15.93	-0.000410017
15.935	-0.000433363
15.94	-0.000456476
15.945	-0.000479347
15.95	-0.000501975
15.955	-0.000524361
15.96	-0.000546508
15.965	-0.000568414
15.97	-0.000590081
15.975	-0.000611504
15.98	-0.000632672
15.985	-0.000653561
15.99	-0.000674148
15.995	-0.000694415
16	-0.000714367
16.005	-0.000734024
16.01	-0.000753411
16.015	-0.000772545
16.02	-0.000791419
16.025	-0.00081001
16.03	-0.00082829
16.035	-0.000846244
16.04	-0.000863873
16.045	-0.000881189
16.05	-0.000898203
16.055	-0.000914918
16.06	-0.000931325
16.065	-0.000947413
16.07	-0.00096317
16.075	-0.000978584
16.08	-0.000993647
16.085	-0.00100835
16.09	-0.00102269
16.095	-0.00103668
16.1	-0.00105033
16.105	-0.00106367
16.11	-0.00107672
16.115	-0.00108946
16.12	-0.00110186
16.125	-0.0011139
16.13	-0.00112557
16.135	-0.00113687
16.14	-0.00114782
16.145	-0.00115843
16.15	-0.00116871
16.155	-0.00117865
16.16	-0.00118822
16.165	-0.00119741
16.17	-0.00120622
16.175	-0.00121466
16.18	-0.00122273
16.185	-0.00123044
16.19	-0.00123782
16.195	-0.00124486
16.2	-0.00125159
16.205	-0.001258
16.21	-0.00126407
16.215	-0.00126978
16.22	-0.00127512
16.225	-0.00128006
16.23	-0.00128463
16.235	-0.00128884
16.24	-0.00129272
16.245	-0.00129628
16.25	-0.00129949
16.255	-0.00130235
16.26	-0.00130484
16.265	-0.00130696
16.27	-0.00130872
16.275	-0.00131015
16.28	-0.00131127
16.285	-0.00131208
16.29	-0.00131259
16.295	-0.00131278
16.3	-0.00131265
16.305	-0.00131218
16.31	-0.00131136
16.315	-0.00131017
16.32	-0.00130863
16.325	-0.00130677
16.33	-0.0013046
16.335	-0.00130215
16.34	-0.0012994
16.345	-0.00129635
16.35	-0.00129297
16.355	-0.00128926
16.36	-0.00128524
16.365	-0.00128091
16.37	-0.00127631
16.375	-0.00127145
16.38	-0.00126633
16.385	-0.00126094
16.39	-0.00125527
16.395	-0.00124931
16.4	-0.00124304
16.405	-0.00123646
16.41	-0.00122959
16.415	-0.00122245
16.42	-0.00121506
16.425	-0.00120745
16.43	-0.00119961
16.435	-0.00119153
16.44	-0.00118318
16.445	-0.00117456
16.45	-0.00116567
16.455	-0.00115655
16.46	-0.00114722
16.465	-0.0011377
16.47	-0.00112799
16.475	-0.00111807
16.48	-0.00110794
16.485	-0.00109757
16.49	-0.00108697
16.495	-0.00107613
16.5	-0.00106507
16.505	-0.00105381
16.51	-0.00104237
16.515	-0.00103078
16.52	-0.00101904
16.525	-0.00100714
16.53	-0.000995068
16.535	-0.000982795
16.54	-0.000970331
16.545	-0.000957701
16.55	-0.000944936
16.555	-0.00093206
16.56	-0.000919074
16.565	-0.000905961
16.57	-0.000892697
16.575	-0.000879267
16.58	-0.000865674
16.585	-0.000851933
16.59	-0.000838063
16.595	-0.000824084
16.6	-0.000810013
16.605	-0.000795863
16.61	-0.000781644
16.615	-0.000767353
16.62	-0.00075298
16.625	-0.000738507
16.63	-0.000723924
16.635	-0.00070924
16.64	-0.00069448
16.645	-0.000679675
16.65	-0.000664842
16.655	-0.000649975
16.66	-0.000635052
16.665	-0.000620048
16.67	-0.000604959
16.675	-0.0005898
16.68	-0.000574601
16.685	-0.000559391
16.69	-0.000544185
16.695	-0.000528983
16.7	-0.000513782
16.705	-0.000498573
16.71	-0.000483352
16.715	-0.000468116
16.72	-0.000452863
16.725	-0.000437595
16.73	-0.000422324
16.735	-0.000407073
16.74	-0.00039186
16.745	-0.000376697
16.75	-0.000361574
16.755	-0.000346471
16.76	-0.000331369
16.765	-0.000316267
16.77	-0.000301184
16.775	-0.000286151
16.78	-0.000271195
16.785	-0.000256328
16.79	-0.000241546
16.795	-0.000226835
16.8	-0.000212181
16.805	-0.000197578
16.81	-0.000183029
16.815	-0.000168542
16.82	-0.00015413
16.825	-0.000139808
16.83	-0.000125589
16.835	-0.000111479
16.84	-9.74741e-05
16.845	-8.35592e-05
16.85	-6.97193e-05
16.855	-5.5949e-05
16.86	-4.22598e-05
16.865	-2.86776e-05
16.87	-1.52316e-05
16.875	-1.94133e-06
16.88	1.11914e-05
16.885	2.41805e-05
16.89	3.70459e-05
16.895	4.98038e-05
16.9	6.24588e-05
16.905	7.50041e-05
16.91	8.74242e-05
16.915	9.97015e-05
16.92	0.000111822
16.925	0.00012378
16.93	0.000135581
16.935	0.000147237
16.94	0.000158762
16.945	0.000170161
16.95	0.000181421
16.955	0.00019252
16.96	0.000203433
16.965	0.000214145
16.97	0.000224659
16.975	0.000234991
16.98	0.000245163
16.985	0.00025519
16.99	0.000265076
16.995	0.000274812
17	0.000284384
17.005	0.000293775
17.01	0.000302973
17.015	0.000311971
17.02	0.000320771
17.025	0.000329382
17.03	0.000337822
17.035	0.000346101
17.04	0.000354217
17.045	0.000362153
17.05	0.000369879
17.055	0.000377374
17.06	0.000384638
17.065	0.000391689
17.07	0.000398561
17.075	0.000405276
17.08	0.00041184
17.085	0.000418234
17.09	0.000424433
17.095	0.000430418
17.1	0.000436183
17.105	0.000441735
17.11	0.000447086
17.115	0.000452242
17.12	0.00045721
17.125	0.000461993
17.13	0.000466589
17.135	0.000470994
17.14	0.000475193
17.145	0.000479169
17.15	0.00048291
17.155	0.000486423
17.16	0.000489732
17.165	0.000492872
17.17	0.000495863
17.175	0.000498703
17.18	0.000501366
17.185	0.000503819
17.19	0.000506039
17.195	0.000508028
17.2	0.000509807
17.205	0.0005114
17.21	0.000512819
17.215	0.000514063
17.22	0.000515123
17.225	0.000515986
17.23	0.000516645
17.235	0.000517099
17.24	0.000517347
17.245	0.000517394
17.25	0.000517252
17.255	0.000516939
17.26	0.000516475
17.265	0.000515871
17.27	0.000515116
17.275	0.000514184
17.28	0.000513047
17.285	0.000511689
17.29	0.000510119
17.295	0.000508364
17.3	0.000506453
17.305	0.0005044
17.31	0.000502198
17.315	0.000499829
17.32	0.000497276
17.325	0.000494534
17.33	0.000491614
17.335	0.000488533
17.34	0.000485307
17.345	0.000481946
17.35	0.000478452
17.355	0.000474827
17.36	0.000471064
17.365	0.000467152
17.37	0.000463076
17.375	0.000458824
17.38	0.000454393
17.385	0.000449799
17.39	0.000445066
17.395	0.000440219
17.4	0.000435268
17.405	0.000430205
17.41	0.000425011
17.415	0.00041967
17.42	0.000414179
17.425	0.000408552
17.43	0.000402811
17.435	0.000396978
17.44	0.000391059
17.445	0.00038505
17.45	0.000378936
17.455	0.000372699
17.46	0.000366327
17.465	0.000359818
17.47	0.00035318
17.475	0.00034643
17.48	0.00033959
17.485	0.000332679
17.49	0.000325705
17.495	0.000318662
17.5	0.000311537
17.505	0.000304315
17.51	0.000296991
17.515	0.000289572
17.52	0.000282074
17.525	0.000274517
17.53	0.000266913
17.535	0.000259263
17.54	0.00025156
17.545	0.000243786
17.55	0.000235928
17.555	0.000227975
17.56	0.000219931
17.565	0.000211816
17.57	0.000203656
17.575	0.000195476
17.58	0.000187289
17.585	0.000179089
17.59	0.000170855
17.595	0.000162566
17.6	0.000154215
17.605	0.000145812
17.61	0.000137378
17.615	0.000128935
17.62	0.000120493
17.625	0.000112046
17.63	0.000103581
17.635	9.50845e-05
17.64	8.65485e-05
17.645	7.79724e-05
17.65	6.93617e-05
17.655	6.07281e-05
17.66	5.20903e-05
17.665	4.34716e-05
17.67	3.48911e-05
17.675	2.63534e-05
17.68	1.78431e-05
17.685	9.33273e-06
17.69	7.99003e-07
17.695	-7.76043e-06
17.7	-1.63238e-05
17.705	-2.48584e-05
17.71	-3.33412e-05
17.715	-4.17737e-05
17.72	-5.01788e-05
17.725	-5.8584e-05
17.73	-6.70017e-05
17.735	-7.54227e-05
17.74	-8.38228e-05
17.745	-9.21781e-05
17.75	-0.000100475
17.755	-0.000108708
17.76	-0.00011688
17.765	-0.000124988
17.77	-0.000133036
17.775	-0.000141035
17.78	-0.000149004
17.785	-0.000156956
17.79	-0.000164889
17.795	-0.000172781
17.8	-0.000180599
17.805	-0.000188322
17.81	-0.000195955
17.815	-0.000203526
17.82	-0.000211067
17.825	-0.000218591
17.83	-0.000226079
17.835	-0.000233494
17.84	-0.000240802
17.845	-0.000247992
17.85	-0.000255076
17.855	-0.000262077
17.86	-0.000269012
17.865	-0.000275886
17.87	-0.000282696
17.875	-0.000289438
17.88	-0.000296111
17.885	-0.00030271
17.89	-0.000309225
17.895	-0.00031564
17.9	-0.000321945
17.905	-0.000328144
17.91	-0.00033426
17.915	-0.000340313
17.92	-0.000346308
17.925	-0.000352227
17.93	-0.000358037
17.935	-0.000363709
17.94	-0.000369236
17.945	-0.000374638
17.95	-0.000379944
17.955	-0.000385178
17.96	-0.000390344
17.965	-0.000395433
17.97	-0.000400428
17.975	-0.000405318
17.98	-0.000410096
17.985	-0.000414762
17.99	-0.000419314
17.995	-0.000423755
18	-0.00042809
18.005	-0.000432327
18.01	-0.000436472
18.015	-0.00044052
18.02	-0.000444453
18.025	-0.000448252
18.03	-0.000451907
18.035	-0.000455422
18.04	-0.000458822
18.045	-0.000462131
18.05	-0.000465366
18.055	-0.000468525
18.06	-0.000471592
18.065	-0.000474548
18.07	-0.000477377
18.075	-0.000480074
18.08	-0.000482641
18.085	-0.000485088
18.09	-0.000487427
18.095	-0.000489666
18.1	-0.000491807
18.105	-0.000493844
18.11	-0.000495762
18.115	-0.000497546
18.12	-0.00049919
18.125	-0.000500702
18.13	-0.000502102
18.135	-0.000503411
18.14	-0.000504643
18.145	-0.000505796
18.15	-0.000506858
18.155	-0.000507809
18.16	-0.000508637
18.165	-0.000509334
18.17	-0.000509903
18.175	-0.000510349
18.18	-0.000510685
18.185	-0.000510922
18.19	-0.00051107
18.195	-0.000511128
18.2	-0.000511086
18.205	-0.000510925
18.21	-0.00051063
18.215	-0.000510204
18.22	-0.000509666
18.225	-0.000509046
18.23	-0.000508366
18.235	-0.000507626
18.24	-0.000506809
18.245	-0.000505886
18.25	-0.000504838
18.255	-0.000503662
18.26	-0.00050237
18.265	-0.000500977
18.27	-0.000499494
18.275	-0.000497927
18.28	-0.000496275
18.285	-0.000494541
18.29	-0.000492721
18.295	-0.000490811
18.3	-0.000488801
18.305	-0.000486685
18.31	-0.000484469
18.315	-0.000482171
18.32	-0.000479815
18.325	-0.000477415
18.33	-0.000474965
18.335	-0.00047244
18.34	-0.000469813
18.345	-0.000467067
18.35	-0.000464209
18.355	-0.000461262
18.36	-0.00045825
18.365	-0.000455189
18.37	-0.000452075
18.375	-0.000448899
18.38	-0.000445648
18.385	-0.00044232
18.39	-0.000438916
18.395	-0.000435441
18.4	-0.000431902
18.405	-0.000428307
18.41	-0.000424664
18.415	-0.000420983
18.42	-0.000417263
18.425	-0.000413496
18.43	-0.000409661
18.435	-0.000405742
18.44	-0.000401733
18.445	-0.000397647
18.45	-0.000393511
18.455	-0.000389347
18.46	-0.000385166
18.465	-0.000380962
18.47	-0.000376718
18.475	-0.000372421
18.48	-0.000368064
18.485	-0.000363655
18.49	-0.000359209
18.495	-0.000354738
18.5	-0.000350249
18.505	-0.000345742
18.51	-0.00034121
18.515	-0.000336643
18.52	-0.000332031
18.525	-0.00032737
18.53	-0.000322659
18.535	-0.000317906
18.54	-0.000313126
18.545	-0.000308335
18.55	-0.000303547
18.555	-0.000298764
18.56	-0.00029398
18.565	-0.000289181
18.57	-0.000284354
18.575	-0.000279495
18.58	-0.000274609
18.585	-0.00026971
18.59	-0.000264815
18.595	-0.00025993
18.6	-0.000255054
18.605	-0.000250174
18.61	-0.000245274
18.615	-0.000240347
18.62	-0.000235394
18.625	-0.000230429
18.63	-0.00022547
18.635	-0.000220532
18.64	-0.000215622
18.645	-0.000210736
18.65	-0.000205867
18.655	-0.000201004
18.66	-0.000196141
18.665	-0.000191278
18.67	-0.000186416
18.675	-0.000181563
18.68	-0.000176727
18.685	-0.000171917
18.69	-0.000167135
18.695	-0.000162379
18.7	-0.000157637
18.705	-0.000152899
18.71	-0.000148159
18.715	-0.000143424
18.72	-0.000138709
18.725	-0.000134036
18.73	-0.000129417
18.735	-0.000124855
18.74	-0.000120337
18.745	-0.000115846
18.75	-0.000111371
18.755	-0.000106908
18.76	-0.000102464
18.765	-9.80503e-05
18.77	-9.36771e-05
18.775	-8.93493e-05
18.78	-8.50663e-05
18.785	-8.08227e-05
18.79	-7.66121e-05
18.795	-7.24289e-05
18.8	-6.82714e-05
18.805	-6.41442e-05
18.81	-6.00578e-05
18.815	-5.60268e-05
18.82	-5.20635e-05
18.825	-4.81723e-05
18.83	-4.43468e-05
18.835	-4.05711e-05
18.84	-3.68282e-05
18.845	-3.31073e-05
18.85	-2.94099e-05
18.855	-2.57483e-05
18.86	-2.21394e-05
18.865	-1.85961e-05
18.87	-1.51215e-05
18.875	-1.17085e-05
18.88	-8.34497e-06
18.885	-5.02098e-06
18.89	-1.73474e-06
18.895	1.50621e-06
18.9	4.68863e-06
18.905	7.79974e-06
18.91	1.08328e-05
18.915	1.37894e-05
18.92	1.66784e-05
18.925	1.95114e-05
18.93	2.22991e-05
18.935	2.50479e-05
18.94	2.77579e-05
18.945	3.04232e-05
18.95	3.30331e-05
18.955	3.55755e-05
18.96	3.80415e-05
18.965	4.04299e-05
18.97	4.27488e-05
18.975	4.50116e-05
18.98	4.72293e-05
18.985	4.9403e-05
18.99	5.15213e-05
18.995	5.35662e-05
19	5.55232e-05
19.005	5.73907e-05
19.01	5.91814e-05
19.015	6.09155e-05
19.02	6.26091e-05
19.025	6.42666e-05
19.03	6.58802e-05
19.035	6.74368e-05
19.04	6.89258e-05
19.045	7.03428e-05
19.05	7.16882e-05
19.055	7.29636e-05
19.06	7.41704e-05
19.065	7.53111e-05
19.07	7.63904e-05
19.075	7.74139e-05
19.08	7.83829e-05
19.085	7.92912e-05
19.09	8.01262e-05
19.095	8.0878e-05
19.1	8.15475e-05
19.105	8.21496e-05
19.11	8.27061e-05
19.115	8.32331e-05
19.12	8.3731e-05
19.125	8.41843e-05
19.13	8.45718e-05
19.135	8.48787e-05
19.14	8.51035e-05
19.145	8.52553e-05
19.15	8.53456e-05
19.155	8.53807e-05
19.16	8.5361e-05
19.165	8.52845e-05
19.17	8.51503e-05
19.175	8.49587e-05
19.18	8.47087e-05
19.185	8.43965e-05
19.19	8.40189e-05
19.195	8.35789e-05
19.2	8.30876e-05
19.205	8.256e-05
19.21	8.20058e-05
19.215	8.14212e-05
19.22	8.07895e-05
19.225	8.00898e-05
19.23	7.93091e-05
19.235	7.84493e-05
19.24	7.75245e-05
19.245	7.65518e-05
19.25	7.55418e-05
19.255	7.4495e-05
19.26	7.34057e-05
19.265	7.22671e-05
19.27	7.10761e-05
19.275	6.98332e-05
19.28	6.85413e-05
19.285	6.72046e-05
19.29	6.58284e-05
19.295	6.44194e-05
19.3	6.29823e-05
19.305	6.15167e-05
19.31	6.00144e-05
19.315	5.84625e-05
19.32	5.6849e-05
19.325	5.51703e-05
19.33	5.34331e-05
19.335	5.16515e-05
19.34	4.98401e-05
19.345	4.80079e-05
19.35	4.6155e-05
19.355	4.42755e-05
19.36	4.23608e-05
19.365	4.04049e-05
19.37	3.8407e-05
19.375	3.63721e-05
19.38	3.43101e-05
19.385	3.22309e-05
19.39	3.01394e-05
19.395	2.80321e-05
19.4	2.58966e-05
19.405	2.3718e-05
19.41	2.14867e-05
19.415	1.9204e-05
19.42	1.68818e-05
19.425	1.45363e-05
19.43	1.218e-05
19.435	9.81732e-06
19.44	7.44545e-06
19.445	5.0593e-06
19.45	2.655e-06
19.455	2.30661e-07
19.46	-2.21489e-06
19.465	-4.68242e-06
19.47	-7.17038e-06
19.475	-9.67312e-06
19.48	-1.21825e-05
19.485	-1.46937e-05
19.49	-1.72113e-05
19.495	-1.97498e-05
19.5	-2.23256e-05
19.505	-2.49456e-05
19.51	-2.75997e-05
19.515	-3.02644e-05
19.52	-3.29155e-05
19.525	-3.55416e-05
19.53	-3.81493e-05
19.535	-4.0756e-05
19.54	-4.33769e-05
19.545	-4.60163e-05
19.55	-4.86674e-05
19.555	-5.1321e-05
19.56	-5.39732e-05
19.565	-5.66259e-05
19.57	-5.92822e-05
19.575	-6.19416e-05
19.58	-6.46003e-05
19.585	-6.72575e-05
19.59	-6.9919e-05
19.595	-7.25943e-05
19.6	-7.52876e-05
19.605	-7.7989e-05
19.61	-8.06764e-05
19.615	-8.33278e-05
19.62	-8.59354e-05
19.625	-8.85118e-05
19.63	-9.10817e-05
19.635	-9.36659e-05
19.64	-9.62683e-05
19.645	-9.88755e-05
19.65	-0.000101469
19.655	-0.000104037
19.66	-0.000106584
19.665	-0.000109121
19.67	-0.000111655
19.675	-0.000114187
19.68	-0.00011671
19.685	-0.000119218
19.69	-0.000121712
19.695	-0.000124192
19.7	-0.000126656
19.705	-0.000129091
19.71	-0.000131485
19.715	-0.000133834
19.72	-0.000136149
19.725	-0.000138451
19.73	-0.000140761
19.735	-0.000143081
19.74	-0.000145397
19.745	-0.000147687
19.75	-0.000149936
19.755	-0.000152144
19.76	-0.000154326
19.765	-0.000156497
19.77	-0.000158661
19.775	-0.000160811
19.78	-0.000162935
19.785	-0.000165021
19.79	-0.000167067
19.795	-0.000169073
19.8	-0.000171041
19.805	-0.000172972
19.81	-0.00017487
19.815	-0.000176742
19.82	-0.000178601
19.825	-0.000180454
19.83	-0.000182301
19.835	-0.000184127
19.84	-0.000185917
19.845	-0.000187657
19.85	-0.00018935
19.855	-0.000191005
19.86	-0.000192637
19.865	-0.000194252
19.87	-0.000195845
19.875	-0.000197405
19.88	-0.000198919
19.885	-0.000200382
19.89	-0.000201796
19.895	-0.000203168
19.9	-0.000204508
19.905	-0.000205827
19.91	-0.00020713
19.915	-0.000208421
19.92	-0.000209693
19.925	-0.000210938
19.93	-0.000212141
19.935	-0.000213293
19.94	-0.000214394
19.945	-0.00021545
19.95	-0.000216472
19.955	-0.000217469
19.96	-0.00021844
19.965	-0.000219379
19.97	-0.000220277
19.975	-0.000221129
19.98	-0.000221933
19.985	-0.000222693
19.99	-0.000223417
19.995	-0.000224114
