0	0
0.005	0
0.01	0
0.015	0
0.02	0
0.025	0
0.03	0
0.035	0
0.04	0
0.045	0
0.05	0
0.055	0
0.06	0
0.065	0
0.07	0
0.075	0
0.08	0
0.085	0
0.09	0
0.095	0
0.1	0
0.105	0
0.11	0
0.115	0
0.12	0
0.125	0
0.13	0
0.135	0
0.14	0
0.145	0
0.15	0
0.155	0
0.16	0
0.165	0
0.17	0
0.175	0
0.18	0
0.185	0
0.19	0
0.195	0
0.2	0
0.205	0
0.21	0
0.215	0
0.22	0
0.225	0
0.23	0
0.235	0
0.24	0
0.245	0
0.25	0
0.255	0
0.26	0
0.265	0
0.27	0
0.275	0
0.28	0
0.285	0
0.29	0
0.295	0
0.3	0
0.305	0
0.31	0
0.315	0
0.32	0
0.325	0
0.33	0
0.335	0
0.34	0
0.345	0
0.35	0
0.355	0
0.36	0
0.365	0
0.37	0
0.375	0
0.38	0
0.385	0
0.39	0
0.395	0
0.4	0
0.405	0
0.41	0
0.415	0
0.42	0
0.425	0
0.43	0
0.435	0
0.44	0
0.445	0
0.45	0
0.455	0
0.46	0
0.465	0
0.47	0
0.475	0
0.48	0
0.485	0
0.49	0
0.495	0
0.5	-5.97519e-85
0.505	-8.18848e-83
0.51	-5.69528e-81
0.515	-2.68077e-79
0.52	-9.60474e-78
0.525	-2.79253e-76
0.53	-6.85811e-75
0.535	-1.462e-73
0.54	-2.75898e-72
0.545	-4.67742e-71
0.55	-7.20572e-70
0.555	-1.01793e-68
0.56	-1.32847e-67
0.565	-1.61163e-66
0.57	-1.82698e-65
0.575	-1.9441e-64
0.58	-1.94947e-63
0.585	-1.84854e-62
0.59	-1.66256e-61
0.595	-1.42217e-60
0.6	-1.15987e-59
0.605	-9.0388e-59
0.61	-6.74406e-58
0.615	-4.82643e-57
0.62	-3.31847e-56
0.625	-2.19536e-55
0.63	-1.39932e-54
0.635	-8.60417e-54
0.64	-5.10931e-53
0.645	-2.93302e-52
0.65	-1.62912e-51
0.655	-8.76244e-51
0.66	-4.56695e-50
0.665	-2.30786e-49
0.67	-1.1313e-48
0.675	-5.38117e-48
0.68	-2.48422e-47
0.685	-1.1131e-46
0.69	-4.83977e-46
0.695	-2.04114e-45
0.7	-8.34322e-45
0.705	-3.30105e-44
0.71	-1.26174e-43
0.715	-4.64475e-43
0.72	-1.6389e-42
0.725	-5.49976e-42
0.73	-1.73133e-41
0.735	-4.97726e-41
0.74	-1.22566e-40
0.745	-2.05267e-40
0.75	1.84809e-40
0.755	4.08813e-39
0.76	2.67555e-38
0.765	1.36469e-37
0.77	6.1759e-37
0.775	2.59357e-36
0.78	1.03219e-35
0.785	3.93859e-35
0.79	1.45129e-34
0.795	5.18886e-34
0.8	1.80615e-33
0.805	6.13585e-33
0.81	2.03827e-32
0.815	6.63075e-32
0.82	2.11497e-31
0.825	6.62099e-31
0.83	2.03603e-30
0.835	6.15464e-30
0.84	1.83001e-29
0.845	5.35518e-29
0.85	1.54305e-28
0.855	4.37992e-28
0.86	1.22519e-27
0.865	3.37869e-27
0.87	9.18864e-27
0.875	2.46515e-26
0.88	6.52608e-26
0.885	1.70527e-25
0.89	4.3992e-25
0.895	1.12072e-24
0.9	2.8201e-24
0.905	7.01069e-24
0.91	1.72217e-23
0.915	4.18111e-23
0.92	1.00343e-22
0.925	2.38087e-22
0.93	5.58611e-22
0.935	1.29622e-21
0.94	2.97514e-21
0.945	6.75552e-21
0.95	1.51773e-20
0.955	3.37422e-20
0.96	7.4242e-20
0.965	1.61689e-19
0.97	3.4859e-19
0.975	7.44059e-19
0.98	1.57255e-18
0.985	3.2912e-18
0.99	6.82186e-18
0.995	1.40054e-17
1	2.84822e-17
1.005	5.73825e-17
1.01	1.1454e-16
1.015	2.26537e-16
1.02	4.43987e-16
1.025	8.62352e-16
1.03	1.66004e-15
1.035	3.16745e-15
1.04	5.99087e-15
1.045	1.12329e-14
1.05	2.0881e-14
1.055	3.84856e-14
1.06	7.03336e-14
1.065	1.2746e-13
1.07	2.29068e-13
1.075	4.08282e-13
1.08	7.21755e-13
1.085	1.26555e-12
1.09	2.20119e-12
1.095	3.79796e-12
1.1	6.501e-12
1.105	1.10401e-11
1.11	1.86018e-11
1.115	3.1099e-11
1.12	5.15909e-11
1.125	8.4929e-11
1.13	1.38745e-10
1.135	2.24947e-10
1.14	3.61962e-10
1.145	5.78081e-10
1.15	9.16382e-10
1.155	1.44194e-09
1.16	2.25226e-09
1.165	3.4923e-09
1.17	5.37582e-09
1.175	8.21554e-09
1.18	1.24653e-08
1.185	1.87787e-08
1.19	2.80892e-08
1.195	4.17199e-08
1.2	6.1531e-08
1.205	9.01173e-08
1.21	1.3107e-07
1.215	1.89319e-07
1.22	2.71581e-07
1.225	3.86933e-07
1.23	5.47543e-07
1.235	7.69599e-07
1.24	1.07446e-06
1.245	1.49009e-06
1.25	2.0528e-06
1.255	2.80938e-06
1.26	3.81964e-06
1.265	5.15937e-06
1.27	6.92392e-06
1.275	9.23223e-06
1.28	1.22315e-05
1.285	1.61022e-05
1.29	2.10644e-05
1.295	2.73833e-05
1.3	3.53767e-05
1.305	4.5422e-05
1.31	5.79634e-05
1.315	7.35196e-05
1.32	9.26911e-05
1.325	0.000116167
1.33	0.000144733
1.335	0.000179273
1.34	0.000220778
1.345	0.000270348
1.35	0.000329191
1.355	0.000398624
1.36	0.000480073
1.365	0.000575065
1.37	0.000685222
1.375	0.000812258
1.38	0.000957961
1.385	0.00112419
1.39	0.00131286
1.395	0.00152594
1.4	0.0017654
1.405	0.00203328
1.41	0.0023316
1.415	0.00266238
1.42	0.00302768
1.425	0.00342951
1.43	0.00386991
1.435	0.00435091
1.44	0.00487452
1.445	0.0054428
1.45	0.00605778
1.455	0.00672154
1.46	0.00743618
1.465	0.00820383
1.47	0.00902665
1.475	0.00990686
1.48	0.0108467
1.485	0.0118485
1.49	0.0129145
1.495	0.014047
1.5	0.0152486
1.505	0.0165214
1.51	0.0178679
1.515	0.0192903
1.52	0.0207912
1.525	0.0223726
1.53	0.024037
1.535	0.0257865
1.54	0.0276234
1.545	0.0295498
1.55	0.0315679
1.555	0.0336798
1.56	0.0358877
1.565	0.0381937
1.57	0.0405999
1.575	0.0431085
1.58	0.0457217
1.585	0.0484416
1.59	0.0512704
1.595	0.0542102
1.6	0.0572632
1.605	0.0604316
1.61	0.0637174
1.615	0.0671227
1.62	0.0706496
1.625	0.0743
1.63	0.0780758
1.635	0.0819788
1.64	0.0860109
1.645	0.0901738
1.65	0.094469
1.655	0.0988983
1.66	0.103463
1.665	0.108165
1.67	0.113006
1.675	0.117986
1.68	0.123108
1.685	0.128372
1.69	0.133781
1.695	0.139334
1.7	0.145034
1.705	0.150881
1.71	0.156876
1.715	0.163021
1.72	0.169316
1.725	0.175763
1.73	0.182361
1.735	0.189111
1.74	0.196015
1.745	0.203072
1.75	0.210283
1.755	0.217648
1.76	0.225168
1.765	0.232843
1.77	0.240673
1.775	0.248657
1.78	0.256797
1.785	0.265091
1.79	0.273539
1.795	0.282142
1.8	0.290898
1.805	0.299808
1.81	0.30887
1.815	0.318084
1.82	0.327449
1.825	0.336964
1.83	0.346628
1.835	0.35644
1.84	0.366399
1.845	0.376503
1.85	0.386752
1.855	0.397142
1.86	0.407674
1.865	0.418345
1.87	0.429153
1.875	0.440096
1.88	0.451172
1.885	0.462379
1.89	0.473715
1.895	0.485176
1.9	0.496761
1.905	0.508466
1.91	0.520289
1.915	0.532227
1.92	0.544277
1.925	0.556435
1.93	0.568698
1.935	0.581063
1.94	0.593526
1.945	0.606083
1.95	0.618731
1.955	0.631466
1.96	0.644284
1.965	0.65718
1.97	0.67015
1.975	0.683191
1.98	0.696297
1.985	0.709464
1.99	0.722687
1.995	0.735962
2	0.749284
2.005	0.762648
2.01	0.776049
2.015	0.789482
2.02	0.802941
2.025	0.816421
2.03	0.829918
2.035	0.843425
2.04	0.856937
2.045	0.870448
2.05	0.883953
2.055	0.897445
2.06	0.910919
2.065	0.92437
2.07	0.93779
2.075	0.951174
2.08	0.964516
2.085	0.977809
2.09	0.991047
2.095	1.00422
2.1	1.01733
2.105	1.03037
2.11	1.04332
2.115	1.05619
2.12	1.06897
2.125	1.08164
2.13	1.0942
2.135	1.10666
2.14	1.11899
2.145	1.13119
2.15	1.14326
2.155	1.15519
2.16	1.16697
2.165	1.1786
2.17	1.19006
2.175	1.20135
2.18	1.21247
2.185	1.2234
2.19	1.23415
2.195	1.2447
2.2	1.25504
2.205	1.26517
2.21	1.27508
2.215	1.28477
2.22	1.29423
2.225	1.30344
2.23	1.31241
2.235	1.32113
2.24	1.32959
2.245	1.33778
2.25	1.3457
2.255	1.35333
2.26	1.36068
2.265	1.36774
2.27	1.3745
2.275	1.38095
2.28	1.38708
2.285	1.3929
2.29	1.39838
2.295	1.40354
2.3	1.40836
2.305	1.41283
2.31	1.41695
2.315	1.42071
2.32	1.42412
2.325	1.42715
2.33	1.4298
2.335	1.43208
2.34	1.43397
2.345	1.43547
2.35	1.43658
2.355	1.43728
2.36	1.43757
2.365	1.43746
2.37	1.43693
2.375	1.43597
2.38	1.4346
2.385	1.43279
2.39	1.43055
2.395	1.42787
2.4	1.42474
2.405	1.42118
2.41	1.41716
2.415	1.41269
2.42	1.40776
2.425	1.40238
2.43	1.39653
2.435	1.39022
2.44	1.38344
2.445	1.37619
2.45	1.36847
2.455	1.36027
2.46	1.3516
2.465	1.34246
2.47	1.33283
2.475	1.32273
2.48	1.31214
2.485	1.30108
2.49	1.28953
2.495	1.2775
2.5	1.26498
2.505	1.25199
2.51	1.23851
2.515	1.22455
2.52	1.21011
2.525	1.19519
2.53	1.17979
2.535	1.16392
2.54	1.14757
2.545	1.13074
2.55	1.11344
2.555	1.09568
2.56	1.07744
2.565	1.05875
2.57	1.03959
2.575	1.01997
2.58	0.999894
2.585	0.97937
2.59	0.958397
2.595	0.936982
2.6	0.915126
2.605	0.892836
2.61	0.870116
2.615	0.84697
2.62	0.823403
2.625	0.799422
2.63	0.775031
2.635	0.750236
2.64	0.725043
2.645	0.699458
2.65	0.673487
2.655	0.647138
2.66	0.620416
2.665	0.593329
2.67	0.565884
2.675	0.538088
2.68	0.509948
2.685	0.481473
2.69	0.452671
2.695	0.423548
2.7	0.394115
2.705	0.364378
2.71	0.334347
2.715	0.30403
2.72	0.273437
2.725	0.242576
2.73	0.211456
2.735	0.180088
2.74	0.14848
2.745	0.116642
2.75	0.0845841
2.755	0.0523163
2.76	0.0198487
2.765	-0.0128084
2.77	-0.0456448
2.775	-0.0786498
2.78	-0.111813
2.785	-0.145123
2.79	-0.17857
2.795	-0.212142
2.8	-0.245829
2.805	-0.279619
2.81	-0.313501
2.815	-0.347463
2.82	-0.381495
2.825	-0.415585
2.83	-0.44972
2.835	-0.483891
2.84	-0.518084
2.845	-0.552288
2.85	-0.586492
2.855	-0.620683
2.86	-0.65485
2.865	-0.688981
2.87	-0.723064
2.875	-0.757086
2.88	-0.791036
2.885	-0.824902
2.89	-0.858671
2.895	-0.892333
2.9	-0.925874
2.905	-0.959283
2.91	-0.992547
2.915	-1.02566
2.92	-1.0586
2.925	-1.09136
2.93	-1.12392
2.935	-1.15629
2.94	-1.18844
2.945	-1.22036
2.95	-1.25204
2.955	-1.28348
2.96	-1.31465
2.965	-1.34555
2.97	-1.37616
2.975	-1.40648
2.98	-1.43649
2.985	-1.46618
2.99	-1.49554
2.995	-1.52457
3	-1.55324
3.005	-1.58155
3.01	-1.6095
3.015	-1.63705
3.02	-1.66422
3.025	-1.69099
3.03	-1.71734
3.035	-1.74327
3.04	-1.76877
3.045	-1.79383
3.05	-1.81844
3.055	-1.8426
3.06	-1.86628
3.065	-1.88949
3.07	-1.91221
3.075	-1.93444
3.08	-1.95617
3.085	-1.97739
3.09	-1.99809
3.095	-2.01827
3.1	-2.03791
3.105	-2.05702
3.11	-2.07558
3.115	-2.09358
3.12	-2.11103
3.125	-2.12791
3.13	-2.14423
3.135	-2.15996
3.14	-2.17511
3.145	-2.18967
3.15	-2.20364
3.155	-2.21701
3.16	-2.22978
3.165	-2.24194
3.17	-2.25349
3.175	-2.26442
3.18	-2.27474
3.185	-2.28443
3.19	-2.2935
3.195	-2.30194
3.2	-2.30974
3.205	-2.31692
3.21	-2.32345
3.215	-2.32935
3.22	-2.33461
3.225	-2.33923
3.23	-2.34321
3.235	-2.34654
3.24	-2.34923
3.245	-2.35128
3.25	-2.35268
3.255	-2.35344
3.26	-2.35355
3.265	-2.35302
3.27	-2.35185
3.275	-2.35004
3.28	-2.34759
3.285	-2.3445
3.29	-2.34077
3.295	-2.33641
3.3	-2.33141
3.305	-2.32579
3.31	-2.31954
3.315	-2.31266
3.32	-2.30517
3.325	-2.29706
3.33	-2.28834
3.335	-2.279
3.34	-2.26906
3.345	-2.25852
3.35	-2.24739
3.355	-2.23566
3.36	-2.22335
3.365	-2.21046
3.37	-2.19699
3.375	-2.18295
3.38	-2.16835
3.385	-2.15319
3.39	-2.13748
3.395	-2.12123
3.4	-2.10443
3.405	-2.08711
3.41	-2.06926
3.415	-2.0509
3.42	-2.03202
3.425	-2.01265
3.43	-1.99278
3.435	-1.97242
3.44	-1.95159
3.445	-1.93028
3.45	-1.90852
3.455	-1.8863
3.46	-1.86363
3.465	-1.84053
3.47	-1.81701
3.475	-1.79306
3.48	-1.76871
3.485	-1.74396
3.49	-1.71882
3.495	-1.69329
3.5	-1.6674
3.505	-1.64115
3.51	-1.61454
3.515	-1.5876
3.52	-1.56032
3.525	-1.53272
3.53	-1.50481
3.535	-1.4766
3.54	-1.4481
3.545	-1.41931
3.55	-1.39026
3.555	-1.36095
3.56	-1.33139
3.565	-1.30159
3.57	-1.27156
3.575	-1.24132
3.58	-1.21086
3.585	-1.18022
3.59	-1.14938
3.595	-1.11837
3.6	-1.0872
3.605	-1.05587
3.61	-1.0244
3.615	-0.9928
3.62	-0.961076
3.625	-0.929241
3.63	-0.897306
3.635	-0.865281
3.64	-0.833176
3.645	-0.801003
3.65	-0.768771
3.655	-0.736492
3.66	-0.704175
3.665	-0.671831
3.67	-0.639471
3.675	-0.607104
3.68	-0.574741
3.685	-0.542393
3.69	-0.510068
3.695	-0.477777
3.7	-0.44553
3.705	-0.413337
3.71	-0.381208
3.715	-0.349152
3.72	-0.317179
3.725	-0.285299
3.73	-0.25352
3.735	-0.221852
3.74	-0.190305
3.745	-0.158888
3.75	-0.127609
3.755	-0.0964779
3.76	-0.065503
3.765	-0.0346931
3.77	-0.00405697
3.775	0.0263971
3.78	0.0566606
3.785	0.0867253
3.79	0.116583
3.795	0.146226
3.8	0.175647
3.805	0.204837
3.81	0.233789
3.815	0.262495
3.82	0.290949
3.825	0.319143
3.83	0.34707
3.835	0.374723
3.84	0.402095
3.845	0.42918
3.85	0.455971
3.855	0.482462
3.86	0.508646
3.865	0.534518
3.87	0.560072
3.875	0.585302
3.88	0.610201
3.885	0.634766
3.89	0.65899
3.895	0.682868
3.9	0.706395
3.905	0.729567
3.91	0.752379
3.915	0.774826
3.92	0.796903
3.925	0.818607
3.93	0.839934
3.935	0.860879
3.94	0.881438
3.945	0.901609
3.95	0.921387
3.955	0.94077
3.96	0.959754
3.965	0.978335
3.97	0.996512
3.975	1.01428
3.98	1.03164
3.985	1.04859
3.99	1.06512
3.995	1.08123
4	1.09693
4.005	1.1122
4.01	1.12705
4.015	1.14148
4.02	1.15548
4.025	1.16906
4.03	1.18221
4.035	1.19493
4.04	1.20722
4.045	1.21908
4.05	1.23051
4.055	1.2415
4.06	1.25207
4.065	1.2622
4.07	1.27191
4.075	1.28118
4.08	1.29002
4.085	1.29843
4.09	1.30641
4.095	1.31396
4.1	1.32108
4.105	1.32777
4.11	1.33404
4.115	1.33988
4.12	1.34529
4.125	1.35029
4.13	1.35486
4.135	1.35901
4.14	1.36274
4.145	1.36606
4.15	1.36896
4.155	1.37145
4.16	1.37353
4.165	1.37521
4.17	1.37647
4.175	1.37734
4.18	1.3778
4.185	1.37787
4.19	1.37755
4.195	1.37683
4.2	1.37572
4.205	1.37423
4.21	1.37235
4.215	1.3701
4.22	1.36747
4.225	1.36447
4.23	1.3611
4.235	1.35737
4.24	1.35327
4.245	1.34882
4.25	1.34402
4.255	1.33887
4.26	1.33337
4.265	1.32753
4.27	1.32135
4.275	1.31485
4.28	1.30801
4.285	1.30085
4.29	1.29338
4.295	1.28559
4.3	1.27749
4.305	1.26908
4.31	1.26038
4.315	1.25138
4.32	1.2421
4.325	1.23253
4.33	1.22268
4.335	1.21255
4.34	1.20216
4.345	1.1915
4.35	1.18059
4.355	1.16942
4.36	1.158
4.365	1.14635
4.37	1.13445
4.375	1.12233
4.38	1.10998
4.385	1.09741
4.39	1.08463
4.395	1.07164
4.4	1.05845
4.405	1.04505
4.41	1.03147
4.415	1.0177
4.42	1.00375
4.425	0.989629
4.43	0.975334
4.435	0.960875
4.44	0.946257
4.445	0.931484
4.45	0.916562
4.455	0.901497
4.46	0.886292
4.465	0.870953
4.47	0.855485
4.475	0.839892
4.48	0.824179
4.485	0.808351
4.49	0.792412
4.495	0.776367
4.5	0.760221
4.505	0.743977
4.51	0.727641
4.515	0.711217
4.52	0.694709
4.525	0.678123
4.53	0.661463
4.535	0.644733
4.54	0.627938
4.545	0.611083
4.55	0.594172
4.555	0.577211
4.56	0.560202
4.565	0.543152
4.57	0.526064
4.575	0.508943
4.58	0.491794
4.585	0.47462
4.59	0.457425
4.595	0.440215
4.6	0.422994
4.605	0.405765
4.61	0.388532
4.615	0.371301
4.62	0.354075
4.625	0.336858
4.63	0.319654
4.635	0.302468
4.64	0.285304
4.645	0.268166
4.65	0.251058
4.655	0.233984
4.66	0.216949
4.665	0.199956
4.67	0.183009
4.675	0.166113
4.68	0.149272
4.685	0.132488
4.69	0.115767
4.695	0.0991108
4.7	0.0825242
4.705	0.0660105
4.71	0.0495734
4.715	0.0332164
4.72	0.0169432
4.725	0.000757268
4.73	-0.0153378
4.735	-0.0313385
4.74	-0.0472414
4.745	-0.0630429
4.75	-0.0787396
4.755	-0.0943281
4.76	-0.109805
4.765	-0.125167
4.77	-0.14041
4.775	-0.155531
4.78	-0.170528
4.785	-0.185397
4.79	-0.200135
4.795	-0.214739
4.8	-0.229205
4.805	-0.243531
4.81	-0.257714
4.815	-0.271751
4.82	-0.285639
4.825	-0.299375
4.83	-0.312956
4.835	-0.326381
4.84	-0.339645
4.845	-0.352748
4.85	-0.365685
4.855	-0.378454
4.86	-0.391053
4.865	-0.40348
4.87	-0.415732
4.875	-0.427806
4.88	-0.439701
4.885	-0.451415
4.89	-0.462944
4.895	-0.474288
4.9	-0.485444
4.905	-0.49641
4.91	-0.507184
4.915	-0.517764
4.92	-0.528149
4.925	-0.538336
4.93	-0.548324
4.935	-0.558112
4.94	-0.567698
4.945	-0.57708
4.95	-0.586256
4.955	-0.595226
4.96	-0.603988
4.965	-0.612541
4.97	-0.620883
4.975	-0.629013
4.98	-0.63693
4.985	-0.644633
4.99	-0.652121
4.995	-0.659393
5	-0.666447
5.005	-0.673284
5.01	-0.679901
5.015	-0.686299
5.02	-0.692476
5.025	-0.698431
5.03	-0.704165
5.035	-0.709676
5.04	-0.714965
5.045	-0.720029
5.05	-0.72487
5.055	-0.729486
5.06	-0.733877
5.065	-0.738044
5.07	-0.741985
5.075	-0.745702
5.08	-0.749193
5.085	-0.752458
5.09	-0.755499
5.095	-0.758314
5.1	-0.760905
5.105	-0.763271
5.11	-0.765413
5.115	-0.767331
5.12	-0.769026
5.125	-0.770498
5.13	-0.771748
5.135	-0.772776
5.14	-0.773584
5.145	-0.774172
5.15	-0.774541
5.155	-0.774693
5.16	-0.774627
5.165	-0.774345
5.17	-0.773849
5.175	-0.773139
5.18	-0.772216
5.185	-0.771083
5.19	-0.76974
5.195	-0.768189
5.2	-0.76643
5.205	-0.764467
5.21	-0.7623
5.215	-0.759932
5.22	-0.757363
5.225	-0.754596
5.23	-0.751633
5.235	-0.748475
5.24	-0.745124
5.245	-0.741583
5.25	-0.737853
5.255	-0.733937
5.26	-0.729837
5.265	-0.725554
5.27	-0.721091
5.275	-0.716451
5.28	-0.711636
5.285	-0.706647
5.29	-0.701488
5.295	-0.69616
5.3	-0.690667
5.305	-0.685011
5.31	-0.679194
5.315	-0.673219
5.32	-0.667088
5.325	-0.660805
5.33	-0.654372
5.335	-0.647791
5.34	-0.641066
5.345	-0.634199
5.35	-0.627193
5.355	-0.620051
5.36	-0.612776
5.365	-0.60537
5.37	-0.597837
5.375	-0.590179
5.38	-0.582399
5.385	-0.574501
5.39	-0.566487
5.395	-0.55836
5.4	-0.550124
5.405	-0.54178
5.41	-0.533333
5.415	-0.524785
5.42	-0.51614
5.425	-0.5074
5.43	-0.498568
5.435	-0.489648
5.44	-0.480643
5.445	-0.471556
5.45	-0.462389
5.455	-0.453147
5.46	-0.443831
5.465	-0.434446
5.47	-0.424994
5.475	-0.415478
5.48	-0.405901
5.485	-0.396267
5.49	-0.386578
5.495	-0.376838
5.5	-0.367049
5.505	-0.357214
5.51	-0.347338
5.515	-0.337422
5.52	-0.32747
5.525	-0.317485
5.53	-0.30747
5.535	-0.297427
5.54	-0.287361
5.545	-0.277274
5.55	-0.26717
5.555	-0.25705
5.56	-0.246919
5.565	-0.236778
5.57	-0.226632
5.575	-0.216483
5.58	-0.206334
5.585	-0.196187
5.59	-0.186046
5.595	-0.175914
5.6	-0.165794
5.605	-0.155687
5.61	-0.145598
5.615	-0.135529
5.62	-0.125483
5.625	-0.115462
5.63	-0.10547
5.635	-0.0955088
5.64	-0.0855816
5.645	-0.0756908
5.65	-0.0658393
5.655	-0.0560296
5.66	-0.0462643
5.665	-0.036546
5.67	-0.0268772
5.675	-0.0172603
5.68	-0.00769791
5.685	0.00180764
5.69	0.0112539
5.695	0.0206386
5.7	0.0299593
5.705	0.0392137
5.71	0.0483997
5.715	0.057515
5.72	0.0665575
5.725	0.075525
5.73	0.0844156
5.735	0.0932271
5.74	0.101958
5.745	0.110605
5.75	0.119167
5.755	0.127643
5.76	0.136029
5.765	0.144325
5.77	0.152529
5.775	0.160638
5.78	0.168652
5.785	0.176568
5.79	0.184385
5.795	0.192101
5.8	0.199715
5.805	0.207226
5.81	0.214631
5.815	0.22193
5.82	0.229121
5.825	0.236203
5.83	0.243174
5.835	0.250034
5.84	0.256782
5.845	0.263415
5.85	0.269934
5.855	0.276336
5.86	0.282622
5.865	0.288789
5.87	0.294838
5.875	0.300767
5.88	0.306575
5.885	0.312262
5.89	0.317827
5.895	0.323269
5.9	0.328587
5.905	0.333781
5.91	0.33885
5.915	0.343794
5.92	0.348612
5.925	0.353303
5.93	0.357867
5.935	0.362305
5.94	0.366614
5.945	0.370796
5.95	0.374849
5.955	0.378774
5.96	0.38257
5.965	0.386237
5.97	0.389775
5.975	0.393184
5.98	0.396464
5.985	0.399613
5.99	0.402634
5.995	0.405525
6	0.408286
6.005	0.410918
6.01	0.413421
6.015	0.415795
6.02	0.418039
6.025	0.420155
6.03	0.422142
6.035	0.424001
6.04	0.425732
6.045	0.427336
6.05	0.428812
6.055	0.43016
6.06	0.431383
6.065	0.432479
6.07	0.43345
6.075	0.434295
6.08	0.435016
6.085	0.435613
6.09	0.436087
6.095	0.436437
6.1	0.436666
6.105	0.436773
6.11	0.436759
6.115	0.436625
6.12	0.436371
6.125	0.436
6.13	0.43551
6.135	0.434904
6.14	0.434182
6.145	0.433345
6.15	0.432394
6.155	0.43133
6.16	0.430153
6.165	0.428865
6.17	0.427467
6.175	0.42596
6.18	0.424345
6.185	0.422623
6.19	0.420795
6.195	0.418863
6.2	0.416826
6.205	0.414688
6.21	0.412448
6.215	0.410108
6.22	0.40767
6.225	0.405134
6.23	0.402502
6.235	0.399774
6.24	0.396954
6.245	0.39404
6.25	0.391036
6.255	0.387942
6.26	0.38476
6.265	0.38149
6.27	0.378136
6.275	0.374697
6.28	0.371175
6.285	0.367572
6.29	0.363889
6.295	0.360128
6.3	0.35629
6.305	0.352377
6.31	0.34839
6.315	0.34433
6.32	0.3402
6.325	0.336
6.33	0.331732
6.335	0.327398
6.34	0.322999
6.345	0.318537
6.35	0.314013
6.355	0.309429
6.36	0.304787
6.365	0.300088
6.37	0.295333
6.375	0.290525
6.38	0.285664
6.385	0.280754
6.39	0.275794
6.395	0.270787
6.4	0.265734
6.405	0.260637
6.41	0.255498
6.415	0.250318
6.42	0.245099
6.425	0.239842
6.43	0.23455
6.435	0.229223
6.44	0.223863
6.445	0.218473
6.45	0.213053
6.455	0.207605
6.46	0.202132
6.465	0.196633
6.47	0.191112
6.475	0.18557
6.48	0.180008
6.485	0.174428
6.49	0.168832
6.495	0.163221
6.5	0.157598
6.505	0.151963
6.51	0.146318
6.515	0.140664
6.52	0.135005
6.525	0.12934
6.53	0.123672
6.535	0.118002
6.54	0.112332
6.545	0.106663
6.55	0.100998
6.555	0.0953361
6.56	0.0896807
6.565	0.0840328
6.57	0.0783939
6.575	0.0727657
6.58	0.0671496
6.585	0.0615471
6.59	0.0559598
6.595	0.0503892
6.6	0.0448366
6.605	0.0393035
6.61	0.0337915
6.615	0.028302
6.62	0.0228363
6.625	0.017396
6.63	0.0119823
6.635	0.00659675
6.64	0.00124052
6.645	-0.00408499
6.65	-0.00937848
6.655	-0.0146386
6.66	-0.0198641
6.665	-0.0250536
6.67	-0.0302058
6.675	-0.0353195
6.68	-0.0403935
6.685	-0.0454266
6.69	-0.0504176
6.695	-0.0553653
6.7	-0.0602686
6.705	-0.0651263
6.71	-0.0699373
6.715	-0.0747006
6.72	-0.079415
6.725	-0.0840796
6.73	-0.0886933
6.735	-0.0932551
6.74	-0.097764
6.745	-0.102219
6.75	-0.106619
6.755	-0.110964
6.76	-0.115252
6.765	-0.119482
6.77	-0.123654
6.775	-0.127767
6.78	-0.131819
6.785	-0.135811
6.79	-0.139741
6.795	-0.143608
6.8	-0.147413
6.805	-0.151153
6.81	-0.154829
6.815	-0.15844
6.82	-0.161985
6.825	-0.165463
6.83	-0.168875
6.835	-0.172219
6.84	-0.175494
6.845	-0.178701
6.85	-0.181839
6.855	-0.184907
6.86	-0.187905
6.865	-0.190832
6.87	-0.193689
6.875	-0.196474
6.88	-0.199186
6.885	-0.201827
6.89	-0.204396
6.895	-0.206891
6.9	-0.209314
6.905	-0.211663
6.91	-0.213938
6.915	-0.21614
6.92	-0.218268
6.925	-0.220322
6.93	-0.222302
6.935	-0.224207
6.94	-0.226037
6.945	-0.227794
6.95	-0.229475
6.955	-0.231082
6.96	-0.232614
6.965	-0.234072
6.97	-0.235454
6.975	-0.236763
6.98	-0.237996
6.985	-0.239155
6.99	-0.24024
6.995	-0.24125
7	-0.242186
7.005	-0.243048
7.01	-0.243837
7.015	-0.244552
7.02	-0.245193
7.025	-0.245762
7.03	-0.246258
7.035	-0.246682
7.04	-0.247033
7.045	-0.247313
7.05	-0.247521
7.055	-0.247658
7.06	-0.247724
7.065	-0.24772
7.07	-0.247646
7.075	-0.247503
7.08	-0.24729
7.085	-0.247009
7.09	-0.24666
7.095	-0.246244
7.1	-0.245761
7.105	-0.245211
7.11	-0.244596
7.115	-0.243915
7.12	-0.243169
7.125	-0.24236
7.13	-0.241487
7.135	-0.240551
7.14	-0.239553
7.145	-0.238494
7.15	-0.237374
7.155	-0.236194
7.16	-0.234954
7.165	-0.233656
7.17	-0.2323
7.175	-0.230887
7.18	-0.229418
7.185	-0.227893
7.19	-0.226313
7.195	-0.224679
7.2	-0.222992
7.205	-0.221253
7.21	-0.219462
7.215	-0.21762
7.22	-0.215729
7.225	-0.213788
7.23	-0.2118
7.235	-0.209764
7.24	-0.207681
7.245	-0.205554
7.25	-0.203381
7.255	-0.201165
7.26	-0.198906
7.265	-0.196605
7.27	-0.194263
7.275	-0.191881
7.28	-0.18946
7.285	-0.187001
7.29	-0.184504
7.295	-0.181972
7.3	-0.179404
7.305	-0.176801
7.31	-0.174165
7.315	-0.171497
7.32	-0.168797
7.325	-0.166066
7.33	-0.163306
7.335	-0.160517
7.34	-0.157701
7.345	-0.154858
7.35	-0.151989
7.355	-0.149095
7.36	-0.146178
7.365	-0.143238
7.37	-0.140276
7.375	-0.137293
7.38	-0.13429
7.385	-0.131268
7.39	-0.128229
7.395	-0.125172
7.4	-0.122099
7.405	-0.119011
7.41	-0.115909
7.415	-0.112794
7.42	-0.109667
7.425	-0.106529
7.43	-0.10338
7.435	-0.100222
7.44	-0.0970558
7.445	-0.093882
7.45	-0.0907017
7.455	-0.0875159
7.46	-0.0843254
7.465	-0.0811312
7.47	-0.0779343
7.475	-0.0747354
7.48	-0.0715355
7.485	-0.0683356
7.49	-0.0651365
7.495	-0.0619392
7.5	-0.0587444
7.505	-0.0555532
7.51	-0.0523663
7.515	-0.0491847
7.52	-0.0460093
7.525	-0.0428407
7.53	-0.03968
7.535	-0.0365278
7.54	-0.033385
7.545	-0.0302525
7.55	-0.027131
7.555	-0.0240214
7.56	-0.0209246
7.565	-0.0178412
7.57	-0.014772
7.575	-0.0117179
7.58	-0.00867958
7.585	-0.00565775
7.59	-0.0026532
7.595	0.000333328
7.6	0.00330112
7.605	0.00624946
7.61	0.00917767
7.615	0.0120851
7.62	0.014971
7.625	0.0178349
7.63	0.0206759
7.635	0.0234936
7.64	0.0262871
7.645	0.0290559
7.65	0.0317992
7.655	0.0345166
7.66	0.0372073
7.665	0.039871
7.67	0.042507
7.675	0.0451147
7.68	0.0476938
7.685	0.0502434
7.69	0.0527632
7.695	0.0552526
7.7	0.0577111
7.705	0.0601383
7.71	0.0625336
7.715	0.0648967
7.72	0.0672271
7.725	0.0695243
7.73	0.0717879
7.735	0.0740174
7.74	0.0762125
7.745	0.0783727
7.75	0.0804976
7.755	0.082587
7.76	0.0846405
7.765	0.0866576
7.77	0.0886382
7.775	0.0905818
7.78	0.0924881
7.785	0.0943568
7.79	0.0961876
7.795	0.0979803
7.8	0.0997347
7.805	0.10145
7.81	0.103128
7.815	0.104766
7.82	0.106364
7.825	0.107924
7.83	0.109443
7.835	0.110923
7.84	0.112362
7.845	0.113761
7.85	0.11512
7.855	0.116439
7.86	0.117717
7.865	0.118954
7.87	0.120151
7.875	0.121306
7.88	0.122421
7.885	0.123494
7.89	0.124527
7.895	0.125518
7.9	0.126469
7.905	0.127378
7.91	0.128246
7.915	0.129073
7.92	0.129859
7.925	0.130604
7.93	0.131308
7.935	0.13197
7.94	0.132592
7.945	0.133173
7.95	0.133713
7.955	0.134213
7.96	0.134672
7.965	0.13509
7.97	0.135468
7.975	0.135806
7.98	0.136104
7.985	0.136362
7.99	0.13658
7.995	0.136759
8	0.136898
8.005	0.136998
8.01	0.137059
8.015	0.137082
8.02	0.137065
8.025	0.137011
8.03	0.136919
8.035	0.136788
8.04	0.136621
8.045	0.136416
8.05	0.136174
8.055	0.135895
8.06	0.13558
8.065	0.135228
8.07	0.134841
8.075	0.134419
8.08	0.133961
8.085	0.133469
8.09	0.132942
8.095	0.132382
8.1	0.131787
8.105	0.131159
8.11	0.130498
8.115	0.129805
8.12	0.129079
8.125	0.128322
8.13	0.127533
8.135	0.126713
8.14	0.125862
8.145	0.124982
8.15	0.124071
8.155	0.123132
8.16	0.122163
8.165	0.121166
8.17	0.120141
8.175	0.119089
8.18	0.11801
8.185	0.116904
8.19	0.115772
8.195	0.114614
8.2	0.113431
8.205	0.112223
8.21	0.110992
8.215	0.109736
8.22	0.108457
8.225	0.107156
8.23	0.105832
8.235	0.104487
8.24	0.10312
8.245	0.101733
8.25	0.100325
8.255	0.0988984
8.26	0.0974521
8.265	0.0959873
8.27	0.0945045
8.275	0.093004
8.28	0.0914864
8.285	0.0899523
8.29	0.0884021
8.295	0.0868365
8.3	0.0852558
8.305	0.0836609
8.31	0.082052
8.315	0.0804299
8.32	0.078795
8.325	0.0771478
8.33	0.0754889
8.335	0.0738188
8.34	0.072138
8.345	0.0704471
8.35	0.0687466
8.355	0.0670372
8.36	0.0653192
8.365	0.0635932
8.37	0.0618597
8.375	0.0601193
8.38	0.0583724
8.385	0.0566197
8.39	0.0548616
8.395	0.0530988
8.4	0.0513317
8.405	0.0495609
8.41	0.0477869
8.415	0.0460102
8.42	0.0442313
8.425	0.0424507
8.43	0.0406688
8.435	0.0388864
8.44	0.0371038
8.445	0.0353215
8.45	0.0335402
8.455	0.0317601
8.46	0.029982
8.465	0.0282061
8.47	0.0264329
8.475	0.0246631
8.48	0.0228971
8.485	0.0211353
8.49	0.0193783
8.495	0.0176265
8.5	0.0158804
8.505	0.0141404
8.51	0.0124069
8.515	0.0106805
8.52	0.00896159
8.525	0.00725063
8.53	0.00554805
8.535	0.00385426
8.54	0.00216967
8.545	0.000494695
8.55	-0.00117026
8.555	-0.0028248
8.56	-0.00446851
8.565	-0.00610098
8.57	-0.00772178
8.575	-0.0093305
8.58	-0.0109268
8.585	-0.0125102
8.59	-0.0140804
8.595	-0.0156371
8.6	-0.0171799
8.605	-0.0187086
8.61	-0.0202226
8.615	-0.0217217
8.62	-0.0232055
8.625	-0.0246737
8.63	-0.026126
8.635	-0.0275621
8.64	-0.0289818
8.645	-0.0303846
8.65	-0.0317703
8.655	-0.0331385
8.66	-0.0344889
8.665	-0.0358214
8.67	-0.0371356
8.675	-0.0384313
8.68	-0.0397082
8.685	-0.0409662
8.69	-0.042205
8.695	-0.0434244
8.7	-0.0446241
8.705	-0.045804
8.71	-0.0469636
8.715	-0.0481029
8.72	-0.0492217
8.725	-0.0503197
8.73	-0.0513968
8.735	-0.0524529
8.74	-0.0534877
8.745	-0.0545011
8.75	-0.0554929
8.755	-0.056463
8.76	-0.0574112
8.765	-0.0583374
8.77	-0.0592415
8.775	-0.0601234
8.78	-0.0609829
8.785	-0.0618201
8.79	-0.0626347
8.795	-0.0634267
8.8	-0.0641958
8.805	-0.0649422
8.81	-0.0656656
8.815	-0.066366
8.82	-0.0670434
8.825	-0.0676979
8.83	-0.0683292
8.835	-0.0689375
8.84	-0.0695226
8.845	-0.0700844
8.85	-0.0706229
8.855	-0.0711382
8.86	-0.0716302
8.865	-0.072099
8.87	-0.0725447
8.875	-0.0729672
8.88	-0.0733666
8.885	-0.0737428
8.89	-0.0740959
8.895	-0.0744259
8.9	-0.0747328
8.905	-0.0750167
8.91	-0.0752778
8.915	-0.0755159
8.92	-0.0757314
8.925	-0.0759241
8.93	-0.0760942
8.935	-0.0762418
8.94	-0.0763669
8.945	-0.0764696
8.95	-0.0765501
8.955	-0.0766085
8.96	-0.076645
8.965	-0.0766596
8.97	-0.0766526
8.975	-0.076624
8.98	-0.0765739
8.985	-0.0765024
8.99	-0.0764097
8.995	-0.076296
9	-0.0761614
9.005	-0.0760062
9.01	-0.0758304
9.015	-0.0756344
9.02	-0.0754181
9.025	-0.0751819
9.03	-0.0749259
9.035	-0.0746502
9.04	-0.0743552
9.045	-0.0740409
9.05	-0.0737078
9.055	-0.0733558
9.06	-0.0729854
9.065	-0.0725966
9.07	-0.0721896
9.075	-0.0717647
9.08	-0.0713221
9.085	-0.0708621
9.09	-0.0703848
9.095	-0.0698906
9.1	-0.0693797
9.105	-0.0688523
9.11	-0.0683087
9.115	-0.0677491
9.12	-0.0671738
9.125	-0.066583
9.13	-0.065977
9.135	-0.065356
9.14	-0.0647205
9.145	-0.0640705
9.15	-0.0634065
9.155	-0.0627285
9.16	-0.062037
9.165	-0.0613322
9.17	-0.0606143
9.175	-0.0598836
9.18	-0.0591404
9.185	-0.0583851
9.19	-0.0576179
9.195	-0.0568392
9.2	-0.0560491
9.205	-0.055248
9.21	-0.0544361
9.215	-0.0536137
9.22	-0.0527812
9.225	-0.0519388
9.23	-0.0510869
9.235	-0.0502258
9.24	-0.0493558
9.245	-0.0484771
9.25	-0.04759
9.255	-0.0466948
9.26	-0.0457918
9.265	-0.0448814
9.27	-0.0439637
9.275	-0.0430392
9.28	-0.0421082
9.285	-0.0411709
9.29	-0.0402276
9.295	-0.0392786
9.3	-0.0383243
9.305	-0.0373649
9.31	-0.0364007
9.315	-0.035432
9.32	-0.0344592
9.325	-0.0334826
9.33	-0.0325025
9.335	-0.0315192
9.34	-0.0305328
9.345	-0.0295437
9.35	-0.0285521
9.355	-0.0275584
9.36	-0.0265628
9.365	-0.0255657
9.37	-0.0245674
9.375	-0.0235682
9.38	-0.0225683
9.385	-0.0215681
9.39	-0.0205678
9.395	-0.0195677
9.4	-0.018568
9.405	-0.0175691
9.41	-0.0165712
9.415	-0.0155747
9.42	-0.0145797
9.425	-0.0135865
9.43	-0.0125954
9.435	-0.0116067
9.44	-0.0106205
9.445	-0.00963723
9.45	-0.00865706
9.455	-0.00768031
9.46	-0.00670727
9.465	-0.00573819
9.47	-0.00477331
9.475	-0.00381282
9.48	-0.00285695
9.485	-0.00190593
9.49	-0.000960004
9.495	-1.94309e-05
9.5	0.00091554
9.505	0.00184467
9.51	0.00276776
9.515	0.00368458
9.52	0.00459491
9.525	0.00549855
9.53	0.00639528
9.535	0.00728489
9.54	0.00816716
9.545	0.0090419
9.55	0.00990891
9.555	0.010768
9.56	0.0116189
9.565	0.0124615
9.57	0.0132956
9.575	0.014121
9.58	0.0149376
9.585	0.0157452
9.59	0.0165436
9.595	0.0173325
9.6	0.0181118
9.605	0.0188815
9.61	0.0196413
9.615	0.0203911
9.62	0.0211307
9.625	0.0218601
9.63	0.022579
9.635	0.0232873
9.64	0.0239848
9.645	0.0246714
9.65	0.025347
9.655	0.0260115
9.66	0.0266647
9.665	0.0273067
9.67	0.0279372
9.675	0.0285561
9.68	0.0291634
9.685	0.0297589
9.69	0.0303425
9.695	0.0309141
9.7	0.0314737
9.705	0.0320211
9.71	0.0325563
9.715	0.0330792
9.72	0.0335897
9.725	0.0340877
9.73	0.0345733
9.735	0.0350462
9.74	0.0355064
9.745	0.035954
9.75	0.0363889
9.755	0.0368111
9.76	0.0372205
9.765	0.037617
9.77	0.0380006
9.775	0.0383713
9.78	0.038729
9.785	0.0390736
9.79	0.0394053
9.795	0.039724
9.8	0.0400296
9.805	0.0403221
9.81	0.0406017
9.815	0.0408682
9.82	0.0411216
9.825	0.041362
9.83	0.0415893
9.835	0.0418037
9.84	0.0420051
9.845	0.0421935
9.85	0.042369
9.855	0.0425316
9.86	0.0426813
9.865	0.0428181
9.87	0.042942
9.875	0.0430532
9.88	0.0431516
9.885	0.0432373
9.89	0.0433104
9.895	0.0433709
9.9	0.0434189
9.905	0.0434543
9.91	0.0434774
9.915	0.0434881
9.92	0.0434865
9.925	0.0434728
9.93	0.043447
9.935	0.0434092
9.94	0.0433594
9.945	0.0432978
9.95	0.0432244
9.955	0.0431392
9.96	0.0430424
9.965	0.0429341
9.97	0.0428144
9.975	0.0426833
9.98	0.0425411
9.985	0.0423878
9.99	0.0422235
9.995	0.0420483
10	0.0418623
10.005	0.0416657
10.01	0.0414585
10.015	0.0412409
10.02	0.0410131
10.025	0.0407752
10.03	0.0405272
10.035	0.0402693
10.04	0.0400017
10.045	0.0397243
10.05	0.0394375
10.055	0.0391412
10.06	0.0388357
10.065	0.0385211
10.07	0.0381976
10.075	0.0378653
10.08	0.0375244
10.085	0.0371749
10.09	0.036817
10.095	0.0364509
10.1	0.0360767
10.105	0.0356946
10.11	0.0353048
10.115	0.0349074
10.12	0.0345026
10.125	0.0340905
10.13	0.0336713
10.135	0.0332451
10.14	0.0328121
10.145	0.0323724
10.15	0.0319262
10.155	0.0314736
10.16	0.0310149
10.165	0.0305503
10.17	0.0300798
10.175	0.0296036
10.18	0.029122
10.185	0.028635
10.19	0.0281428
10.195	0.0276457
10.2	0.0271438
10.205	0.0266373
10.21	0.0261263
10.215	0.025611
10.22	0.0250915
10.225	0.0245681
10.23	0.0240408
10.235	0.0235098
10.24	0.0229754
10.245	0.0224377
10.25	0.0218968
10.255	0.0213531
10.26	0.0208066
10.265	0.0202575
10.27	0.0197059
10.275	0.019152
10.28	0.0185961
10.285	0.0180382
10.29	0.0174785
10.295	0.0169172
10.3	0.0163546
10.305	0.0157907
10.31	0.0152256
10.315	0.0146596
10.32	0.0140928
10.325	0.0135254
10.33	0.0129575
10.335	0.0123893
10.34	0.011821
10.345	0.0112527
10.35	0.0106847
10.355	0.010117
10.36	0.0095498
10.365	0.00898326
10.37	0.00841752
10.375	0.00785273
10.38	0.00728908
10.385	0.00672674
10.39	0.00616584
10.395	0.00560655
10.4	0.00504896
10.405	0.00449321
10.41	0.00393942
10.415	0.00338774
10.42	0.00283833
10.425	0.00229135
10.43	0.00174696
10.435	0.00120529
10.44	0.000666475
10.445	0.00013065
10.45	-0.000402058
10.455	-0.000931522
10.46	-0.00145762
10.465	-0.00198022
10.47	-0.00249921
10.475	-0.00301445
10.48	-0.00352582
10.485	-0.0040332
10.49	-0.00453649
10.495	-0.00503558
10.5	-0.00553038
10.505	-0.00602078
10.51	-0.00650665
10.515	-0.00698785
10.52	-0.00746425
10.525	-0.00793574
10.53	-0.00840222
10.535	-0.0088636
10.54	-0.00931982
10.545	-0.00977078
10.55	-0.0102164
10.555	-0.0106566
10.56	-0.0110912
10.565	-0.0115202
10.57	-0.0119435
10.575	-0.012361
10.58	-0.0127726
10.585	-0.0131782
10.59	-0.0135778
10.595	-0.0139714
10.6	-0.0143587
10.605	-0.0147398
10.61	-0.0151145
10.615	-0.0154828
10.62	-0.0158446
10.625	-0.0161999
10.63	-0.0165486
10.635	-0.0168906
10.64	-0.017226
10.645	-0.0175547
10.65	-0.0178767
10.655	-0.0181917
10.66	-0.0184999
10.665	-0.0188011
10.67	-0.0190953
10.675	-0.0193826
10.68	-0.0196627
10.685	-0.0199358
10.69	-0.0202018
10.695	-0.0204606
10.7	-0.0207122
10.705	-0.0209565
10.71	-0.0211936
10.715	-0.0214235
10.72	-0.021646
10.725	-0.0218613
10.73	-0.0220692
10.735	-0.0222699
10.74	-0.0224633
10.745	-0.0226493
10.75	-0.022828
10.755	-0.0229993
10.76	-0.0231632
10.765	-0.0233196
10.77	-0.0234688
10.775	-0.0236105
10.78	-0.023745
10.785	-0.0238721
10.79	-0.0239918
10.795	-0.0241042
10.8	-0.0242093
10.805	-0.024307
10.81	-0.0243974
10.815	-0.0244806
10.82	-0.0245566
10.825	-0.0246254
10.83	-0.0246869
10.835	-0.0247414
10.84	-0.0247886
10.845	-0.0248288
10.85	-0.0248618
10.855	-0.0248877
10.86	-0.0249066
10.865	-0.0249186
10.87	-0.0249236
10.875	-0.0249218
10.88	-0.0249131
10.885	-0.0248975
10.89	-0.0248752
10.895	-0.0248461
10.9	-0.0248103
10.905	-0.0247679
10.91	-0.0247189
10.915	-0.0246636
10.92	-0.0246018
10.925	-0.0245336
10.93	-0.024459
10.935	-0.0243781
10.94	-0.0242909
10.945	-0.0241976
10.95	-0.0240981
10.955	-0.0239925
10.96	-0.023881
10.965	-0.0237637
10.97	-0.0236405
10.975	-0.0235115
10.98	-0.0233768
10.985	-0.0232365
10.99	-0.0230906
10.995	-0.0229393
11	-0.0227825
11.005	-0.0226205
11.01	-0.0224533
11.015	-0.0222809
11.02	-0.0221034
11.025	-0.0219208
11.03	-0.0217332
11.035	-0.0215408
11.04	-0.0213436
11.045	-0.0211417
11.05	-0.0209352
11.055	-0.0207243
11.06	-0.020509
11.065	-0.0202893
11.07	-0.0200654
11.075	-0.0198372
11.08	-0.019605
11.085	-0.0193688
11.09	-0.0191287
11.095	-0.0188848
11.1	-0.0186373
11.105	-0.0183861
11.11	-0.0181313
11.115	-0.0178732
11.12	-0.0176116
11.125	-0.0173467
11.13	-0.0170787
11.135	-0.0168076
11.14	-0.0165336
11.145	-0.0162567
11.15	-0.0159771
11.155	-0.0156947
11.16	-0.0154098
11.165	-0.0151222
11.17	-0.0148323
11.175	-0.0145401
11.18	-0.0142457
11.185	-0.0139492
11.19	-0.0136507
11.195	-0.0133503
11.2	-0.013048
11.205	-0.012744
11.21	-0.0124383
11.215	-0.012131
11.22	-0.0118223
11.225	-0.0115122
11.23	-0.0112008
11.235	-0.0108883
11.24	-0.0105748
11.245	-0.0102603
11.25	-0.00994484
11.255	-0.0096286
11.26	-0.00931164
11.265	-0.00899408
11.27	-0.00867602
11.275	-0.00835757
11.28	-0.00803882
11.285	-0.00771983
11.29	-0.00740066
11.295	-0.00708136
11.3	-0.00676205
11.305	-0.00644282
11.31	-0.0061238
11.315	-0.0058051
11.32	-0.00548683
11.325	-0.00516906
11.33	-0.00485185
11.335	-0.00453527
11.34	-0.00421938
11.345	-0.00390427
11.35	-0.00359001
11.355	-0.00327673
11.36	-0.00296451
11.365	-0.00265346
11.37	-0.00234365
11.375	-0.00203513
11.38	-0.00172796
11.385	-0.00142219
11.39	-0.0011179
11.395	-0.000815172
11.4	-0.000514115
11.405	-0.000214837
11.41	8.2574e-05
11.415	0.000378053
11.42	0.000671554
11.425	0.000963039
11.43	0.00125246
11.435	0.00153976
11.44	0.00182484
11.445	0.00210762
11.45	0.002388
11.455	0.00266592
11.46	0.00294133
11.465	0.00321418
11.47	0.00348445
11.475	0.00375208
11.48	0.00401701
11.485	0.00427917
11.49	0.00453849
11.495	0.00479488
11.5	0.00504828
11.505	0.00529864
11.51	0.00554592
11.515	0.0057901
11.52	0.00603114
11.525	0.00626901
11.53	0.00650366
11.535	0.00673503
11.54	0.00696304
11.545	0.00718764
11.55	0.00740877
11.555	0.00762643
11.56	0.00784059
11.565	0.00805124
11.57	0.00825835
11.575	0.00846187
11.58	0.00866172
11.585	0.00885785
11.59	0.00905022
11.595	0.00923881
11.6	0.00942362
11.605	0.00960463
11.61	0.00978183
11.615	0.0099552
11.62	0.0101247
11.625	0.0102903
11.63	0.0104519
11.635	0.0106096
11.64	0.0107633
11.645	0.010913
11.65	0.0110587
11.655	0.0112003
11.66	0.011338
11.665	0.0114717
11.67	0.0116012
11.675	0.0117267
11.68	0.0118481
11.685	0.0119653
11.69	0.0120783
11.695	0.0121873
11.7	0.0122922
11.705	0.012393
11.71	0.0124897
11.715	0.0125823
11.72	0.0126708
11.725	0.0127551
11.73	0.0128353
11.735	0.0129114
11.74	0.0129834
11.745	0.0130512
11.75	0.013115
11.755	0.0131746
11.76	0.0132302
11.765	0.0132817
11.77	0.013329
11.775	0.0133723
11.78	0.0134115
11.785	0.0134467
11.79	0.013478
11.795	0.0135053
11.8	0.0135286
11.805	0.013548
11.81	0.0135635
11.815	0.0135749
11.82	0.0135825
11.825	0.0135861
11.83	0.0135859
11.835	0.0135818
11.84	0.0135739
11.845	0.0135623
11.85	0.0135469
11.855	0.0135278
11.86	0.0135049
11.865	0.0134784
11.87	0.0134482
11.875	0.0134144
11.88	0.013377
11.885	0.0133362
11.89	0.0132919
11.895	0.0132441
11.9	0.0131928
11.905	0.0131381
11.91	0.0130799
11.915	0.0130184
11.92	0.0129536
11.925	0.0128856
11.93	0.0128143
11.935	0.01274
11.94	0.0126624
11.945	0.0125818
11.95	0.012498
11.955	0.0124113
11.96	0.0123215
11.965	0.0122288
11.97	0.0121333
11.975	0.012035
11.98	0.0119339
11.985	0.0118301
11.99	0.0117236
11.995	0.0116143
12	0.0115025
12.005	0.011388
12.01	0.011271
12.015	0.0111515
12.02	0.0110296
12.025	0.0109054
12.03	0.0107789
12.035	0.0106501
12.04	0.0105191
12.045	0.0103859
12.05	0.0102506
12.055	0.0101132
12.06	0.00997386
12.065	0.00983257
12.07	0.00968941
12.075	0.00954439
12.08	0.00939755
12.085	0.00924892
12.09	0.00909853
12.095	0.00894645
12.1	0.00879275
12.105	0.00863751
12.11	0.00848081
12.115	0.00832271
12.12	0.00816326
12.125	0.00800249
12.13	0.00784045
12.135	0.00767717
12.14	0.0075127
12.145	0.00734711
12.15	0.00718046
12.155	0.00701283
12.16	0.00684426
12.165	0.0066748
12.17	0.00650449
12.175	0.00633336
12.18	0.00616144
12.185	0.0059888
12.19	0.00581549
12.195	0.0056416
12.2	0.0054672
12.205	0.00529236
12.21	0.00511714
12.215	0.00494155
12.22	0.00476563
12.225	0.00458943
12.23	0.00441298
12.235	0.00423635
12.24	0.00405961
12.245	0.00388282
12.25	0.00370602
12.255	0.00352927
12.26	0.0033526
12.265	0.00317604
12.27	0.00299963
12.275	0.00282342
12.28	0.00264746
12.285	0.00247181
12.29	0.00229654
12.295	0.00212174
12.3	0.00194744
12.305	0.00177369
12.31	0.0016005
12.315	0.0014279
12.32	0.00125591
12.325	0.00108458
12.33	0.000913985
12.335	0.000744181
12.34	0.000575228
12.345	0.000407159
12.35	0.000239996
12.355	7.3761e-05
12.36	-9.15144e-05
12.365	-0.000255786
12.37	-0.000419
12.375	-0.000581102
12.38	-0.00074204
12.385	-0.000901765
12.39	-0.00106023
12.395	-0.00121742
12.4	-0.00137328
12.405	-0.00152783
12.41	-0.00168103
12.415	-0.00183287
12.42	-0.00198329
12.425	-0.00213223
12.43	-0.00227964
12.435	-0.00242548
12.44	-0.00256974
12.445	-0.0027124
12.45	-0.00285347
12.455	-0.00299291
12.46	-0.00313069
12.465	-0.00326674
12.47	-0.00340104
12.475	-0.00353353
12.48	-0.00366419
12.485	-0.003793
12.49	-0.00391995
12.495	-0.00404503
12.5	-0.00416823
12.505	-0.00428952
12.51	-0.0044089
12.515	-0.00452633
12.52	-0.00464176
12.525	-0.00475517
12.53	-0.00486653
12.535	-0.00497584
12.54	-0.00508311
12.545	-0.00518832
12.55	-0.00529145
12.555	-0.00539247
12.56	-0.00549133
12.565	-0.00558801
12.57	-0.00568249
12.575	-0.00577478
12.58	-0.00586489
12.585	-0.00595282
12.59	-0.00603856
12.595	-0.00612211
12.6	-0.00620345
12.605	-0.00628256
12.61	-0.00635942
12.615	-0.00643401
12.62	-0.00650631
12.625	-0.00657633
12.63	-0.00664406
12.635	-0.00670953
12.64	-0.00677272
12.645	-0.00683363
12.65	-0.00689224
12.655	-0.00694854
12.66	-0.00700252
12.665	-0.00705418
12.67	-0.00710355
12.675	-0.00715063
12.68	-0.00719544
12.685	-0.00723797
12.69	-0.00727822
12.695	-0.00731617
12.7	-0.00735183
12.705	-0.00738518
12.71	-0.00741623
12.715	-0.00744499
12.72	-0.00747148
12.725	-0.00749573
12.73	-0.00751773
12.735	-0.0075375
12.74	-0.00755503
12.745	-0.00757029
12.75	-0.00758331
12.755	-0.00759409
12.76	-0.00760267
12.765	-0.00760907
12.77	-0.00761331
12.775	-0.0076154
12.78	-0.00761535
12.785	-0.00761316
12.79	-0.00760885
12.795	-0.00760241
12.8	-0.00759385
12.805	-0.00758318
12.81	-0.00757043
12.815	-0.00755562
12.82	-0.0075388
12.825	-0.00751997
12.83	-0.00749913
12.835	-0.00747629
12.84	-0.00745146
12.845	-0.00742466
12.85	-0.00739593
12.855	-0.00736532
12.86	-0.00733286
12.865	-0.00729857
12.87	-0.00726244
12.875	-0.00722448
12.88	-0.0071847
12.885	-0.00714311
12.89	-0.00709974
12.895	-0.00705461
12.9	-0.00700775
12.905	-0.00695921
12.91	-0.00690902
12.915	-0.00685721
12.92	-0.0068038
12.925	-0.00674879
12.93	-0.00669219
12.935	-0.00663403
12.94	-0.00657434
12.945	-0.00651319
12.95	-0.00645061
12.955	-0.00638663
12.96	-0.00632125
12.965	-0.00625447
12.97	-0.00618631
12.975	-0.00611677
12.98	-0.00604592
12.985	-0.00597378
12.99	-0.00590041
12.995	-0.00582583
13	-0.00575007
13.005	-0.00567316
13.01	-0.00559512
13.015	-0.00551599
13.02	-0.00543577
13.025	-0.0053545
13.03	-0.0052722
13.035	-0.00518893
13.04	-0.00510472
13.045	-0.00501961
13.05	-0.00493362
13.055	-0.00484676
13.06	-0.00475903
13.065	-0.00467045
13.07	-0.00458107
13.075	-0.00449093
13.08	-0.00440007
13.085	-0.00430854
13.09	-0.00421637
13.095	-0.00412358
13.1	-0.0040302
13.105	-0.00393625
13.11	-0.00384176
13.115	-0.00374676
13.12	-0.00365128
13.125	-0.00355535
13.13	-0.00345901
13.135	-0.00336229
13.14	-0.00326523
13.145	-0.00316782
13.15	-0.00307008
13.155	-0.00297204
13.16	-0.00287373
13.165	-0.0027752
13.17	-0.0026765
13.175	-0.00257768
13.18	-0.00247874
13.185	-0.00237972
13.19	-0.00228063
13.195	-0.00218149
13.2	-0.00208234
13.205	-0.0019832
13.21	-0.0018841
13.215	-0.00178507
13.22	-0.00168614
13.225	-0.00158734
13.23	-0.0014887
13.235	-0.00139024
13.24	-0.00129197
13.245	-0.00119391
13.25	-0.00109608
13.255	-0.000998518
13.26	-0.000901279
13.265	-0.000804404
13.27	-0.00070792
13.275	-0.000611842
13.28	-0.000516178
13.285	-0.000420939
13.29	-0.000326148
13.295	-0.000231835
13.3	-0.00013803
13.305	-4.4759e-05
13.31	4.79566e-05
13.315	0.000140096
13.32	0.000231637
13.325	0.000322559
13.33	0.000412845
13.335	0.000502482
13.34	0.000591453
13.345	0.00067973
13.35	0.000767276
13.355	0.000854048
13.36	0.000940014
13.365	0.00102516
13.37	0.00110949
13.375	0.001193
13.38	0.00127569
13.385	0.00135754
13.39	0.00143852
13.395	0.0015186
13.4	0.00159776
13.405	0.00167598
13.41	0.00175326
13.415	0.00182958
13.42	0.00190491
13.425	0.00197926
13.43	0.00205259
13.435	0.0021249
13.44	0.00219617
13.445	0.00226637
13.45	0.00233549
13.455	0.00240351
13.46	0.00247042
13.465	0.00253622
13.47	0.00260092
13.475	0.00266452
13.48	0.002727
13.485	0.00278833
13.49	0.0028485
13.495	0.00290748
13.5	0.00296527
13.505	0.00302187
13.51	0.00307727
13.515	0.00313147
13.52	0.00318446
13.525	0.00323623
13.53	0.00328676
13.535	0.00333604
13.54	0.00338406
13.545	0.00343082
13.55	0.00347631
13.555	0.00352054
13.56	0.00356351
13.565	0.00360524
13.57	0.00364571
13.575	0.0036849
13.58	0.00372282
13.585	0.00375943
13.59	0.00379475
13.595	0.00382878
13.6	0.00386151
13.605	0.00389295
13.61	0.0039231
13.615	0.00395195
13.62	0.00397949
13.625	0.00400572
13.63	0.00403065
13.635	0.00405426
13.64	0.00407658
13.645	0.00409761
13.65	0.00411737
13.655	0.00413586
13.66	0.00415309
13.665	0.00416903
13.67	0.0041837
13.675	0.00419706
13.68	0.00420914
13.685	0.00421994
13.69	0.00422946
13.695	0.00423772
13.7	0.00424473
13.705	0.0042505
13.71	0.00425502
13.715	0.0042583
13.72	0.00426033
13.725	0.00426113
13.73	0.00426071
13.735	0.00425908
13.74	0.00425626
13.745	0.00425227
13.75	0.00424711
13.755	0.00424078
13.76	0.00423327
13.765	0.00422459
13.77	0.00421474
13.775	0.00420373
13.78	0.00419158
13.785	0.0041783
13.79	0.00416391
13.795	0.00414843
13.8	0.00413186
13.805	0.0041142
13.81	0.00409548
13.815	0.00407569
13.82	0.00405486
13.825	0.004033
13.83	0.00401012
13.835	0.00398625
13.84	0.00396141
13.845	0.0039356
13.85	0.00390882
13.855	0.00388108
13.86	0.00385235
13.865	0.00382267
13.87	0.00379205
13.875	0.00376053
13.88	0.00372812
13.885	0.00369485
13.89	0.00366074
13.895	0.0036258
13.9	0.00359002
13.905	0.00355343
13.91	0.00351603
13.915	0.00347785
13.92	0.00343891
13.925	0.00339922
13.93	0.00335881
13.935	0.00331768
13.94	0.00327584
13.945	0.0032333
13.95	0.00319006
13.955	0.00314613
13.96	0.00310153
13.965	0.00305631
13.97	0.00301048
13.975	0.00296408
13.98	0.00291713
13.985	0.00286963
13.99	0.0028216
13.995	0.00277302
14	0.00272392
14.005	0.0026743
14.01	0.00262421
14.015	0.00257368
14.02	0.00252272
14.025	0.00247135
14.03	0.00241957
14.035	0.00236738
14.04	0.00231479
14.045	0.0022618
14.05	0.00220845
14.055	0.00215477
14.06	0.0021008
14.065	0.00204654
14.07	0.00199204
14.075	0.00193729
14.08	0.00188231
14.085	0.00182711
14.09	0.00177169
14.095	0.00171606
14.1	0.00166025
14.105	0.00160428
14.11	0.00154819
14.115	0.001492
14.12	0.0014357
14.125	0.00137929
14.13	0.00132277
14.135	0.00126615
14.14	0.00120945
14.145	0.00115274
14.15	0.00109603
14.155	0.00103936
14.16	0.000982741
14.165	0.00092617
14.17	0.000869653
14.175	0.0008132
14.18	0.000756824
14.185	0.000700537
14.19	0.00064435
14.195	0.000588279
14.2	0.000532345
14.205	0.000476568
14.21	0.000420969
14.215	0.000365556
14.22	0.000310329
14.225	0.000255291
14.23	0.000200459
14.235	0.000145866
14.24	9.15489e-05
14.245	3.75382e-05
14.25	-1.61557e-05
14.255	-6.95386e-05
14.26	-0.00012262
14.265	-0.0001754
14.27	-0.000227863
14.275	-0.000279986
14.28	-0.000331747
14.285	-0.000383133
14.29	-0.000434136
14.295	-0.00048475
14.3	-0.000534961
14.305	-0.000584756
14.31	-0.000634124
14.315	-0.000683056
14.32	-0.000731546
14.325	-0.000779578
14.33	-0.000827128
14.335	-0.00087417
14.34	-0.000920685
14.345	-0.000966671
14.35	-0.00101214
14.355	-0.0010571
14.36	-0.00110156
14.365	-0.0011455
14.37	-0.00118889
14.375	-0.00123171
14.38	-0.00127395
14.385	-0.00131561
14.39	-0.00135669
14.395	-0.00139718
14.4	-0.00143709
14.405	-0.00147639
14.41	-0.00151508
14.415	-0.00155314
14.42	-0.00159056
14.425	-0.00162732
14.43	-0.00166342
14.435	-0.00169884
14.44	-0.0017336
14.445	-0.00176772
14.45	-0.00180121
14.455	-0.00183406
14.46	-0.00186624
14.465	-0.00189774
14.47	-0.00192853
14.475	-0.00195861
14.48	-0.00198798
14.485	-0.00201666
14.49	-0.00204466
14.495	-0.00207195
14.5	-0.00209855
14.505	-0.00212443
14.51	-0.00214957
14.515	-0.00217398
14.52	-0.00219765
14.525	-0.00222057
14.53	-0.00224277
14.535	-0.00226426
14.54	-0.00228505
14.545	-0.00230514
14.55	-0.00232451
14.555	-0.00234315
14.56	-0.00236103
14.565	-0.00237815
14.57	-0.00239453
14.575	-0.00241017
14.58	-0.00242508
14.585	-0.00243928
14.59	-0.00245275
14.595	-0.00246548
14.6	-0.00247748
14.605	-0.00248873
14.61	-0.00249922
14.615	-0.00250897
14.62	-0.00251799
14.625	-0.00252629
14.63	-0.00253391
14.635	-0.00254085
14.64	-0.00254709
14.645	-0.00255261
14.65	-0.00255738
14.655	-0.00256141
14.66	-0.00256471
14.665	-0.0025673
14.67	-0.0025692
14.675	-0.00257043
14.68	-0.00257098
14.685	-0.00257084
14.69	-0.00257
14.695	-0.00256846
14.7	-0.00256624
14.705	-0.00256334
14.71	-0.00255978
14.715	-0.00255556
14.72	-0.00255071
14.725	-0.00254523
14.73	-0.00253913
14.735	-0.00253239
14.74	-0.002525
14.745	-0.00251693
14.75	-0.00250821
14.755	-0.00249886
14.76	-0.00248891
14.765	-0.00247839
14.77	-0.0024673
14.775	-0.00245563
14.78	-0.00244337
14.785	-0.0024305
14.79	-0.00241704
14.795	-0.00240302
14.8	-0.00238844
14.805	-0.00237333
14.81	-0.0023577
14.815	-0.00234155
14.82	-0.00232489
14.825	-0.00230771
14.83	-0.00229002
14.835	-0.00227179
14.84	-0.00225305
14.845	-0.00223379
14.85	-0.00221406
14.855	-0.00219388
14.86	-0.00217327
14.865	-0.00215223
14.87	-0.00213074
14.875	-0.0021088
14.88	-0.0020864
14.885	-0.00206357
14.89	-0.00204034
14.895	-0.00201674
14.9	-0.00199277
14.905	-0.00196845
14.91	-0.00194375
14.915	-0.00191868
14.92	-0.00189323
14.925	-0.0018674
14.93	-0.00184122
14.935	-0.0018147
14.94	-0.00178787
14.945	-0.00176074
14.95	-0.00173333
14.955	-0.00170566
14.96	-0.00167772
14.965	-0.0016495
14.97	-0.001621
14.975	-0.00159224
14.98	-0.00156323
14.985	-0.001534
14.99	-0.00150457
14.995	-0.00147494
15	-0.00144512
15.005	-0.00141509
15.01	-0.00138485
15.015	-0.00135439
15.02	-0.00132375
15.025	-0.00129295
15.03	-0.00126201
15.035	-0.00123096
15.04	-0.00119981
15.045	-0.00116856
15.05	-0.00113721
15.055	-0.00110575
15.06	-0.00107419
15.065	-0.00104252
15.07	-0.00101077
15.075	-0.000978957
15.08	-0.000947112
15.085	-0.00091524
15.09	-0.000883342
15.095	-0.000851413
15.1	-0.000819447
15.105	-0.000787445
15.11	-0.000755418
15.115	-0.000723389
15.12	-0.000691386
15.125	-0.000659433
15.13	-0.000627547
15.135	-0.000595733
15.14	-0.000563984
15.145	-0.00053229
15.15	-0.000500643
15.155	-0.000469049
15.16	-0.000437525
15.165	-0.000406096
15.17	-0.000374787
15.175	-0.000343609
15.18	-0.000312561
15.185	-0.000281635
15.19	-0.000250823
15.195	-0.000220127
15.2	-0.000189558
15.205	-0.00015914
15.21	-0.000128895
15.215	-9.88448e-05
15.22	-6.90021e-05
15.225	-3.93715e-05
15.23	-9.94964e-06
15.235	1.92722e-05
15.24	4.83035e-05
15.245	7.7148e-05
15.25	0.000105798
15.255	0.000134234
15.26	0.00016243
15.265	0.000190363
15.27	0.000218027
15.275	0.000245429
15.28	0.000272585
15.285	0.000299505
15.29	0.000326184
15.295	0.000352599
15.3	0.000378721
15.305	0.000404523
15.31	0.000429997
15.315	0.000455149
15.32	0.000479991
15.325	0.000504537
15.33	0.00052879
15.335	0.000552748
15.34	0.000576402
15.345	0.000599739
15.35	0.000622745
15.355	0.000645406
15.36	0.000667712
15.365	0.000689659
15.37	0.000711254
15.375	0.00073251
15.38	0.000753433
15.385	0.000774018
15.39	0.000794242
15.395	0.000814076
15.4	0.000833502
15.405	0.000852517
15.41	0.00087114
15.415	0.000889398
15.42	0.00090731
15.425	0.000924879
15.43	0.000942089
15.435	0.000958918
15.44	0.000975347
15.445	0.000991365
15.45	0.00100697
15.455	0.00102218
15.46	0.00103697
15.465	0.00105138
15.47	0.00106538
15.475	0.00107899
15.48	0.0010922
15.485	0.001105
15.49	0.00111737
15.495	0.00112931
15.5	0.00114083
15.505	0.00115195
15.51	0.00116268
15.515	0.00117304
15.52	0.00118302
15.525	0.0011926
15.53	0.00120177
15.535	0.00121049
15.54	0.00121878
15.545	0.00122664
15.55	0.00123409
15.555	0.00124113
15.56	0.00124778
15.565	0.00125403
15.57	0.00125988
15.575	0.00126531
15.58	0.00127034
15.585	0.00127494
15.59	0.00127914
15.595	0.00128294
15.6	0.00128635
15.605	0.00128938
15.61	0.00129204
15.615	0.00129432
15.62	0.0012962
15.625	0.00129767
15.63	0.00129873
15.635	0.00129939
15.64	0.00129965
15.645	0.00129953
15.65	0.00129905
15.655	0.0012982
15.66	0.00129699
15.665	0.0012954
15.67	0.00129342
15.675	0.00129107
15.68	0.00128834
15.685	0.00128526
15.69	0.00128183
15.695	0.00127809
15.7	0.00127402
15.705	0.00126961
15.71	0.00126486
15.715	0.00125973
15.72	0.00125424
15.725	0.00124839
15.73	0.00124221
15.735	0.0012357
15.74	0.00122888
15.745	0.00122177
15.75	0.00121434
15.755	0.00120661
15.76	0.00119857
15.765	0.00119023
15.77	0.00118159
15.775	0.00117265
15.78	0.00116343
15.785	0.00115394
15.79	0.0011442
15.795	0.0011342
15.8	0.00112392
15.805	0.00111335
15.81	0.00110247
15.815	0.00109131
15.82	0.00107988
15.825	0.00106822
15.83	0.00105636
15.835	0.00104428
15.84	0.00103199
15.845	0.00101947
15.85	0.00100671
15.855	0.000993722
15.86	0.000980518
15.865	0.000967109
15.87	0.000953504
15.875	0.00093971
15.88	0.000925731
15.885	0.000911573
15.89	0.000897236
15.895	0.000882712
15.9	0.000867995
15.905	0.000853084
15.91	0.000837993
15.915	0.000822747
15.92	0.000807377
15.925	0.000791897
15.93	0.000776303
15.935	0.00076058
15.94	0.00074471
15.945	0.00072869
15.95	0.000712538
15.955	0.000696275
15.96	0.000679922
15.965	0.000663487
15.97	0.000646966
15.975	0.000630352
15.98	0.000613639
15.985	0.000596829
15.99	0.000579925
15.995	0.000562934
16	0.000545868
16.005	0.000528742
16.01	0.000511575
16.015	0.000494383
16.02	0.000477173
16.025	0.000459938
16.03	0.000442665
16.035	0.000425344
16.04	0.000407977
16.045	0.000390583
16.05	0.000373182
16.055	0.000355791
16.06	0.000338412
16.065	0.000321038
16.07	0.000303656
16.075	0.000286262
16.08	0.000268861
16.085	0.000251466
16.09	0.000234096
16.095	0.000216767
16.1	0.000199493
16.105	0.000182281
16.11	0.000165132
16.115	0.00014804
16.12	0.000130998
16.125	0.000113999
16.13	9.70463e-05
16.135	8.01499e-05
16.14	6.33247e-05
16.145	4.65834e-05
16.15	2.99315e-05
16.155	1.33674e-05
16.16	-3.11419e-06
16.165	-1.9517e-05
16.17	-3.58393e-05
16.175	-5.20737e-05
16.18	-6.82072e-05
16.185	-8.42247e-05
16.19	-0.000100111
16.195	-0.000115857
16.2	-0.000131461
16.205	-0.000146931
16.21	-0.00016228
16.215	-0.000177518
16.22	-0.000192646
16.225	-0.000207651
16.23	-0.000222513
16.235	-0.000237217
16.24	-0.000251758
16.245	-0.000266146
16.25	-0.000280391
16.255	-0.000294497
16.26	-0.000308457
16.265	-0.000322256
16.27	-0.000335879
16.275	-0.000349316
16.28	-0.000362567
16.285	-0.000375632
16.29	-0.00038851
16.295	-0.000401204
16.3	-0.000413716
16.305	-0.000426055
16.31	-0.000438228
16.315	-0.000450233
16.32	-0.000462056
16.325	-0.000473678
16.33	-0.000485082
16.335	-0.000496269
16.34	-0.000507253
16.345	-0.000518052
16.35	-0.000528672
16.355	-0.000539103
16.36	-0.000549324
16.365	-0.000559314
16.37	-0.000569064
16.375	-0.000578583
16.38	-0.000587884
16.385	-0.000596979
16.39	-0.000605872
16.395	-0.00061456
16.4	-0.000623041
16.405	-0.000631312
16.41	-0.00063937
16.415	-0.000647206
16.42	-0.000654811
16.425	-0.000662177
16.43	-0.000669307
16.435	-0.000676216
16.44	-0.000682916
16.445	-0.000689412
16.45	-0.000695692
16.455	-0.000701733
16.46	-0.000707518
16.465	-0.000713043
16.47	-0.000718322
16.475	-0.000723381
16.48	-0.000728238
16.485	-0.000732897
16.49	-0.000737351
16.495	-0.000741584
16.5	-0.000745586
16.505	-0.00074935
16.51	-0.000752878
16.515	-0.000756173
16.52	-0.000759236
16.525	-0.000762072
16.53	-0.000764686
16.535	-0.00076708
16.54	-0.000769256
16.545	-0.000771207
16.55	-0.000772924
16.555	-0.000774404
16.56	-0.000775651
16.565	-0.000776679
16.57	-0.000777506
16.575	-0.000778143
16.58	-0.000778589
16.585	-0.000778834
16.59	-0.000778861
16.595	-0.000778658
16.6	-0.000778222
16.605	-0.000777559
16.61	-0.00077668
16.615	-0.000775599
16.62	-0.000774324
16.625	-0.000772856
16.63	-0.000771191
16.635	-0.000769321
16.64	-0.000767242
16.645	-0.000764955
16.65	-0.00076247
16.655	-0.000759799
16.66	-0.000756952
16.665	-0.000753933
16.67	-0.00075074
16.675	-0.000747366
16.68	-0.000743803
16.685	-0.000740047
16.69	-0.0007361
16.695	-0.000731964
16.7	-0.000727645
16.705	-0.000723152
16.71	-0.000718494
16.715	-0.000713678
16.72	-0.000708707
16.725	-0.000703578
16.73	-0.000698285
16.735	-0.000692824
16.74	-0.000687199
16.745	-0.000681421
16.75	-0.000675508
16.755	-0.000669468
16.76	-0.000663299
16.765	-0.00065699
16.77	-0.000650531
16.775	-0.000643915
16.78	-0.000637147
16.785	-0.000630239
16.79	-0.000623201
16.795	-0.000616038
16.8	-0.000608754
16.805	-0.000601353
16.81	-0.000593842
16.815	-0.000586226
16.82	-0.000578505
16.825	-0.000570677
16.83	-0.000562737
16.835	-0.000554686
16.84	-0.000546533
16.845	-0.000538293
16.85	-0.000529972
16.855	-0.000521569
16.86	-0.000513073
16.865	-0.000504472
16.87	-0.000495763
16.875	-0.000486958
16.88	-0.000478073
16.885	-0.000469125
16.89	-0.000460122
16.895	-0.000451063
16.9	-0.000441944
16.905	-0.000432763
16.91	-0.000423525
16.915	-0.000414232
16.92	-0.000404888
16.925	-0.000395492
16.93	-0.000386044
16.935	-0.00037655
16.94	-0.000367016
16.945	-0.000357449
16.95	-0.000347849
16.955	-0.00033821
16.96	-0.000328527
16.965	-0.000318798
16.97	-0.000309035
16.975	-0.000299252
16.98	-0.000289468
16.985	-0.00027969
16.99	-0.000269918
16.995	-0.000260144
17	-0.00025036
17.005	-0.000240563
17.01	-0.000230758
17.015	-0.00022095
17.02	-0.000211147
17.025	-0.000201354
17.03	-0.000191571
17.035	-0.000181798
17.04	-0.000172036
17.045	-0.000162285
17.05	-0.000152547
17.055	-0.000142827
17.06	-0.000133131
17.065	-0.000123467
17.07	-0.000113844
17.075	-0.000104269
17.08	-9.47458e-05
17.085	-8.52722e-05
17.09	-7.58428e-05
17.095	-6.64501e-05
17.1	-5.70894e-05
17.105	-4.77621e-05
17.11	-3.84762e-05
17.115	-2.9243e-05
17.12	-2.00718e-05
17.125	-1.09655e-05
17.13	-1.92087e-06
17.135	7.06752e-06
17.14	1.60013e-05
17.145	2.48755e-05
17.15	3.36799e-05
17.155	4.24046e-05
17.16	5.10441e-05
17.165	5.95989e-05
17.17	6.80719e-05
17.175	7.64653e-05
17.18	8.47785e-05
17.185	9.30108e-05
17.19	0.000101163
17.195	0.000109237
17.2	0.000117234
17.205	0.000125149
17.21	0.000132973
17.215	0.000140698
17.22	0.00014832
17.225	0.000155844
17.23	0.000163277
17.235	0.000170621
17.24	0.000177872
17.245	0.000185014
17.25	0.000192035
17.255	0.000198932
17.26	0.000205711
17.265	0.000212384
17.27	0.000218957
17.275	0.000225432
17.28	0.0002318
17.285	0.000238059
17.29	0.000244206
17.295	0.000250245
17.3	0.000256177
17.305	0.000261996
17.31	0.000267694
17.315	0.000273264
17.32	0.000278707
17.325	0.000284028
17.33	0.000289231
17.335	0.000294314
17.34	0.000299266
17.345	0.000304081
17.35	0.000308759
17.355	0.000313308
17.36	0.000317742
17.365	0.000322067
17.37	0.000326283
17.375	0.00033038
17.38	0.00033435
17.385	0.000338191
17.39	0.000341903
17.395	0.000345486
17.4	0.000348939
17.405	0.000352255
17.41	0.000355434
17.415	0.000358476
17.42	0.000361388
17.425	0.000364175
17.43	0.000366836
17.435	0.000369366
17.44	0.00037176
17.445	0.00037402
17.45	0.000376152
17.455	0.000378165
17.46	0.000380064
17.465	0.000381844
17.47	0.000383499
17.475	0.000385024
17.48	0.000386418
17.485	0.000387681
17.49	0.000388813
17.495	0.000389813
17.5	0.000390679
17.505	0.000391412
17.51	0.000392018
17.515	0.000392504
17.52	0.000392871
17.525	0.000393116
17.53	0.000393233
17.535	0.000393223
17.54	0.00039309
17.545	0.000392845
17.55	0.000392496
17.555	0.000392041
17.56	0.000391473
17.565	0.000390784
17.57	0.00038997
17.575	0.000389032
17.58	0.000387974
17.585	0.000386796
17.59	0.000385498
17.595	0.000384081
17.6	0.000382551
17.605	0.000380916
17.61	0.000379181
17.615	0.000377345
17.62	0.000375402
17.625	0.000373348
17.63	0.000371186
17.635	0.000368928
17.64	0.000366584
17.645	0.000364158
17.65	0.000361638
17.655	0.000359012
17.66	0.00035627
17.665	0.000353415
17.67	0.000350457
17.675	0.000347407
17.68	0.000344271
17.685	0.000341046
17.69	0.000337729
17.695	0.000334325
17.7	0.000330841
17.705	0.000327283
17.71	0.000323651
17.715	0.000319936
17.72	0.000316134
17.725	0.000312247
17.73	0.000308291
17.735	0.000304276
17.74	0.000300203
17.745	0.00029606
17.75	0.000291828
17.755	0.0002875
17.76	0.000283083
17.765	0.000278596
17.77	0.000274057
17.775	0.00026947
17.78	0.000264831
17.785	0.000260131
17.79	0.00025537
17.795	0.000250554
17.8	0.000245694
17.805	0.000240791
17.81	0.000235839
17.815	0.000230834
17.82	0.000225773
17.825	0.000220665
17.83	0.000215521
17.835	0.000210341
17.84	0.000205116
17.845	0.000199836
17.85	0.000194494
17.855	0.000189102
17.86	0.000183678
17.865	0.000178238
17.87	0.000172789
17.875	0.000167322
17.88	0.000161829
17.885	0.000156306
17.89	0.000150756
17.895	0.000145189
17.9	0.000139606
17.905	0.000134003
17.91	0.000128377
17.915	0.000122725
17.92	0.000117055
17.925	0.000111374
17.93	0.000105686
17.935	9.9985e-05
17.94	9.42658e-05
17.945	8.8528e-05
17.95	8.27811e-05
17.955	7.704e-05
17.96	7.13161e-05
17.965	6.56108e-05
17.97	5.99162e-05
17.975	5.42229e-05
17.98	4.85266e-05
17.985	4.28303e-05
17.99	3.71404e-05
17.995	3.14611e-05
18	2.57931e-05
18.005	2.01351e-05
18.01	1.44875e-05
18.015	8.85278e-06
18.02	3.23315e-06
18.025	-2.37172e-06
18.03	-7.9634e-06
18.035	-1.35407e-05
18.04	-1.90966e-05
18.045	-2.462e-05
18.05	-3.01013e-05
18.055	-3.55382e-05
18.06	-4.09369e-05
18.065	-4.63066e-05
18.07	-5.16538e-05
18.075	-5.69783e-05
18.08	-6.22759e-05
18.085	-6.7542e-05
18.09	-7.2775e-05
18.095	-7.79741e-05
18.1	-8.31375e-05
18.105	-8.82612e-05
18.11	-9.33416e-05
18.115	-9.83793e-05
18.12	-0.000103378
18.125	-0.00010834
18.13	-0.00011326
18.135	-0.000118126
18.14	-0.000122926
18.145	-0.000127656
18.15	-0.000132323
18.155	-0.000136945
18.16	-0.000141533
18.165	-0.000146089
18.17	-0.000150605
18.175	-0.000155067
18.18	-0.000159466
18.185	-0.000163805
18.19	-0.000168087
18.195	-0.000172315
18.2	-0.000176485
18.205	-0.000180593
18.21	-0.000184636
18.215	-0.000188617
18.22	-0.000192541
18.225	-0.000196405
18.23	-0.0002002
18.235	-0.000203914
18.24	-0.000207548
18.245	-0.000211112
18.25	-0.000214623
18.255	-0.000218094
18.26	-0.000221521
18.265	-0.000224887
18.27	-0.000228174
18.275	-0.000231375
18.28	-0.000234497
18.285	-0.000237551
18.29	-0.000240546
18.295	-0.00024348
18.3	-0.000246343
18.305	-0.000249127
18.31	-0.000251831
18.315	-0.00025446
18.32	-0.000257017
18.325	-0.0002595
18.33	-0.000261904
18.335	-0.000264229
18.34	-0.000266483
18.345	-0.000268679
18.35	-0.000270826
18.355	-0.000272918
18.36	-0.000274939
18.365	-0.00027687
18.37	-0.000278705
18.375	-0.00028045
18.38	-0.000282124
18.385	-0.000283736
18.39	-0.000285289
18.395	-0.00028677
18.4	-0.000288168
18.405	-0.000289478
18.41	-0.000290705
18.415	-0.000291858
18.42	-0.000292945
18.425	-0.000293967
18.43	-0.000294924
18.435	-0.000295814
18.44	-0.000296639
18.445	-0.000297399
18.45	-0.00029809
18.455	-0.000298704
18.46	-0.000299233
18.465	-0.000299674
18.47	-0.000300035
18.475	-0.000300326
18.48	-0.000300557
18.485	-0.000300729
18.49	-0.000300835
18.495	-0.000300868
18.5	-0.000300823
18.505	-0.000300703
18.51	-0.000300513
18.515	-0.000300262
18.52	-0.000299955
18.525	-0.000299592
18.53	-0.000299171
18.535	-0.000298688
18.54	-0.000298136
18.545	-0.00029751
18.55	-0.00029681
18.555	-0.000296038
18.56	-0.000295199
18.565	-0.000294298
18.57	-0.000293341
18.575	-0.000292327
18.58	-0.000291254
18.585	-0.00029012
18.59	-0.000288926
18.595	-0.000287675
18.6	-0.00028637
18.605	-0.000285013
18.61	-0.000283605
18.615	-0.000282147
18.62	-0.000280638
18.625	-0.000279079
18.63	-0.000277465
18.635	-0.000275792
18.64	-0.000274054
18.645	-0.000272251
18.65	-0.000270389
18.655	-0.000268481
18.66	-0.000266535
18.665	-0.000264554
18.67	-0.000262533
18.675	-0.000260464
18.68	-0.000258346
18.685	-0.000256182
18.69	-0.000253979
18.695	-0.000251744
18.7	-0.000249475
18.705	-0.000247166
18.71	-0.00024481
18.715	-0.000242407
18.72	-0.000239962
18.725	-0.000237479
18.73	-0.000234958
18.735	-0.000232397
18.74	-0.000229792
18.745	-0.00022715
18.75	-0.000224479
18.755	-0.000221791
18.76	-0.000219089
18.765	-0.000216367
18.77	-0.000213612
18.775	-0.000210819
18.78	-0.00020799
18.785	-0.000205135
18.79	-0.000202264
18.795	-0.000199381
18.8	-0.000196479
18.805	-0.000193547
18.81	-0.000190579
18.815	-0.000187578
18.82	-0.000184555
18.825	-0.000181518
18.83	-0.000178469
18.835	-0.000175405
18.84	-0.000172326
18.845	-0.000169232
18.85	-0.000166131
18.855	-0.00016303
18.86	-0.000159927
18.865	-0.000156816
18.87	-0.000153688
18.875	-0.00015054
18.88	-0.000147378
18.885	-0.000144209
18.89	-0.000141042
18.895	-0.000137873
18.9	-0.000134696
18.905	-0.000131502
18.91	-0.000128292
18.915	-0.000125075
18.92	-0.000121862
18.925	-0.000118663
18.93	-0.00011548
18.935	-0.000112308
18.94	-0.000109139
18.945	-0.000105973
18.95	-0.00010281
18.955	-9.96548e-05
18.96	-9.65074e-05
18.965	-9.33644e-05
18.97	-9.02212e-05
18.975	-8.70767e-05
18.98	-8.39346e-05
18.985	-8.08015e-05
18.99	-7.7683e-05
18.995	-7.45797e-05
19	-7.1489e-05
19.005	-6.84086e-05
19.01	-6.53404e-05
19.015	-6.22911e-05
19.02	-5.9268e-05
19.025	-5.62746e-05
19.03	-5.33076e-05
19.035	-5.03593e-05
19.04	-4.74227e-05
19.045	-4.44956e-05
19.05	-4.15814e-05
19.055	-3.86859e-05
19.06	-3.58126e-05
19.065	-3.29607e-05
19.07	-3.01271e-05
19.075	-2.73103e-05
19.08	-2.45128e-05
19.085	-2.17406e-05
19.09	-1.89999e-05
19.095	-1.62933e-05
19.1	-1.3619e-05
19.105	-1.0974e-05
19.11	-8.35678e-06
19.115	-5.7694e-06
19.12	-3.21519e-06
19.125	-6.95466e-07
19.13	1.79266e-06
19.135	4.25511e-06
19.14	6.69705e-06
19.145	9.11924e-06
19.15	1.15174e-05
19.155	1.38852e-05
19.16	1.62177e-05
19.165	1.85143e-05
19.17	2.07768e-05
19.175	2.30066e-05
19.18	2.52019e-05
19.185	2.73577e-05
19.19	2.94697e-05
19.195	3.15365e-05
19.2	3.35617e-05
19.205	3.55509e-05
19.21	3.75087e-05
19.215	3.9436e-05
19.22	4.13306e-05
19.225	4.31898e-05
19.23	4.50133e-05
19.235	4.68031e-05
19.24	4.85617e-05
19.245	5.02888e-05
19.25	5.19807e-05
19.255	5.36311e-05
19.26	5.52347e-05
19.265	5.679e-05
19.27	5.82993e-05
19.275	5.97668e-05
19.28	6.1195e-05
19.285	6.25836e-05
19.29	6.393e-05
19.295	6.52327e-05
19.3	6.64933e-05
19.305	6.77165e-05
19.31	6.89073e-05
19.315	7.00681e-05
19.32	7.11967e-05
19.325	7.2288e-05
19.33	7.3337e-05
19.335	7.43418e-05
19.34	7.53036e-05
19.345	7.62245e-05
19.35	7.71044e-05
19.355	7.79405e-05
19.36	7.8729e-05
19.365	7.94686e-05
19.37	8.01621e-05
19.375	8.0815e-05
19.38	8.14325e-05
19.385	8.20158e-05
19.39	8.25624e-05
19.395	8.30691e-05
19.4	8.3536e-05
19.405	8.39669e-05
19.41	8.43667e-05
19.415	8.47371e-05
19.42	8.50735e-05
19.425	8.53678e-05
19.43	8.56127e-05
19.435	8.58068e-05
19.44	8.59547e-05
19.445	8.60633e-05
19.45	8.61365e-05
19.455	8.6173e-05
19.46	8.61692e-05
19.465	8.61233e-05
19.47	8.60389e-05
19.475	8.59225e-05
19.48	8.57794e-05
19.485	8.56093e-05
19.49	8.54075e-05
19.495	8.51685e-05
19.5	8.48909e-05
19.505	8.4578e-05
19.51	8.42341e-05
19.515	8.38594e-05
19.52	8.34485e-05
19.525	8.29943e-05
19.53	8.24931e-05
19.535	8.19493e-05
19.54	8.13723e-05
19.545	8.07709e-05
19.55	8.01474e-05
19.555	7.94972e-05
19.56	7.88136e-05
19.565	7.80941e-05
19.57	7.73432e-05
19.575	7.65684e-05
19.58	7.57748e-05
19.585	7.49607e-05
19.59	7.41193e-05
19.595	7.32436e-05
19.6	7.23318e-05
19.605	7.13873e-05
19.61	7.04152e-05
19.615	6.94174e-05
19.62	6.83915e-05
19.625	6.73337e-05
19.63	6.62438e-05
19.635	6.51269e-05
19.64	6.39905e-05
19.645	6.28402e-05
19.65	6.1676e-05
19.655	6.04931e-05
19.66	5.92867e-05
19.665	5.80559e-05
19.67	5.68046e-05
19.675	5.55378e-05
19.68	5.42568e-05
19.685	5.29581e-05
19.69	5.16352e-05
19.695	5.02831e-05
19.7	4.8902e-05
19.705	4.74969e-05
19.71	4.60741e-05
19.715	4.4638e-05
19.72	4.31896e-05
19.725	4.17278e-05
19.73	4.02524e-05
19.735	3.87655e-05
19.74	3.72701e-05
19.745	3.57679e-05
19.75	3.42582e-05
19.755	3.27377e-05
19.76	3.12028e-05
19.765	2.96522e-05
19.77	2.80868e-05
19.775	2.65089e-05
19.78	2.49199e-05
19.785	2.33196e-05
19.79	2.17065e-05
19.795	2.00799e-05
19.8	1.84414e-05
19.805	1.67951e-05
19.81	1.51459e-05
19.815	1.34977e-05
19.82	1.18513e-05
19.825	1.02051e-05
19.83	8.55651e-06
19.835	6.90423e-06
19.84	5.24861e-06
19.845	3.59095e-06
19.85	1.93174e-06
19.855	2.69518e-07
19.86	-1.39848e-06
19.865	-3.07436e-06
19.87	-4.75767e-06
19.875	-6.44515e-06
19.88	-8.13242e-06
19.885	-9.81642e-06
19.89	-1.14967e-05
19.895	-1.31743e-05
19.9	-1.48497e-05
19.905	-1.65208e-05
19.91	-1.81834e-05
19.915	-1.98341e-05
19.92	-2.14728e-05
19.925	-2.31032e-05
19.93	-2.47306e-05
19.935	-2.63585e-05
19.94	-2.79865e-05
19.945	-2.96116e-05
19.95	-3.12307e-05
19.955	-3.28439e-05
19.96	-3.44534e-05
19.965	-3.6061e-05
19.97	-3.76651e-05
19.975	-3.926e-05
19.98	-4.0839e-05
19.985	-4.23981e-05
19.99	-4.39385e-05
19.995	-4.54648e-05
