0	0
0.005	0
0.01	0
0.015	0
0.02	0
0.025	0
0.03	0
0.035	0
0.04	0
0.045	0
0.05	0
0.055	0
0.06	0
0.065	0
0.07	0
0.075	0
0.08	0
0.085	0
0.09	0
0.095	0
0.1	0
0.105	0
0.11	0
0.115	0
0.12	0
0.125	0
0.13	0
0.135	0
0.14	0
0.145	0
0.15	0
0.155	0
0.16	0
0.165	0
0.17	0
0.175	0
0.18	0
0.185	0
0.19	0
0.195	0
0.2	0
0.205	0
0.21	0
0.215	0
0.22	0
0.225	0
0.23	0
0.235	0
0.24	0
0.245	0
0.25	0
0.255	0
0.26	0
0.265	0
0.27	0
0.275	0
0.28	0
0.285	0
0.29	0
0.295	0
0.3	0
0.305	0
0.31	0
0.315	0
0.32	0
0.325	0
0.33	0
0.335	0
0.34	0
0.345	0
0.35	0
0.355	0
0.36	0
0.365	0
0.37	0
0.375	0
0.38	0
0.385	0
0.39	0
0.395	0
0.4	0
0.405	0
0.41	0
0.415	0
0.42	0
0.425	0
0.43	0
0.435	0
0.44	0
0.445	0
0.45	0
0.455	0
0.46	0
0.465	0
0.47	0
0.475	0
0.48	0
0.485	0
0.49	0
0.495	0
0.5	0
0.505	0
0.51	0
0.515	0
0.52	0
0.525	0
0.53	0
0.535	0
0.54	0
0.545	0
0.55	0
0.555	0
0.56	0
0.565	0
0.57	0
0.575	0
0.58	0
0.585	0
0.59	0
0.595	0
0.6	-1.07735e-103
0.605	-1.78281e-101
0.61	-1.49828e-99
0.615	-8.52535e-98
0.62	-3.69358e-96
0.625	-1.29882e-94
0.63	-3.85823e-93
0.635	-9.94912e-92
0.64	-2.2712e-90
0.645	-4.65801e-89
0.65	-8.68131e-88
0.655	-1.48381e-86
0.66	-2.34326e-85
0.665	-3.44044e-84
0.67	-4.72115e-83
0.675	-6.08266e-82
0.68	-7.387e-81
0.685	-8.48555e-80
0.69	-9.24847e-79
0.695	-9.59041e-78
0.7	-9.48547e-77
0.705	-8.96832e-76
0.71	-8.1223e-75
0.715	-7.05945e-74
0.72	-5.89828e-73
0.725	-4.74484e-72
0.73	-3.6803e-71
0.735	-2.75603e-70
0.74	-1.99507e-69
0.745	-1.39763e-68
0.75	-9.48517e-68
0.755	-6.24217e-67
0.76	-3.98708e-66
0.765	-2.47379e-65
0.77	-1.49209e-64
0.775	-8.75506e-64
0.78	-5.00079e-63
0.785	-2.78224e-62
0.79	-1.50856e-61
0.795	-7.97545e-61
0.8	-4.11306e-60
0.805	-2.06994e-59
0.81	-1.01688e-58
0.815	-4.87775e-58
0.82	-2.28499e-57
0.825	-1.04547e-56
0.83	-4.67211e-56
0.835	-2.03912e-55
0.84	-8.68959e-55
0.845	-3.61417e-54
0.85	-1.4662e-53
0.855	-5.79625e-53
0.86	-2.22985e-52
0.865	-8.33134e-52
0.87	-3.01435e-51
0.875	-1.05143e-50
0.88	-3.51091e-50
0.885	-1.10895e-49
0.89	-3.23958e-49
0.895	-8.32404e-49
0.9	-1.60925e-48
0.905	-3.22021e-49
0.91	1.94508e-47
0.915	1.44413e-46
0.92	7.77281e-46
0.925	3.65024e-45
0.93	1.58248e-44
0.935	6.49297e-44
0.94	2.55506e-43
0.945	9.72e-43
0.95	3.59324e-42
0.955	1.29544e-41
0.96	4.56649e-41
0.965	1.57701e-40
0.97	5.34359e-40
0.975	1.7787e-39
0.98	5.82204e-39
0.985	1.87546e-38
0.99	5.9498e-38
0.995	1.86003e-37
1	5.73308e-37
1.005	1.74303e-36
1.01	5.22934e-36
1.015	1.54873e-35
1.02	4.52932e-35
1.025	1.30843e-34
1.03	3.73467e-34
1.035	1.05353e-33
1.04	2.93788e-33
1.045	8.10057e-33
1.05	2.20891e-32
1.055	5.95811e-32
1.06	1.58995e-31
1.065	4.19837e-31
1.07	1.09716e-30
1.075	2.83805e-30
1.08	7.26767e-30
1.085	1.84271e-29
1.09	4.62662e-29
1.095	1.15047e-28
1.1	2.83361e-28
1.105	6.91375e-28
1.11	1.67127e-27
1.115	4.00301e-27
1.12	9.50122e-27
1.125	2.23496e-26
1.13	5.21079e-26
1.135	1.20426e-25
1.14	2.75906e-25
1.145	6.2671e-25
1.15	1.41148e-24
1.155	3.15225e-24
1.16	6.98138e-24
1.165	1.53346e-23
1.17	3.34077e-23
1.175	7.21936e-23
1.18	1.5476e-22
1.185	3.29124e-22
1.19	6.94433e-22
1.195	1.45379e-21
1.2	3.01996e-21
1.205	6.22525e-21
1.21	1.2735e-20
1.215	2.58552e-20
1.22	5.20998e-20
1.225	1.04204e-19
1.23	2.06882e-19
1.235	4.07727e-19
1.24	7.97721e-19
1.245	1.54949e-18
1.25	2.98819e-18
1.255	5.72174e-18
1.26	1.08785e-17
1.265	2.0538e-17
1.27	3.85042e-17
1.275	7.16873e-17
1.28	1.3255e-16
1.285	2.43411e-16
1.29	4.43958e-16
1.295	8.04269e-16
1.3	1.44723e-15
1.305	2.58683e-15
1.31	4.59314e-15
1.315	8.10173e-15
1.32	1.41968e-14
1.325	2.4715e-14
1.33	4.27469e-14
1.335	7.3458e-14
1.34	1.25423e-13
1.345	2.12782e-13
1.35	3.58694e-13
1.355	6.0084e-13
1.36	1.00012e-12
1.365	1.65432e-12
1.37	2.7194e-12
1.375	4.44245e-12
1.38	7.21243e-12
1.385	1.16376e-11
1.39	1.86628e-11
1.395	2.97466e-11
1.4	4.7125e-11
1.405	7.42049e-11
1.41	1.16142e-10
1.415	1.80691e-10
1.42	2.79435e-10
1.425	4.29567e-10
1.43	6.56445e-10
1.435	9.97224e-10
1.44	1.50599e-09
1.445	2.26099e-09
1.45	3.37463e-09
1.455	5.00746e-09
1.46	7.38719e-09
1.465	1.08348e-08
1.47	1.57997e-08
1.475	2.29073e-08
1.48	3.30218e-08
1.485	4.73304e-08
1.49	6.74526e-08
1.495	9.55837e-08
1.5	1.3468e-07
1.505	1.88697e-07
1.51	2.62892e-07
1.515	3.64206e-07
1.52	5.01742e-07
1.525	6.87364e-07
1.53	9.36424e-07
1.535	1.26866e-06
1.54	1.70929e-06
1.545	2.29028e-06
1.55	3.05192e-06
1.555	4.04462e-06
1.56	5.33102e-06
1.565	6.98846e-06
1.57	9.11168e-06
1.575	1.18161e-05
1.58	1.5241e-05
1.585	1.95537e-05
1.59	2.49537e-05
1.595	3.16767e-05
1.6	3.99996e-05
1.605	5.02456e-05
1.61	6.27883e-05
1.615	7.80572e-05
1.62	9.6542e-05
1.625	0.000118797
1.63	0.000145445
1.635	0.000177181
1.64	0.000214772
1.645	0.000259062
1.65	0.00031097
1.655	0.00037149
1.66	0.000441688
1.665	0.000522701
1.67	0.000615728
1.675	0.000722031
1.68	0.000842922
1.685	0.000979761
1.69	0.00113394
1.695	0.0013069
1.7	0.00150007
1.705	0.00171493
1.71	0.00195295
1.715	0.00221562
1.72	0.00250441
1.725	0.0028208
1.73	0.00316627
1.735	0.00354231
1.74	0.00395039
1.745	0.00439199
1.75	0.00486862
1.755	0.00538179
1.76	0.00593302
1.765	0.00652388
1.77	0.00715594
1.775	0.00783082
1.78	0.00855018
1.785	0.00931568
1.79	0.010129
1.795	0.010992
1.8	0.0119062
1.805	0.0128736
1.81	0.0138959
1.815	0.0149747
1.82	0.016112
1.825	0.0173095
1.83	0.0185688
1.835	0.0198918
1.84	0.02128
1.845	0.0227353
1.85	0.0242591
1.855	0.0258532
1.86	0.0275191
1.865	0.0292585
1.87	0.0310729
1.875	0.032964
1.88	0.0349333
1.885	0.0369824
1.89	0.0391128
1.895	0.0413263
1.9	0.0436242
1.905	0.0460081
1.91	0.0484796
1.915	0.0510401
1.92	0.0536911
1.925	0.0564339
1.93	0.05927
1.935	0.0622007
1.94	0.0652271
1.945	0.0683507
1.95	0.0715724
1.955	0.0748936
1.96	0.0783151
1.965	0.0818382
1.97	0.0854638
1.975	0.0891929
1.98	0.0930265
1.985	0.0969654
1.99	0.10101
1.995	0.105163
2	0.109422
2.005	0.113791
2.01	0.118268
2.015	0.122856
2.02	0.127554
2.025	0.132362
2.03	0.137282
2.035	0.142314
2.04	0.147458
2.045	0.152714
2.05	0.158083
2.055	0.163564
2.06	0.169159
2.065	0.174866
2.07	0.180686
2.075	0.186618
2.08	0.192663
2.085	0.198821
2.09	0.205091
2.095	0.211472
2.1	0.217965
2.105	0.224569
2.11	0.231283
2.115	0.238106
2.12	0.245039
2.125	0.252079
2.13	0.259226
2.135	0.26648
2.14	0.273839
2.145	0.281302
2.15	0.288868
2.155	0.296535
2.16	0.304302
2.165	0.312169
2.17	0.320132
2.175	0.328192
2.18	0.336345
2.185	0.344591
2.19	0.352926
2.195	0.361351
2.2	0.369861
2.205	0.378456
2.21	0.387132
2.215	0.395888
2.22	0.404721
2.225	0.413629
2.23	0.422609
2.235	0.431658
2.24	0.440774
2.245	0.449954
2.25	0.459194
2.255	0.468492
2.26	0.477845
2.265	0.487249
2.27	0.496702
2.275	0.5062
2.28	0.515739
2.285	0.525317
2.29	0.534929
2.295	0.544572
2.3	0.554242
2.305	0.563937
2.31	0.573651
2.315	0.58338
2.32	0.593122
2.325	0.602872
2.33	0.612626
2.335	0.62238
2.34	0.63213
2.345	0.641871
2.35	0.6516
2.355	0.661311
2.36	0.671001
2.365	0.680665
2.37	0.690299
2.375	0.699897
2.38	0.709457
2.385	0.718972
2.39	0.728438
2.395	0.73785
2.4	0.747205
2.405	0.756496
2.41	0.765719
2.415	0.77487
2.42	0.783943
2.425	0.792933
2.43	0.801836
2.435	0.810647
2.44	0.81936
2.445	0.827971
2.45	0.836475
2.455	0.844866
2.46	0.85314
2.465	0.861291
2.47	0.869314
2.475	0.877205
2.48	0.884958
2.485	0.892568
2.49	0.90003
2.495	0.907339
2.5	0.914489
2.505	0.921477
2.51	0.928295
2.515	0.934941
2.52	0.941408
2.525	0.947692
2.53	0.953787
2.535	0.959689
2.54	0.965392
2.545	0.970892
2.55	0.976185
2.555	0.981264
2.56	0.986126
2.565	0.990765
2.57	0.995177
2.575	0.999357
2.58	1.0033
2.585	1.007
2.59	1.01046
2.595	1.01367
2.6	1.01662
2.605	1.01931
2.61	1.02174
2.615	1.02391
2.62	1.0258
2.625	1.02742
2.63	1.02875
2.635	1.02981
2.64	1.03057
2.645	1.03105
2.65	1.03123
2.655	1.03111
2.66	1.0307
2.665	1.02997
2.67	1.02894
2.675	1.0276
2.68	1.02594
2.685	1.02397
2.69	1.02168
2.695	1.01906
2.7	1.01612
2.705	1.01285
2.71	1.00925
2.715	1.00532
2.72	1.00106
2.725	0.996455
2.73	0.991516
2.735	0.986236
2.74	0.980615
2.745	0.974652
2.75	0.968345
2.755	0.961693
2.76	0.954695
2.765	0.94735
2.77	0.939658
2.775	0.931617
2.78	0.923229
2.785	0.914492
2.79	0.905406
2.795	0.895971
2.8	0.886188
2.805	0.876058
2.81	0.86558
2.815	0.854755
2.82	0.843584
2.825	0.832069
2.83	0.82021
2.835	0.80801
2.84	0.795468
2.845	0.782588
2.85	0.769371
2.855	0.755819
2.86	0.741933
2.865	0.727718
2.87	0.713174
2.875	0.698305
2.88	0.683114
2.885	0.667603
2.89	0.651775
2.895	0.635634
2.9	0.619184
2.905	0.602427
2.91	0.585368
2.915	0.56801
2.92	0.550358
2.925	0.532416
2.93	0.514188
2.935	0.495678
2.94	0.476892
2.945	0.457834
2.95	0.438509
2.955	0.418922
2.96	0.399078
2.965	0.378983
2.97	0.358642
2.975	0.338062
2.98	0.317246
2.985	0.296203
2.99	0.274937
2.995	0.253455
3	0.231763
3.005	0.209868
3.01	0.187776
3.015	0.165493
3.02	0.143027
3.025	0.120384
3.03	0.0975718
3.035	0.0745967
3.04	0.0514662
3.045	0.0281875
3.05	0.00476814
3.055	-0.0187845
3.06	-0.0424629
3.065	-0.0662594
3.07	-0.0901661
3.075	-0.114175
3.08	-0.138279
3.085	-0.162469
3.09	-0.186738
3.095	-0.211077
3.1	-0.235478
3.105	-0.259934
3.11	-0.284434
3.115	-0.308973
3.12	-0.333539
3.125	-0.358127
3.13	-0.382726
3.135	-0.407329
3.14	-0.431926
3.145	-0.45651
3.15	-0.481071
3.155	-0.505601
3.16	-0.530092
3.165	-0.554534
3.17	-0.578919
3.175	-0.603239
3.18	-0.627484
3.185	-0.651646
3.19	-0.675716
3.195	-0.699685
3.2	-0.723546
3.205	-0.747288
3.21	-0.770904
3.215	-0.794385
3.22	-0.817722
3.225	-0.840907
3.23	-0.863932
3.235	-0.886787
3.24	-0.909465
3.245	-0.931956
3.25	-0.954254
3.255	-0.976349
3.26	-0.998234
3.265	-1.0199
3.27	-1.04134
3.275	-1.06255
3.28	-1.08351
3.285	-1.10422
3.29	-1.12468
3.295	-1.14486
3.3	-1.16478
3.305	-1.18442
3.31	-1.20376
3.315	-1.22282
3.32	-1.24157
3.325	-1.26001
3.33	-1.27814
3.335	-1.29594
3.34	-1.31342
3.345	-1.33056
3.35	-1.34736
3.355	-1.36381
3.36	-1.37991
3.365	-1.39564
3.37	-1.41101
3.375	-1.42601
3.38	-1.44064
3.385	-1.45488
3.39	-1.46873
3.395	-1.48219
3.4	-1.49525
3.405	-1.50792
3.41	-1.52017
3.415	-1.53202
3.42	-1.54344
3.425	-1.55445
3.43	-1.56504
3.435	-1.5752
3.44	-1.58493
3.445	-1.59423
3.45	-1.60308
3.455	-1.6115
3.46	-1.61948
3.465	-1.62701
3.47	-1.63409
3.475	-1.64072
3.48	-1.6469
3.485	-1.65263
3.49	-1.6579
3.495	-1.66271
3.5	-1.66706
3.505	-1.67096
3.51	-1.67439
3.515	-1.67736
3.52	-1.67986
3.525	-1.68191
3.53	-1.68348
3.535	-1.6846
3.54	-1.68525
3.545	-1.68544
3.55	-1.68517
3.555	-1.68443
3.56	-1.68323
3.565	-1.68157
3.57	-1.67946
3.575	-1.67688
3.58	-1.67385
3.585	-1.67036
3.59	-1.66642
3.595	-1.66203
3.6	-1.65719
3.605	-1.65191
3.61	-1.64618
3.615	-1.64001
3.62	-1.6334
3.625	-1.62636
3.63	-1.61888
3.635	-1.61098
3.64	-1.60265
3.645	-1.5939
3.65	-1.58473
3.655	-1.57515
3.66	-1.56516
3.665	-1.55476
3.67	-1.54397
3.675	-1.53278
3.68	-1.52119
3.685	-1.50922
3.69	-1.49687
3.695	-1.48414
3.7	-1.47105
3.705	-1.45758
3.71	-1.44376
3.715	-1.42958
3.72	-1.41505
3.725	-1.40018
3.73	-1.38497
3.735	-1.36943
3.74	-1.35356
3.745	-1.33738
3.75	-1.32089
3.755	-1.30408
3.76	-1.28698
3.765	-1.26959
3.77	-1.25191
3.775	-1.23395
3.78	-1.21572
3.785	-1.19723
3.79	-1.17847
3.795	-1.15947
3.8	-1.14022
3.805	-1.12073
3.81	-1.10101
3.815	-1.08108
3.82	-1.06092
3.825	-1.04056
3.83	-1.02
3.835	-0.999247
3.84	-0.978309
3.845	-0.957193
3.85	-0.935907
3.855	-0.91446
3.86	-0.892857
3.865	-0.871108
3.87	-0.849219
3.875	-0.827199
3.88	-0.805054
3.885	-0.782794
3.89	-0.760425
3.895	-0.737955
3.9	-0.715392
3.905	-0.692743
3.91	-0.670017
3.915	-0.64722
3.92	-0.624361
3.925	-0.601447
3.93	-0.578485
3.935	-0.555483
3.94	-0.53245
3.945	-0.509391
3.95	-0.486315
3.955	-0.463228
3.96	-0.44014
3.965	-0.417055
3.97	-0.393983
3.975	-0.37093
3.98	-0.347904
3.985	-0.324911
3.99	-0.301958
3.995	-0.279053
4	-0.256203
4.005	-0.233413
4.01	-0.210692
4.015	-0.188046
4.02	-0.165482
4.025	-0.143006
4.03	-0.120624
4.035	-0.0983435
4.04	-0.0761704
4.045	-0.054111
4.05	-0.0321716
4.055	-0.0103582
4.06	0.011323
4.065	0.0328662
4.07	0.0542656
4.075	0.0755152
4.08	0.0966096
4.085	0.117543
4.09	0.13831
4.095	0.158906
4.1	0.179324
4.105	0.19956
4.11	0.219609
4.115	0.239465
4.12	0.259125
4.125	0.278582
4.13	0.297833
4.135	0.316872
4.14	0.335696
4.145	0.3543
4.15	0.37268
4.155	0.390831
4.16	0.40875
4.165	0.426432
4.17	0.443874
4.175	0.461072
4.18	0.478023
4.185	0.494722
4.19	0.511167
4.195	0.527354
4.2	0.54328
4.205	0.558942
4.21	0.574337
4.215	0.589462
4.22	0.604315
4.225	0.618893
4.23	0.633193
4.235	0.647212
4.24	0.66095
4.245	0.674403
4.25	0.687569
4.255	0.700447
4.26	0.713034
4.265	0.725329
4.27	0.737331
4.275	0.749036
4.28	0.760445
4.285	0.771556
4.29	0.782367
4.295	0.792878
4.3	0.803087
4.305	0.812994
4.31	0.822598
4.315	0.831897
4.32	0.840893
4.325	0.849583
4.33	0.857967
4.335	0.866046
4.34	0.873819
4.345	0.881286
4.35	0.888446
4.355	0.895301
4.36	0.901849
4.365	0.908092
4.37	0.91403
4.375	0.919663
4.38	0.924992
4.385	0.930017
4.39	0.934739
4.395	0.939159
4.4	0.943277
4.405	0.947096
4.41	0.950615
4.415	0.953836
4.42	0.95676
4.425	0.959388
4.43	0.961722
4.435	0.963764
4.44	0.965514
4.445	0.966975
4.45	0.968148
4.455	0.969035
4.46	0.969637
4.465	0.969957
4.47	0.969996
4.475	0.969757
4.48	0.969241
4.485	0.968452
4.49	0.96739
4.495	0.966059
4.5	0.964461
4.505	0.962599
4.51	0.960474
4.515	0.958089
4.52	0.955447
4.525	0.952551
4.53	0.949404
4.535	0.946007
4.54	0.942365
4.545	0.93848
4.55	0.934354
4.555	0.929992
4.56	0.925396
4.565	0.920569
4.57	0.915515
4.575	0.910236
4.58	0.904736
4.585	0.899018
4.59	0.893087
4.595	0.886944
4.6	0.880594
4.605	0.87404
4.61	0.867286
4.615	0.860335
4.62	0.853191
4.625	0.845857
4.63	0.838338
4.635	0.830637
4.64	0.822758
4.645	0.814705
4.65	0.806482
4.655	0.798091
4.66	0.789539
4.665	0.780827
4.67	0.771961
4.675	0.762945
4.68	0.753781
4.685	0.744475
4.69	0.73503
4.695	0.72545
4.7	0.715739
4.705	0.705901
4.71	0.69594
4.715	0.68586
4.72	0.675664
4.725	0.665357
4.73	0.654942
4.735	0.644424
4.74	0.633805
4.745	0.623089
4.75	0.61228
4.755	0.601381
4.76	0.590397
4.765	0.579329
4.77	0.568182
4.775	0.556959
4.78	0.545662
4.785	0.534297
4.79	0.522865
4.795	0.511369
4.8	0.499814
4.805	0.488202
4.81	0.476536
4.815	0.464819
4.82	0.453055
4.825	0.441247
4.83	0.429398
4.835	0.417511
4.84	0.40559
4.845	0.393638
4.85	0.381657
4.855	0.369651
4.86	0.357623
4.865	0.345577
4.87	0.333515
4.875	0.32144
4.88	0.309356
4.885	0.297265
4.89	0.285171
4.895	0.273076
4.9	0.260982
4.905	0.248894
4.91	0.236813
4.915	0.224742
4.92	0.212685
4.925	0.200644
4.93	0.188622
4.935	0.176621
4.94	0.164645
4.945	0.152695
4.95	0.140776
4.955	0.128889
4.96	0.117037
4.965	0.105223
4.97	0.09345
4.975	0.0817202
4.98	0.0700364
4.985	0.0584012
4.99	0.046817
4.995	0.0352864
5	0.0238118
5.005	0.0123958
5.01	0.0010408
5.015	-0.0102509
5.02	-0.0214768
5.025	-0.0326345
5.03	-0.0437217
5.035	-0.0547361
5.04	-0.0656751
5.045	-0.0765366
5.05	-0.0873181
5.055	-0.0980173
5.06	-0.108632
5.065	-0.11916
5.07	-0.129598
5.075	-0.139946
5.08	-0.1502
5.085	-0.160358
5.09	-0.170419
5.095	-0.18038
5.1	-0.19024
5.105	-0.199995
5.11	-0.209645
5.115	-0.219188
5.12	-0.22862
5.125	-0.237942
5.13	-0.24715
5.135	-0.256242
5.14	-0.265218
5.145	-0.274075
5.15	-0.282812
5.155	-0.291427
5.16	-0.299918
5.165	-0.308283
5.17	-0.316522
5.175	-0.324632
5.18	-0.332612
5.185	-0.340461
5.19	-0.348178
5.195	-0.35576
5.2	-0.363206
5.205	-0.370516
5.21	-0.377688
5.215	-0.38472
5.22	-0.391612
5.225	-0.398363
5.23	-0.40497
5.235	-0.411434
5.24	-0.417753
5.245	-0.423926
5.25	-0.429952
5.255	-0.43583
5.26	-0.44156
5.265	-0.44714
5.27	-0.45257
5.275	-0.457849
5.28	-0.462976
5.285	-0.467951
5.29	-0.472772
5.295	-0.47744
5.3	-0.481954
5.305	-0.486312
5.31	-0.490516
5.315	-0.494563
5.32	-0.498454
5.325	-0.502188
5.33	-0.505764
5.335	-0.509183
5.34	-0.512444
5.345	-0.515548
5.35	-0.518492
5.355	-0.521278
5.36	-0.523906
5.365	-0.526375
5.37	-0.528685
5.375	-0.530836
5.38	-0.532829
5.385	-0.534663
5.39	-0.536338
5.395	-0.537855
5.4	-0.539215
5.405	-0.540416
5.41	-0.54146
5.415	-0.542347
5.42	-0.543078
5.425	-0.543652
5.43	-0.544071
5.435	-0.544336
5.44	-0.544445
5.445	-0.544402
5.45	-0.544205
5.455	-0.543857
5.46	-0.543357
5.465	-0.542707
5.47	-0.541907
5.475	-0.540959
5.48	-0.539863
5.485	-0.538621
5.49	-0.537234
5.495	-0.535702
5.5	-0.534027
5.505	-0.53221
5.51	-0.530253
5.515	-0.528156
5.52	-0.525921
5.525	-0.52355
5.53	-0.521043
5.535	-0.518403
5.54	-0.51563
5.545	-0.512727
5.55	-0.509695
5.555	-0.506535
5.56	-0.50325
5.565	-0.49984
5.57	-0.496307
5.575	-0.492654
5.58	-0.488881
5.585	-0.484991
5.59	-0.480985
5.595	-0.476866
5.6	-0.472635
5.605	-0.468293
5.61	-0.463844
5.615	-0.459288
5.62	-0.454628
5.625	-0.449866
5.63	-0.445003
5.635	-0.440043
5.64	-0.434986
5.645	-0.429835
5.65	-0.424592
5.655	-0.419258
5.66	-0.413837
5.665	-0.408331
5.67	-0.40274
5.675	-0.397068
5.68	-0.391317
5.685	-0.385489
5.69	-0.379586
5.695	-0.373609
5.7	-0.367562
5.705	-0.361447
5.71	-0.355265
5.715	-0.349019
5.72	-0.342712
5.725	-0.336344
5.73	-0.329919
5.735	-0.323439
5.74	-0.316906
5.745	-0.310322
5.75	-0.303689
5.755	-0.29701
5.76	-0.290287
5.765	-0.283522
5.77	-0.276718
5.775	-0.269876
5.78	-0.262998
5.785	-0.256087
5.79	-0.249146
5.795	-0.242175
5.8	-0.235178
5.805	-0.228156
5.81	-0.221112
5.815	-0.214048
5.82	-0.206966
5.825	-0.199868
5.83	-0.192756
5.835	-0.185633
5.84	-0.1785
5.845	-0.171361
5.85	-0.164216
5.855	-0.157068
5.86	-0.149919
5.865	-0.142771
5.87	-0.135627
5.875	-0.128488
5.88	-0.121356
5.885	-0.114234
5.89	-0.107122
5.895	-0.100025
5.9	-0.092942
5.905	-0.0858766
5.91	-0.0788304
5.915	-0.0718053
5.92	-0.0648034
5.925	-0.0578264
5.93	-0.0508763
5.935	-0.0439549
5.94	-0.0370642
5.945	-0.0302059
5.95	-0.0233818
5.955	-0.0165937
5.96	-0.00984336
5.965	-0.00313257
5.97	0.00353699
5.975	0.0101636
5.98	0.0167457
5.985	0.0232817
5.99	0.0297698
5.995	0.0362086
6	0.0425966
6.005	0.0489321
6.01	0.0552137
6.015	0.0614399
6.02	0.0676092
6.025	0.0737203
6.03	0.0797719
6.035	0.0857625
6.04	0.0916909
6.045	0.0975557
6.05	0.103356
6.055	0.10909
6.06	0.114757
6.065	0.120355
6.07	0.125884
6.075	0.131342
6.08	0.136728
6.085	0.142042
6.09	0.147281
6.095	0.152446
6.1	0.157535
6.105	0.162548
6.11	0.167482
6.115	0.172339
6.12	0.177116
6.125	0.181813
6.13	0.186429
6.135	0.190963
6.14	0.195416
6.145	0.199785
6.15	0.204071
6.155	0.208273
6.16	0.212389
6.165	0.216421
6.17	0.220367
6.175	0.224226
6.18	0.227999
6.185	0.231684
6.19	0.235282
6.195	0.238791
6.2	0.242213
6.205	0.245545
6.21	0.248788
6.215	0.251942
6.22	0.255007
6.225	0.257981
6.23	0.260866
6.235	0.26366
6.24	0.266364
6.245	0.268977
6.25	0.2715
6.255	0.273932
6.26	0.276274
6.265	0.278525
6.27	0.280685
6.275	0.282755
6.28	0.284734
6.285	0.286622
6.29	0.28842
6.295	0.290128
6.3	0.291745
6.305	0.293272
6.31	0.294709
6.315	0.296057
6.32	0.297314
6.325	0.298483
6.33	0.299562
6.335	0.300552
6.34	0.301454
6.345	0.302268
6.35	0.302994
6.355	0.303633
6.36	0.304184
6.365	0.304649
6.37	0.305027
6.375	0.305319
6.38	0.305527
6.385	0.305649
6.39	0.305686
6.395	0.30564
6.4	0.305511
6.405	0.305298
6.41	0.305004
6.415	0.304628
6.42	0.30417
6.425	0.303633
6.43	0.303015
6.435	0.302318
6.44	0.301543
6.445	0.30069
6.45	0.29976
6.455	0.298754
6.46	0.297672
6.465	0.296515
6.47	0.295285
6.475	0.29398
6.48	0.292604
6.485	0.291156
6.49	0.289637
6.495	0.288048
6.5	0.286389
6.505	0.284663
6.51	0.282869
6.515	0.281008
6.52	0.279082
6.525	0.277092
6.53	0.275037
6.535	0.27292
6.54	0.270741
6.545	0.268501
6.55	0.266201
6.555	0.263842
6.56	0.261424
6.565	0.25895
6.57	0.25642
6.575	0.253835
6.58	0.251195
6.585	0.248503
6.59	0.245759
6.595	0.242964
6.6	0.240119
6.605	0.237226
6.61	0.234284
6.615	0.231297
6.62	0.228263
6.625	0.225185
6.63	0.222064
6.635	0.2189
6.64	0.215695
6.645	0.21245
6.65	0.209166
6.655	0.205844
6.66	0.202485
6.665	0.199091
6.67	0.195662
6.675	0.192199
6.68	0.188704
6.685	0.185178
6.69	0.181622
6.695	0.178037
6.7	0.174423
6.705	0.170784
6.71	0.167118
6.715	0.163428
6.72	0.159715
6.725	0.155979
6.73	0.152223
6.735	0.148446
6.74	0.144651
6.745	0.140838
6.75	0.137008
6.755	0.133163
6.76	0.129303
6.765	0.12543
6.77	0.121545
6.775	0.117649
6.78	0.113744
6.785	0.109829
6.79	0.105907
6.795	0.101978
6.8	0.098044
6.805	0.0941055
6.81	0.0901639
6.815	0.08622
6.82	0.0822751
6.825	0.0783302
6.83	0.0743865
6.835	0.0704449
6.84	0.0665066
6.845	0.0625726
6.85	0.058644
6.855	0.0547218
6.86	0.0508071
6.865	0.0469008
6.87	0.0430042
6.875	0.039118
6.88	0.0352435
6.885	0.0313816
6.89	0.0275333
6.895	0.0236996
6.9	0.0198815
6.905	0.01608
6.91	0.0122961
6.915	0.00853064
6.92	0.00478471
6.925	0.00105921
6.93	-0.0026449
6.935	-0.0063267
6.94	-0.00998527
6.945	-0.0136197
6.95	-0.0172292
6.955	-0.0208129
6.96	-0.0243699
6.965	-0.0278994
6.97	-0.0314005
6.975	-0.0348723
6.98	-0.0383141
6.985	-0.0417251
6.99	-0.0451043
6.995	-0.0484511
7	-0.0517647
7.005	-0.0550444
7.01	-0.0582893
7.015	-0.0614989
7.02	-0.0646723
7.025	-0.067809
7.03	-0.0709082
7.035	-0.0739694
7.04	-0.0769917
7.045	-0.0799747
7.05	-0.0829177
7.055	-0.08582
7.06	-0.0886812
7.065	-0.0915005
7.07	-0.0942775
7.075	-0.0970115
7.08	-0.0997022
7.085	-0.102349
7.09	-0.104951
7.095	-0.107508
7.1	-0.11002
7.105	-0.112486
7.11	-0.114906
7.115	-0.117279
7.12	-0.119605
7.125	-0.121883
7.13	-0.124114
7.135	-0.126296
7.14	-0.12843
7.145	-0.130516
7.15	-0.132552
7.155	-0.134538
7.16	-0.136475
7.165	-0.138362
7.17	-0.140198
7.175	-0.141984
7.18	-0.14372
7.185	-0.145404
7.19	-0.147038
7.195	-0.14862
7.2	-0.150151
7.205	-0.15163
7.21	-0.153058
7.215	-0.154434
7.22	-0.155758
7.225	-0.15703
7.23	-0.158251
7.235	-0.159419
7.24	-0.160536
7.245	-0.1616
7.25	-0.162613
7.255	-0.163573
7.26	-0.164481
7.265	-0.165338
7.27	-0.166143
7.275	-0.166896
7.28	-0.167597
7.285	-0.168247
7.29	-0.168845
7.295	-0.169392
7.3	-0.169887
7.305	-0.170332
7.31	-0.170726
7.315	-0.171069
7.32	-0.171362
7.325	-0.171604
7.33	-0.171797
7.335	-0.171939
7.34	-0.172033
7.345	-0.172077
7.35	-0.172072
7.355	-0.172018
7.36	-0.171917
7.365	-0.171767
7.37	-0.171569
7.375	-0.171324
7.38	-0.171032
7.385	-0.170694
7.39	-0.170309
7.395	-0.169879
7.4	-0.169403
7.405	-0.168882
7.41	-0.168317
7.415	-0.167708
7.42	-0.167055
7.425	-0.166358
7.43	-0.165619
7.435	-0.164838
7.44	-0.164015
7.445	-0.163151
7.45	-0.162246
7.455	-0.1613
7.46	-0.160315
7.465	-0.159291
7.47	-0.158228
7.475	-0.157127
7.48	-0.155989
7.485	-0.154814
7.49	-0.153602
7.495	-0.152355
7.5	-0.151072
7.505	-0.149755
7.51	-0.148404
7.515	-0.147019
7.52	-0.145602
7.525	-0.144153
7.53	-0.142672
7.535	-0.14116
7.54	-0.139618
7.545	-0.138046
7.55	-0.136445
7.555	-0.134816
7.56	-0.133159
7.565	-0.131475
7.57	-0.129765
7.575	-0.128029
7.58	-0.126268
7.585	-0.124482
7.59	-0.122673
7.595	-0.120841
7.6	-0.118986
7.605	-0.11711
7.61	-0.115212
7.615	-0.113295
7.62	-0.111357
7.625	-0.109401
7.63	-0.107426
7.635	-0.105433
7.64	-0.103424
7.645	-0.101398
7.65	-0.0993567
7.655	-0.0973002
7.66	-0.0952295
7.665	-0.0931451
7.67	-0.0910479
7.675	-0.0889384
7.68	-0.0868174
7.685	-0.0846855
7.69	-0.0825434
7.695	-0.0803917
7.7	-0.0782312
7.705	-0.0760623
7.71	-0.0738859
7.715	-0.0717025
7.72	-0.0695128
7.725	-0.0673176
7.73	-0.0651175
7.735	-0.062913
7.74	-0.0607049
7.745	-0.0584938
7.75	-0.0562804
7.755	-0.0540652
7.76	-0.0518489
7.765	-0.0496321
7.77	-0.0474156
7.775	-0.0451998
7.78	-0.0429853
7.785	-0.0407729
7.79	-0.0385631
7.795	-0.0363565
7.8	-0.0341537
7.805	-0.0319553
7.81	-0.0297618
7.815	-0.027574
7.82	-0.0253923
7.825	-0.0232174
7.83	-0.0210497
7.835	-0.0188899
7.84	-0.0167385
7.845	-0.014596
7.85	-0.012463
7.855	-0.01034
7.86	-0.00822756
7.865	-0.00612618
7.87	-0.00403638
7.875	-0.00195866
7.88	0.000106451
7.885	0.00215846
7.89	0.00419686
7.895	0.00622116
7.9	0.0082309
7.905	0.0102256
7.91	0.0122049
7.915	0.0141682
7.92	0.0161152
7.925	0.0180453
7.93	0.0199583
7.935	0.0218535
7.94	0.0237308
7.945	0.0255895
7.95	0.0274294
7.955	0.0292501
7.96	0.031051
7.965	0.032832
7.97	0.0345925
7.975	0.0363322
7.98	0.0380509
7.985	0.0397481
7.99	0.0414234
7.995	0.0430767
8	0.0447076
8.005	0.0463158
8.01	0.0479009
8.015	0.0494627
8.02	0.051001
8.025	0.0525153
8.03	0.0540055
8.035	0.0554713
8.04	0.0569123
8.045	0.0583285
8.05	0.0597196
8.055	0.0610853
8.06	0.0624254
8.065	0.0637397
8.07	0.065028
8.075	0.0662901
8.08	0.0675258
8.085	0.0687349
8.09	0.0699174
8.095	0.0710729
8.1	0.0722014
8.105	0.0733027
8.11	0.0743768
8.115	0.0754234
8.12	0.0764425
8.125	0.0774339
8.13	0.0783977
8.135	0.0793335
8.14	0.0802414
8.145	0.0811213
8.15	0.0819731
8.155	0.0827967
8.16	0.0835921
8.165	0.0843592
8.17	0.0850979
8.175	0.0858083
8.18	0.0864903
8.185	0.087144
8.19	0.0877693
8.195	0.0883662
8.2	0.0889347
8.205	0.089475
8.21	0.0899869
8.215	0.0904706
8.22	0.090926
8.225	0.0913532
8.23	0.0917522
8.235	0.092123
8.24	0.0924657
8.245	0.0927804
8.25	0.0930673
8.255	0.0933263
8.26	0.0935577
8.265	0.0937614
8.27	0.0939377
8.275	0.0940865
8.28	0.0942081
8.285	0.0943026
8.29	0.0943701
8.295	0.0944107
8.3	0.0944246
8.305	0.0944119
8.31	0.0943729
8.315	0.0943076
8.32	0.0942163
8.325	0.0940991
8.33	0.0939562
8.335	0.0937878
8.34	0.0935941
8.345	0.0933754
8.35	0.0931318
8.355	0.0928635
8.36	0.0925708
8.365	0.0922539
8.37	0.091913
8.375	0.0915484
8.38	0.0911602
8.385	0.0907487
8.39	0.0903143
8.395	0.0898572
8.4	0.0893776
8.405	0.0888758
8.41	0.0883521
8.415	0.0878068
8.42	0.0872401
8.425	0.0866522
8.43	0.0860435
8.435	0.0854143
8.44	0.0847648
8.445	0.0840954
8.45	0.0834064
8.455	0.0826982
8.46	0.0819711
8.465	0.0812253
8.47	0.0804611
8.475	0.079679
8.48	0.0788792
8.485	0.078062
8.49	0.0772277
8.495	0.0763768
8.5	0.0755095
8.505	0.0746262
8.51	0.0737272
8.515	0.072813
8.52	0.0718837
8.525	0.0709398
8.53	0.0699815
8.535	0.0690093
8.54	0.0680236
8.545	0.0670247
8.55	0.066013
8.555	0.0649889
8.56	0.0639526
8.565	0.0629046
8.57	0.0618451
8.575	0.0607745
8.58	0.0596933
8.585	0.0586017
8.59	0.0575002
8.595	0.0563892
8.6	0.055269
8.605	0.05414
8.61	0.0530025
8.615	0.051857
8.62	0.0507037
8.625	0.049543
8.63	0.0483753
8.635	0.0472011
8.64	0.0460206
8.645	0.0448343
8.65	0.0436425
8.655	0.0424456
8.66	0.0412439
8.665	0.0400378
8.67	0.0388276
8.675	0.0376137
8.68	0.0363965
8.685	0.0351763
8.69	0.0339536
8.695	0.0327287
8.7	0.0315019
8.705	0.0302736
8.71	0.0290442
8.715	0.027814
8.72	0.0265834
8.725	0.0253526
8.73	0.0241221
8.735	0.0228922
8.74	0.0216633
8.745	0.0204357
8.75	0.0192097
8.755	0.0179856
8.76	0.0167638
8.765	0.0155446
8.77	0.0143284
8.775	0.0131154
8.78	0.0119061
8.785	0.0107007
8.79	0.00949965
8.795	0.00830314
8.8	0.00711151
8.805	0.00592507
8.81	0.00474412
8.815	0.00356897
8.82	0.00239991
8.825	0.00123723
8.83	8.12272e-05
8.835	-0.0010678
8.84	-0.00220956
8.845	-0.00334376
8.85	-0.00447012
8.855	-0.00558841
8.86	-0.00669835
8.865	-0.0077997
8.87	-0.00889217
8.875	-0.0099755
8.88	-0.0110494
8.885	-0.0121136
8.89	-0.0131679
8.895	-0.0142121
8.9	-0.015246
8.905	-0.0162692
8.91	-0.0172817
8.915	-0.0182831
8.92	-0.0192732
8.925	-0.0202518
8.93	-0.0212188
8.935	-0.0221738
8.94	-0.0231168
8.945	-0.0240475
8.95	-0.0249657
8.955	-0.0258713
8.96	-0.0267641
8.965	-0.0276438
8.97	-0.0285103
8.975	-0.0293634
8.98	-0.0302029
8.985	-0.0310288
8.99	-0.0318408
8.995	-0.0326389
9	-0.0334229
9.005	-0.0341928
9.01	-0.0349482
9.015	-0.0356892
9.02	-0.0364155
9.025	-0.037127
9.03	-0.0378236
9.035	-0.0385053
9.04	-0.0391719
9.045	-0.0398233
9.05	-0.0404595
9.055	-0.0410803
9.06	-0.0416856
9.065	-0.0422755
9.07	-0.0428497
9.075	-0.0434083
9.08	-0.0439512
9.085	-0.0444783
9.09	-0.0449896
9.095	-0.0454851
9.1	-0.0459647
9.105	-0.0464283
9.11	-0.0468759
9.115	-0.0473075
9.12	-0.0477229
9.125	-0.0481223
9.13	-0.0485056
9.135	-0.0488727
9.14	-0.0492238
9.145	-0.0495588
9.15	-0.0498777
9.155	-0.0501806
9.16	-0.0504673
9.165	-0.050738
9.17	-0.0509926
9.175	-0.0512311
9.18	-0.0514537
9.185	-0.0516603
9.19	-0.051851
9.195	-0.0520259
9.2	-0.0521849
9.205	-0.0523282
9.21	-0.0524557
9.215	-0.0525675
9.22	-0.0526637
9.225	-0.0527444
9.23	-0.0528096
9.235	-0.0528593
9.24	-0.0528938
9.245	-0.0529131
9.25	-0.0529172
9.255	-0.0529063
9.26	-0.0528804
9.265	-0.0528397
9.27	-0.0527842
9.275	-0.0527141
9.28	-0.0526294
9.285	-0.0525303
9.29	-0.0524169
9.295	-0.0522893
9.3	-0.0521476
9.305	-0.051992
9.31	-0.0518225
9.315	-0.0516393
9.32	-0.0514425
9.325	-0.0512323
9.33	-0.0510089
9.335	-0.0507723
9.34	-0.0505228
9.345	-0.0502604
9.35	-0.0499854
9.355	-0.0496978
9.36	-0.0493979
9.365	-0.0490857
9.37	-0.0487615
9.375	-0.0484255
9.38	-0.0480777
9.385	-0.0477183
9.39	-0.0473476
9.395	-0.0469657
9.4	-0.0465727
9.405	-0.0461688
9.41	-0.0457543
9.415	-0.0453294
9.42	-0.0448941
9.425	-0.0444486
9.43	-0.0439933
9.435	-0.0435282
9.44	-0.0430536
9.445	-0.0425696
9.45	-0.0420765
9.455	-0.0415744
9.46	-0.0410635
9.465	-0.040544
9.47	-0.0400161
9.475	-0.03948
9.48	-0.038936
9.485	-0.0383841
9.49	-0.0378246
9.495	-0.0372578
9.5	-0.0366838
9.505	-0.0361028
9.51	-0.0355151
9.515	-0.0349208
9.52	-0.0343202
9.525	-0.0337133
9.53	-0.0331006
9.535	-0.0324821
9.54	-0.0318582
9.545	-0.0312289
9.55	-0.0305945
9.555	-0.0299552
9.56	-0.0293111
9.565	-0.0286626
9.57	-0.0280098
9.575	-0.027353
9.58	-0.0266923
9.585	-0.0260279
9.59	-0.0253601
9.595	-0.024689
9.6	-0.0240149
9.605	-0.023338
9.61	-0.0226584
9.615	-0.0219765
9.62	-0.0212923
9.625	-0.0206062
9.63	-0.0199183
9.635	-0.0192287
9.64	-0.0185378
9.645	-0.0178458
9.65	-0.0171527
9.655	-0.0164588
9.66	-0.0157642
9.665	-0.0150693
9.67	-0.0143742
9.675	-0.0136791
9.68	-0.0129841
9.685	-0.0122895
9.69	-0.0115955
9.695	-0.0109023
9.7	-0.01021
9.705	-0.00951895
9.71	-0.00882924
9.715	-0.00814105
9.72	-0.00745454
9.725	-0.00676989
9.73	-0.00608726
9.735	-0.00540684
9.74	-0.00472882
9.745	-0.0040534
9.75	-0.00338074
9.755	-0.00271103
9.76	-0.00204441
9.765	-0.00138107
9.77	-0.000721152
9.775	-6.4837e-05
9.78	0.000587706
9.785	0.0012363
9.79	0.00188079
9.795	0.00252101
9.8	0.00315683
9.805	0.00378812
9.81	0.00441474
9.815	0.00503658
9.82	0.00565348
9.825	0.00626528
9.83	0.00687181
9.835	0.0074729
9.84	0.0080684
9.845	0.00865818
9.85	0.00924213
9.855	0.00982015
9.86	0.0103921
9.865	0.010958
9.87	0.0115175
9.875	0.0120707
9.88	0.0126172
9.885	0.0131572
9.89	0.0136903
9.895	0.0142165
9.9	0.0147358
9.905	0.015248
9.91	0.015753
9.915	0.0162507
9.92	0.0167411
9.925	0.017224
9.93	0.0176993
9.935	0.018167
9.94	0.0186269
9.945	0.0190789
9.95	0.0195231
9.955	0.0199593
9.96	0.0203874
9.965	0.0208075
9.97	0.0212193
9.975	0.0216229
9.98	0.0220181
9.985	0.022405
9.99	0.0227834
9.995	0.0231534
10	0.0235147
10.005	0.0238675
10.01	0.0242117
10.015	0.0245471
10.02	0.0248738
10.025	0.0251917
10.03	0.0255008
10.035	0.025801
10.04	0.0260923
10.045	0.0263746
10.05	0.026648
10.055	0.0269125
10.06	0.0271681
10.065	0.0274146
10.07	0.0276522
10.075	0.0278807
10.08	0.0281002
10.085	0.0283107
10.09	0.028512
10.095	0.0287043
10.1	0.0288875
10.105	0.0290617
10.11	0.0292267
10.115	0.0293827
10.12	0.0295297
10.125	0.0296676
10.13	0.0297965
10.135	0.0299165
10.14	0.0300275
10.145	0.0301295
10.15	0.0302226
10.155	0.0303068
10.16	0.0303822
10.165	0.0304487
10.17	0.0305064
10.175	0.0305553
10.18	0.0305955
10.185	0.0306269
10.19	0.0306497
10.195	0.0306638
10.2	0.0306694
10.205	0.0306664
10.21	0.030655
10.215	0.0306351
10.22	0.0306069
10.225	0.0305704
10.23	0.0305257
10.235	0.0304728
10.24	0.0304118
10.245	0.0303427
10.25	0.0302657
10.255	0.0301807
10.26	0.0300879
10.265	0.0299872
10.27	0.0298789
10.275	0.0297629
10.28	0.0296394
10.285	0.0295083
10.29	0.0293699
10.295	0.0292242
10.3	0.0290712
10.305	0.028911
10.31	0.0287438
10.315	0.0285696
10.32	0.0283886
10.325	0.0282009
10.33	0.0280065
10.335	0.0278054
10.34	0.0275979
10.345	0.0273839
10.35	0.0271635
10.355	0.026937
10.36	0.0267043
10.365	0.0264656
10.37	0.026221
10.375	0.0259706
10.38	0.0257145
10.385	0.0254527
10.39	0.0251855
10.395	0.0249129
10.4	0.024635
10.405	0.024352
10.41	0.0240639
10.415	0.0237709
10.42	0.0234731
10.425	0.0231705
10.43	0.0228633
10.435	0.0225516
10.44	0.0222354
10.445	0.021915
10.45	0.0215905
10.455	0.0212619
10.46	0.0209294
10.465	0.020593
10.47	0.020253
10.475	0.0199093
10.48	0.0195622
10.485	0.0192117
10.49	0.0188581
10.495	0.0185013
10.5	0.0181416
10.505	0.017779
10.51	0.0174137
10.515	0.0170457
10.52	0.0166751
10.525	0.0163022
10.53	0.0159269
10.535	0.0155495
10.54	0.0151701
10.545	0.0147887
10.55	0.0144055
10.555	0.0140206
10.56	0.0136342
10.565	0.0132462
10.57	0.0128569
10.575	0.0124664
10.58	0.0120748
10.585	0.0116823
10.59	0.0112888
10.595	0.0108946
10.6	0.0104998
10.605	0.0101044
10.61	0.00970856
10.615	0.00931239
10.62	0.008916
10.625	0.00851953
10.63	0.0081231
10.635	0.00772681
10.64	0.00733077
10.645	0.00693509
10.65	0.00653987
10.655	0.00614522
10.66	0.00575125
10.665	0.00535806
10.67	0.00496576
10.675	0.00457444
10.68	0.00418421
10.685	0.00379518
10.69	0.00340746
10.695	0.00302114
10.7	0.00263632
10.705	0.00225307
10.71	0.00187148
10.715	0.00149167
10.72	0.00111374
10.725	0.000737805
10.73	0.000363964
10.735	-7.70255e-06
10.74	-0.000377123
10.745	-0.00074422
10.75	-0.0011089
10.755	-0.00147108
10.76	-0.00183065
10.765	-0.00218753
10.77	-0.00254163
10.775	-0.00289288
10.78	-0.00324119
10.785	-0.00358649
10.79	-0.0039287
10.795	-0.00426775
10.8	-0.00460358
10.805	-0.00493612
10.81	-0.0052653
10.815	-0.00559103
10.82	-0.00591321
10.825	-0.00623177
10.83	-0.00654664
10.835	-0.00685778
10.84	-0.00716515
10.845	-0.00746868
10.85	-0.00776831
10.855	-0.00806396
10.86	-0.00835557
10.865	-0.00864309
10.87	-0.00892646
10.875	-0.00920564
10.88	-0.00948058
10.885	-0.00975124
10.89	-0.0100176
10.895	-0.0102795
10.9	-0.010537
10.905	-0.01079
10.91	-0.0110385
10.915	-0.0112824
10.92	-0.0115216
10.925	-0.0117562
10.93	-0.0119861
10.935	-0.0122113
10.94	-0.0124318
10.945	-0.0126475
10.95	-0.0128584
10.955	-0.0130644
10.96	-0.0132655
10.965	-0.0134618
10.97	-0.0136531
10.975	-0.0138395
10.98	-0.014021
10.985	-0.0141974
10.99	-0.0143689
10.995	-0.0145353
11	-0.0146967
11.005	-0.0148529
11.01	-0.0150042
11.015	-0.0151503
11.02	-0.0152913
11.025	-0.0154273
11.03	-0.0155582
11.035	-0.0156839
11.04	-0.0158046
11.045	-0.0159202
11.05	-0.0160307
11.055	-0.016136
11.06	-0.0162363
11.065	-0.0163314
11.07	-0.0164214
11.075	-0.0165064
11.08	-0.0165862
11.085	-0.0166609
11.09	-0.0167306
11.095	-0.0167952
11.1	-0.0168547
11.105	-0.0169093
11.11	-0.0169588
11.115	-0.0170033
11.12	-0.0170429
11.125	-0.0170775
11.13	-0.0171072
11.135	-0.017132
11.14	-0.0171518
11.145	-0.0171669
11.15	-0.017177
11.155	-0.0171824
11.16	-0.0171829
11.165	-0.0171787
11.17	-0.0171698
11.175	-0.0171561
11.18	-0.0171378
11.185	-0.0171148
11.19	-0.0170873
11.195	-0.0170552
11.2	-0.0170186
11.205	-0.0169775
11.21	-0.0169319
11.215	-0.016882
11.22	-0.0168277
11.225	-0.0167691
11.23	-0.0167062
11.235	-0.0166391
11.24	-0.0165678
11.245	-0.0164923
11.25	-0.0164127
11.255	-0.0163291
11.26	-0.0162415
11.265	-0.0161499
11.27	-0.0160544
11.275	-0.015955
11.28	-0.0158518
11.285	-0.0157449
11.29	-0.0156343
11.295	-0.0155201
11.3	-0.0154022
11.305	-0.0152809
11.31	-0.0151561
11.315	-0.0150279
11.32	-0.0148963
11.325	-0.0147614
11.33	-0.0146233
11.335	-0.0144819
11.34	-0.0143374
11.345	-0.0141898
11.35	-0.0140392
11.355	-0.0138856
11.36	-0.0137291
11.365	-0.0135698
11.37	-0.0134078
11.375	-0.013243
11.38	-0.0130757
11.385	-0.0129057
11.39	-0.0127333
11.395	-0.0125584
11.4	-0.0123811
11.405	-0.0122015
11.41	-0.0120196
11.415	-0.0118355
11.42	-0.0116493
11.425	-0.011461
11.43	-0.0112706
11.435	-0.0110784
11.44	-0.0108843
11.445	-0.0106883
11.45	-0.0104907
11.455	-0.0102914
11.46	-0.0100905
11.465	-0.00988798
11.47	-0.00968405
11.475	-0.00947871
11.48	-0.00927204
11.485	-0.0090641
11.49	-0.00885494
11.495	-0.00864463
11.5	-0.00843322
11.505	-0.0082208
11.51	-0.00800743
11.515	-0.00779318
11.52	-0.00757811
11.525	-0.00736228
11.53	-0.00714575
11.535	-0.0069286
11.54	-0.0067109
11.545	-0.00649271
11.55	-0.00627409
11.555	-0.00605512
11.56	-0.00583585
11.565	-0.00561635
11.57	-0.00539668
11.575	-0.00517689
11.58	-0.00495706
11.585	-0.00473723
11.59	-0.00451746
11.595	-0.00429781
11.6	-0.00407834
11.605	-0.00385912
11.61	-0.0036402
11.615	-0.00342165
11.62	-0.00320354
11.625	-0.00298591
11.63	-0.00276885
11.635	-0.0025524
11.64	-0.00233663
11.645	-0.0021216
11.65	-0.00190735
11.655	-0.00169393
11.66	-0.00148137
11.665	-0.00126974
11.67	-0.00105907
11.675	-0.00084944
11.68	-0.000640904
11.685	-0.000433521
11.69	-0.000227342
11.695	-2.24137e-05
11.7	0.000181218
11.705	0.000383506
11.71	0.000584397
11.715	0.000783837
11.72	0.000981774
11.725	0.00117816
11.73	0.00137295
11.735	0.0015661
11.74	0.00175759
11.745	0.00194738
11.75	0.00213542
11.755	0.00232168
11.76	0.00250611
11.765	0.00268867
11.77	0.0028693
11.775	0.00304797
11.78	0.00322462
11.785	0.00339923
11.79	0.00357176
11.795	0.00374219
11.8	0.00391048
11.805	0.00407661
11.81	0.00424053
11.815	0.0044022
11.82	0.00456158
11.825	0.00471865
11.83	0.00487338
11.835	0.00502575
11.84	0.00517576
11.845	0.00532336
11.85	0.00546852
11.855	0.00561121
11.86	0.00575142
11.865	0.0058891
11.87	0.00602423
11.875	0.0061568
11.88	0.00628677
11.885	0.00641412
11.89	0.00653884
11.895	0.00666091
11.9	0.00678033
11.905	0.00689708
11.91	0.00701113
11.915	0.00712246
11.92	0.00723107
11.925	0.00733694
11.93	0.00744007
11.935	0.00754044
11.94	0.00763806
11.945	0.00773288
11.95	0.0078249
11.955	0.00791411
11.96	0.00800051
11.965	0.00808408
11.97	0.00816484
11.975	0.00824275
11.98	0.00831781
11.985	0.00839002
11.99	0.00845939
11.995	0.00852592
12	0.00858964
12.005	0.00865052
12.01	0.00870858
12.015	0.00876378
12.02	0.00881614
12.025	0.00886566
12.03	0.00891234
12.035	0.00895619
12.04	0.00899722
12.045	0.00903543
12.05	0.00907083
12.055	0.00910341
12.06	0.00913319
12.065	0.00916019
12.07	0.00918439
12.075	0.00920582
12.08	0.00922448
12.085	0.0092404
12.09	0.0092536
12.095	0.0092641
12.1	0.00927193
12.105	0.00927708
12.11	0.00927954
12.115	0.00927934
12.12	0.00927648
12.125	0.00927099
12.13	0.00926288
12.135	0.00925218
12.14	0.0092389
12.145	0.00922307
12.15	0.0092047
12.155	0.00918381
12.16	0.00916044
12.165	0.0091346
12.17	0.00910632
12.175	0.00907563
12.18	0.00904254
12.185	0.00900711
12.19	0.00896934
12.195	0.00892927
12.2	0.0088869
12.205	0.00884224
12.21	0.00879532
12.215	0.00874616
12.22	0.00869479
12.225	0.00864126
12.23	0.0085856
12.235	0.00852783
12.24	0.008468
12.245	0.00840612
12.25	0.00834224
12.255	0.00827637
12.26	0.00820856
12.265	0.00813882
12.27	0.00806721
12.275	0.00799374
12.28	0.00791844
12.285	0.00784137
12.29	0.00776253
12.295	0.00768195
12.3	0.00759968
12.305	0.00751573
12.31	0.00743015
12.315	0.00734297
12.32	0.00725422
12.325	0.00716394
12.33	0.00707218
12.335	0.00697898
12.34	0.00688436
12.345	0.00678838
12.35	0.00669105
12.355	0.00659243
12.36	0.00649252
12.365	0.00639139
12.37	0.00628906
12.375	0.00618558
12.38	0.00608096
12.385	0.00597524
12.39	0.00586844
12.395	0.00576062
12.4	0.0056518
12.405	0.00554204
12.41	0.00543138
12.415	0.00531984
12.42	0.00520747
12.425	0.00509429
12.43	0.00498037
12.435	0.00486573
12.44	0.00475043
12.445	0.0046345
12.45	0.00451796
12.455	0.00440085
12.46	0.00428318
12.465	0.00416501
12.47	0.00404636
12.475	0.00392726
12.48	0.00380777
12.485	0.0036879
12.49	0.00356771
12.495	0.00344725
12.5	0.00332656
12.505	0.00320568
12.51	0.00308462
12.515	0.0029634
12.52	0.00284207
12.525	0.00272066
12.53	0.00259922
12.535	0.0024778
12.54	0.00235644
12.545	0.00223516
12.55	0.00211398
12.555	0.00199292
12.56	0.00187201
12.565	0.00175128
12.57	0.00163077
12.575	0.00151052
12.58	0.00139057
12.585	0.00127096
12.59	0.00115174
12.595	0.00103294
12.6	0.000914574
12.605	0.000796671
12.61	0.000679239
12.615	0.000562304
12.62	0.000445909
12.625	0.000330105
12.63	0.00021494
12.635	0.000100444
12.64	-1.33719e-05
12.645	-0.000126506
12.65	-0.000238952
12.655	-0.000350685
12.66	-0.000461666
12.665	-0.000571846
12.67	-0.000681183
12.675	-0.00078964
12.68	-0.000897191
12.685	-0.00100382
12.69	-0.00110949
12.695	-0.00121422
12.7	-0.00131796
12.705	-0.00142073
12.71	-0.00152248
12.715	-0.00162318
12.72	-0.00172281
12.725	-0.00182132
12.73	-0.0019187
12.735	-0.00201494
12.74	-0.00211004
12.745	-0.002204
12.75	-0.00229678
12.755	-0.00238835
12.76	-0.00247867
12.765	-0.00256771
12.77	-0.00265546
12.775	-0.00274191
12.78	-0.00282705
12.785	-0.00291088
12.79	-0.00299339
12.795	-0.00307456
12.8	-0.00315436
12.805	-0.00323278
12.81	-0.00330979
12.815	-0.00338538
12.82	-0.00345955
12.825	-0.00353228
12.83	-0.00360357
12.835	-0.00367343
12.84	-0.00374184
12.845	-0.00380878
12.85	-0.00387421
12.855	-0.00393813
12.86	-0.00400052
12.865	-0.00406137
12.87	-0.00412069
12.875	-0.00417849
12.88	-0.00423475
12.885	-0.00428947
12.89	-0.00434263
12.895	-0.00439424
12.9	-0.00444428
12.905	-0.00449275
12.91	-0.00453966
12.915	-0.00458499
12.92	-0.00462875
12.925	-0.00467093
12.93	-0.00471154
12.935	-0.00475055
12.94	-0.00478795
12.945	-0.00482374
12.95	-0.00485792
12.955	-0.00489048
12.96	-0.00492145
12.965	-0.00495084
12.97	-0.00497865
12.975	-0.00500488
12.98	-0.00502954
12.985	-0.00505262
12.99	-0.00507412
12.995	-0.00509404
13	-0.00511239
13.005	-0.00512916
13.01	-0.00514435
13.015	-0.00515797
13.02	-0.00517003
13.025	-0.00518054
13.03	-0.0051895
13.035	-0.00519692
13.04	-0.0052028
13.045	-0.00520714
13.05	-0.00520997
13.055	-0.00521129
13.06	-0.00521113
13.065	-0.00520949
13.07	-0.00520638
13.075	-0.00520179
13.08	-0.00519573
13.085	-0.00518822
13.09	-0.00517926
13.095	-0.00516888
13.1	-0.00515707
13.105	-0.00514385
13.11	-0.00512923
13.115	-0.00511322
13.12	-0.00509584
13.125	-0.00507711
13.13	-0.00505702
13.135	-0.0050356
13.14	-0.00501284
13.145	-0.00498878
13.15	-0.00496343
13.155	-0.00493682
13.16	-0.00490898
13.165	-0.0048799
13.17	-0.0048496
13.175	-0.00481807
13.18	-0.00478534
13.185	-0.00475142
13.19	-0.00471634
13.195	-0.00468011
13.2	-0.00464275
13.205	-0.00460425
13.21	-0.00456465
13.215	-0.00452396
13.22	-0.0044822
13.225	-0.0044394
13.23	-0.00439558
13.235	-0.00435076
13.24	-0.00430496
13.245	-0.00425821
13.25	-0.00421053
13.255	-0.00416192
13.26	-0.0041124
13.265	-0.00406197
13.27	-0.00401065
13.275	-0.00395844
13.28	-0.0039054
13.285	-0.00385153
13.29	-0.00379688
13.295	-0.00374146
13.3	-0.00368527
13.305	-0.00362834
13.31	-0.00357069
13.315	-0.00351234
13.32	-0.00345334
13.325	-0.00339369
13.33	-0.00333342
13.335	-0.00327255
13.34	-0.00321109
13.345	-0.00314905
13.35	-0.00308645
13.355	-0.00302331
13.36	-0.00295964
13.365	-0.00289547
13.37	-0.00283083
13.375	-0.00276574
13.38	-0.00270022
13.385	-0.00263432
13.39	-0.00256803
13.395	-0.00250137
13.4	-0.00243436
13.405	-0.00236702
13.41	-0.00229937
13.415	-0.00223146
13.42	-0.00216332
13.425	-0.00209494
13.43	-0.00202636
13.435	-0.00195756
13.44	-0.00188857
13.445	-0.0018194
13.45	-0.00175007
13.455	-0.00168063
13.46	-0.00161108
13.465	-0.00154146
13.47	-0.00147178
13.475	-0.00140206
13.48	-0.00133234
13.485	-0.00126261
13.49	-0.00119291
13.495	-0.00112325
13.5	-0.00105365
13.505	-0.000984138
13.51	-0.000914727
13.515	-0.000845441
13.52	-0.000776294
13.525	-0.000707296
13.53	-0.000638453
13.535	-0.000569778
13.54	-0.00050129
13.545	-0.000433017
13.55	-0.000364987
13.555	-0.000297228
13.56	-0.000229762
13.565	-0.000162605
13.57	-9.57678e-05
13.575	-2.92629e-05
13.58	3.68978e-05
13.585	0.0001027
13.59	0.000168126
13.595	0.000233159
13.6	0.00029778
13.605	0.000361974
13.61	0.000425725
13.615	0.000489023
13.62	0.000551856
13.625	0.000614212
13.63	0.000676079
13.635	0.00073744
13.64	0.000798277
13.645	0.000858568
13.65	0.000918293
13.655	0.000977434
13.66	0.00103598
13.665	0.00109391
13.67	0.00115124
13.675	0.00120795
13.68	0.00126404
13.685	0.00131949
13.69	0.00137429
13.695	0.00142842
13.7	0.00148186
13.705	0.00153461
13.71	0.00158667
13.715	0.00163803
13.72	0.00168868
13.725	0.0017386
13.73	0.00178779
13.735	0.00183622
13.74	0.00188387
13.745	0.00193075
13.75	0.00197683
13.755	0.00202211
13.76	0.0020666
13.765	0.0021103
13.77	0.0021532
13.775	0.00219531
13.78	0.00223661
13.785	0.00227708
13.79	0.00231671
13.795	0.00235548
13.8	0.0023934
13.805	0.00243048
13.81	0.00246672
13.815	0.0025021
13.82	0.00253662
13.825	0.00257025
13.83	0.00260298
13.835	0.00263481
13.84	0.00266575
13.845	0.0026958
13.85	0.00272497
13.855	0.00275326
13.86	0.00278067
13.865	0.0028072
13.87	0.00283283
13.875	0.00285755
13.88	0.00288136
13.885	0.00290426
13.89	0.00292624
13.895	0.00294731
13.9	0.00296749
13.905	0.00298678
13.91	0.00300517
13.915	0.00302264
13.92	0.00303918
13.925	0.0030548
13.93	0.00306949
13.935	0.00308327
13.94	0.00309616
13.945	0.00310818
13.95	0.00311932
13.955	0.00312958
13.96	0.00313894
13.965	0.00314741
13.97	0.00315497
13.975	0.00316164
13.98	0.00316741
13.985	0.00317231
13.99	0.00317635
13.995	0.00317952
14	0.00318183
14.005	0.00318328
14.01	0.00318384
14.015	0.00318354
14.02	0.00318237
14.025	0.00318037
14.03	0.00317754
14.035	0.0031739
14.04	0.00316946
14.045	0.00316422
14.05	0.00315816
14.055	0.00315129
14.06	0.0031436
14.065	0.00313511
14.07	0.00312583
14.075	0.00311576
14.08	0.00310493
14.085	0.00309334
14.09	0.00308099
14.095	0.00306791
14.1	0.00305407
14.105	0.00303949
14.11	0.00302417
14.115	0.00300814
14.12	0.00299141
14.125	0.00297401
14.13	0.00295593
14.135	0.00293719
14.14	0.00291778
14.145	0.00289769
14.15	0.00287695
14.155	0.00285556
14.16	0.00283352
14.165	0.00281086
14.17	0.00278758
14.175	0.00276371
14.18	0.00273924
14.185	0.0027142
14.19	0.00268859
14.195	0.0026624
14.2	0.00263565
14.205	0.00260836
14.21	0.00258055
14.215	0.00255224
14.22	0.00252345
14.225	0.00249418
14.23	0.00246443
14.235	0.00243419
14.24	0.00240347
14.245	0.00237227
14.25	0.00234062
14.255	0.00230854
14.26	0.00227604
14.265	0.00224315
14.27	0.00220986
14.275	0.0021762
14.28	0.00214217
14.285	0.00210778
14.29	0.00207303
14.295	0.00203795
14.3	0.00200254
14.305	0.00196682
14.31	0.00193083
14.315	0.00189456
14.32	0.00185802
14.325	0.00182121
14.33	0.00178411
14.335	0.00174675
14.34	0.00170913
14.345	0.00167129
14.35	0.00163326
14.355	0.00159505
14.36	0.00155667
14.365	0.00151813
14.37	0.00147942
14.375	0.00144055
14.38	0.00140154
14.385	0.0013624
14.39	0.00132314
14.395	0.00128379
14.4	0.00124436
14.405	0.00120487
14.41	0.00116532
14.415	0.00112571
14.42	0.00108603
14.425	0.0010463
14.43	0.00100651
14.435	0.000966708
14.44	0.000926911
14.445	0.00088714
14.45	0.000847403
14.455	0.000807703
14.46	0.000768044
14.465	0.000728432
14.47	0.00068888
14.475	0.000649402
14.48	0.000610014
14.485	0.000570728
14.49	0.000531559
14.495	0.000492516
14.5	0.000453602
14.505	0.000414816
14.51	0.000376154
14.515	0.000337617
14.52	0.000299218
14.525	0.000260982
14.53	0.000222939
14.535	0.000185113
14.54	0.000147515
14.545	0.000110144
14.55	7.29951e-05
14.555	3.60692e-05
14.56	-6.25961e-07
14.565	-3.70767e-05
14.57	-7.32699e-05
14.575	-0.000109196
14.58	-0.00014485
14.585	-0.000180226
14.59	-0.000215318
14.595	-0.00025012
14.6	-0.000284629
14.605	-0.00031884
14.61	-0.000352747
14.615	-0.000386337
14.62	-0.000419587
14.625	-0.000452478
14.63	-0.000484993
14.635	-0.000517132
14.64	-0.000548905
14.645	-0.00058032
14.65	-0.000611379
14.655	-0.000642071
14.66	-0.000672381
14.665	-0.000702294
14.67	-0.000731803
14.675	-0.000760906
14.68	-0.000789603
14.685	-0.000817891
14.69	-0.000845764
14.695	-0.000873216
14.7	-0.000900244
14.705	-0.000926844
14.71	-0.000953008
14.715	-0.000978722
14.72	-0.00100397
14.725	-0.00102875
14.73	-0.00105305
14.735	-0.00107689
14.74	-0.00110027
14.745	-0.00112321
14.75	-0.00114569
14.755	-0.0011677
14.76	-0.00118923
14.765	-0.00121027
14.77	-0.00123082
14.775	-0.0012509
14.78	-0.0012705
14.785	-0.00128961
14.79	-0.00130823
14.795	-0.00132635
14.8	-0.00134397
14.805	-0.00136108
14.81	-0.00137769
14.815	-0.00139378
14.82	-0.00140935
14.825	-0.00142441
14.83	-0.00143898
14.835	-0.00145305
14.84	-0.00146664
14.845	-0.00147973
14.85	-0.00149233
14.855	-0.0015044
14.86	-0.00151596
14.865	-0.001527
14.87	-0.00153753
14.875	-0.00154756
14.88	-0.00155709
14.885	-0.00156611
14.89	-0.00157462
14.895	-0.00158261
14.9	-0.00159008
14.905	-0.00159704
14.91	-0.0016035
14.915	-0.00160946
14.92	-0.00161493
14.925	-0.00161992
14.93	-0.00162443
14.935	-0.00162846
14.94	-0.001632
14.945	-0.00163504
14.95	-0.00163757
14.955	-0.0016396
14.96	-0.00164115
14.965	-0.00164222
14.97	-0.00164283
14.975	-0.00164297
14.98	-0.00164263
14.985	-0.00164182
14.99	-0.00164052
14.995	-0.00163875
15	-0.00163652
15.005	-0.00163384
15.01	-0.00163072
15.015	-0.00162718
15.02	-0.00162321
15.025	-0.00161881
15.03	-0.00161398
15.035	-0.0016087
15.04	-0.00160297
15.045	-0.00159679
15.05	-0.00159019
15.055	-0.00158318
15.06	-0.00157577
15.065	-0.00156797
15.07	-0.00155977
15.075	-0.00155117
15.08	-0.00154217
15.085	-0.00153277
15.09	-0.00152299
15.095	-0.00151283
15.1	-0.00150233
15.105	-0.00149147
15.11	-0.00148028
15.115	-0.00146874
15.12	-0.00145684
15.125	-0.00144459
15.13	-0.00143197
15.135	-0.00141901
15.14	-0.0014057
15.145	-0.00139208
15.15	-0.00137816
15.155	-0.00136395
15.16	-0.00134945
15.165	-0.00133465
15.17	-0.00131955
15.175	-0.00130415
15.18	-0.00128846
15.185	-0.00127251
15.19	-0.0012563
15.195	-0.00123985
15.2	-0.00122317
15.205	-0.00120624
15.21	-0.00118907
15.215	-0.00117165
15.22	-0.00115398
15.225	-0.00113607
15.23	-0.00111794
15.235	-0.00109959
15.24	-0.00108105
15.245	-0.00106234
15.25	-0.00104345
15.255	-0.00102439
15.26	-0.00100514
15.265	-0.000985709
15.27	-0.000966106
15.275	-0.000946346
15.28	-0.000926448
15.285	-0.000906425
15.29	-0.000886281
15.295	-0.000866013
15.3	-0.000845615
15.305	-0.000825083
15.31	-0.000804416
15.315	-0.000783625
15.32	-0.000762724
15.325	-0.000741734
15.33	-0.000720672
15.335	-0.000699554
15.34	-0.000678384
15.345	-0.000657161
15.35	-0.000635879
15.355	-0.000614533
15.36	-0.000593127
15.365	-0.000571673
15.37	-0.000550188
15.375	-0.000528689
15.38	-0.000507182
15.385	-0.000485667
15.39	-0.00046414
15.395	-0.000442595
15.4	-0.000421035
15.405	-0.000399468
15.41	-0.000377909
15.415	-0.000356376
15.42	-0.000334885
15.425	-0.000313446
15.43	-0.000292066
15.435	-0.000270744
15.44	-0.000249472
15.445	-0.000228247
15.45	-0.000207068
15.455	-0.000185944
15.46	-0.000164891
15.465	-0.000143925
15.47	-0.000123061
15.475	-0.000102299
15.48	-8.16332e-05
15.485	-6.10543e-05
15.49	-4.05587e-05
15.495	-2.01539e-05
15.5	1.43063e-07
15.505	2.0311e-05
15.51	4.03329e-05
15.515	6.02008e-05
15.52	7.99164e-05
15.525	9.94867e-05
15.53	0.000118919
15.535	0.000138214
15.54	0.000157368
15.545	0.000176371
15.55	0.000195209
15.555	0.000213871
15.56	0.000232351
15.565	0.000250649
15.57	0.000268769
15.575	0.000286719
15.58	0.0003045
15.585	0.000322107
15.59	0.000339524
15.595	0.000356732
15.6	0.000373712
15.605	0.000390457
15.61	0.000406973
15.615	0.000423272
15.62	0.000439369
15.625	0.000455269
15.63	0.000470967
15.635	0.000486449
15.64	0.000501696
15.645	0.000516696
15.65	0.000531447
15.655	0.000545954
15.66	0.000560224
15.665	0.000574266
15.67	0.000588079
15.675	0.000601659
15.68	0.000614993
15.685	0.000628065
15.69	0.000640863
15.695	0.00065338
15.7	0.00066562
15.705	0.000677593
15.71	0.000689315
15.715	0.000700797
15.72	0.000712037
15.725	0.000723027
15.73	0.000733748
15.735	0.000744184
15.74	0.000754329
15.745	0.000764189
15.75	0.000773778
15.755	0.000783108
15.76	0.000792185
15.765	0.000800999
15.77	0.000809539
15.775	0.000817786
15.78	0.000825732
15.785	0.000833376
15.79	0.000840726
15.795	0.000847793
15.8	0.000854591
15.805	0.000861129
15.81	0.000867409
15.815	0.000873427
15.82	0.000879171
15.825	0.000884631
15.83	0.000889796
15.835	0.000894667
15.84	0.00089925
15.845	0.000903555
15.85	0.000907593
15.855	0.000911366
15.86	0.000914865
15.865	0.000918081
15.87	0.000921003
15.875	0.000923629
15.88	0.000925969
15.885	0.000928037
15.89	0.00092985
15.895	0.000931416
15.9	0.000932737
15.905	0.000933803
15.91	0.000934604
15.915	0.000935127
15.92	0.00093537
15.925	0.000935335
15.93	0.00093503
15.935	0.000934467
15.94	0.000933653
15.945	0.000932594
15.95	0.000931289
15.955	0.000929733
15.96	0.00092792
15.965	0.000925847
15.97	0.000923517
15.975	0.000920938
15.98	0.000918125
15.985	0.000915091
15.99	0.000911843
15.995	0.000908379
16	0.000904688
16.005	0.000900758
16.01	0.000896581
16.015	0.000892161
16.02	0.000887511
16.025	0.000882646
16.03	0.000877577
16.035	0.000872306
16.04	0.000866828
16.045	0.000861137
16.05	0.000855229
16.055	0.000849109
16.06	0.000842785
16.065	0.000836268
16.07	0.000829567
16.075	0.000822691
16.08	0.000815647
16.085	0.000808436
16.09	0.000801054
16.095	0.000793492
16.1	0.000785739
16.105	0.00077779
16.11	0.000769652
16.115	0.000761342
16.12	0.00075288
16.125	0.000744279
16.13	0.000735539
16.135	0.000726652
16.14	0.000717608
16.145	0.000708407
16.15	0.000699061
16.155	0.000689588
16.16	0.000680001
16.165	0.000670304
16.17	0.000660495
16.175	0.000650565
16.18	0.00064051
16.185	0.000630326
16.19	0.000620017
16.195	0.000609584
16.2	0.000599033
16.205	0.000588376
16.21	0.000577627
16.215	0.000566803
16.22	0.000555911
16.225	0.000544948
16.23	0.000533903
16.235	0.000522766
16.24	0.000511537
16.245	0.00050023
16.25	0.000488864
16.255	0.000477456
16.26	0.000466009
16.265	0.000454514
16.27	0.000442959
16.275	0.000431334
16.28	0.000419642
16.285	0.000407894
16.29	0.000396104
16.295	0.000384282
16.3	0.000372439
16.305	0.00036058
16.31	0.00034871
16.315	0.000336829
16.32	0.000324934
16.325	0.000313018
16.33	0.000301081
16.335	0.000289128
16.34	0.000277174
16.345	0.000265236
16.35	0.000253321
16.355	0.000241427
16.36	0.000229543
16.365	0.000217656
16.37	0.00020576
16.375	0.000193863
16.38	0.000181981
16.385	0.000170131
16.39	0.000158325
16.395	0.00014657
16.4	0.000134866
16.405	0.000123212
16.41	0.000111604
16.415	0.000100038
16.42	8.85149e-05
16.425	7.70364e-05
16.43	6.56107e-05
16.435	5.42479e-05
16.44	4.29559e-05
16.445	3.17357e-05
16.45	2.05812e-05
16.455	9.48391e-06
16.46	-1.56025e-06
16.465	-1.25462e-05
16.47	-2.3461e-05
16.475	-3.4289e-05
16.48	-4.50183e-05
16.485	-5.56439e-05
16.49	-6.61666e-05
16.495	-7.65902e-05
16.5	-8.69192e-05
16.505	-9.7157e-05
16.51	-0.000107306
16.515	-0.000117364
16.52	-0.000127327
16.525	-0.000137185
16.53	-0.000146928
16.535	-0.000156553
16.54	-0.000166063
16.545	-0.000175467
16.55	-0.000184772
16.555	-0.000193976
16.56	-0.000203067
16.565	-0.00021203
16.57	-0.000220851
16.575	-0.000229527
16.58	-0.000238063
16.585	-0.000246466
16.59	-0.000254743
16.595	-0.000262895
16.6	-0.000270921
16.605	-0.00027882
16.61	-0.00028659
16.615	-0.000294226
16.62	-0.000301721
16.625	-0.000309069
16.63	-0.000316266
16.635	-0.000323317
16.64	-0.000330232
16.645	-0.000337019
16.65	-0.000343673
16.655	-0.00035018
16.66	-0.000356524
16.665	-0.000362691
16.67	-0.000368684
16.675	-0.000374517
16.68	-0.000380206
16.685	-0.000385761
16.69	-0.000391179
16.695	-0.000396454
16.7	-0.000401576
16.705	-0.00040654
16.71	-0.000411345
16.715	-0.000415989
16.72	-0.000420471
16.725	-0.000424792
16.73	-0.000428953
16.735	-0.000432963
16.74	-0.000436823
16.745	-0.000440533
16.75	-0.000444081
16.755	-0.000447455
16.76	-0.000450649
16.765	-0.000453667
16.77	-0.000456525
16.775	-0.00045924
16.78	-0.00046182
16.785	-0.000464262
16.79	-0.000466552
16.795	-0.000468678
16.8	-0.000470635
16.805	-0.000472423
16.81	-0.000474051
16.815	-0.000475522
16.82	-0.00047684
16.825	-0.000478007
16.83	-0.000479022
16.835	-0.000479884
16.84	-0.000480589
16.845	-0.000481131
16.85	-0.000481507
16.855	-0.00048172
16.86	-0.000481778
16.865	-0.000481696
16.87	-0.000481485
16.875	-0.000481147
16.88	-0.000480675
16.885	-0.000480054
16.89	-0.000479276
16.895	-0.000478335
16.9	-0.000477239
16.905	-0.000475998
16.91	-0.000474619
16.915	-0.000473107
16.92	-0.000471461
16.925	-0.000469678
16.93	-0.000467754
16.935	-0.000465686
16.94	-0.000463474
16.945	-0.000461125
16.95	-0.000458646
16.955	-0.000456049
16.96	-0.000453342
16.965	-0.000450525
16.97	-0.000447593
16.975	-0.000444533
16.98	-0.000441336
16.985	-0.000438001
16.99	-0.000434533
16.995	-0.000430942
17	-0.000427237
17.005	-0.000423426
17.01	-0.000419511
17.015	-0.00041549
17.02	-0.000411361
17.025	-0.000407121
17.03	-0.000402767
17.035	-0.000398302
17.04	-0.000393732
17.045	-0.000389068
17.05	-0.000384321
17.055	-0.000379496
17.06	-0.000374589
17.065	-0.000369588
17.07	-0.000364482
17.075	-0.000359265
17.08	-0.000353943
17.085	-0.000348529
17.09	-0.000343038
17.095	-0.000337478
17.1	-0.000331849
17.105	-0.000326146
17.11	-0.000320367
17.115	-0.000314511
17.12	-0.000308581
17.125	-0.00030258
17.13	-0.000296514
17.135	-0.000290386
17.14	-0.000284203
17.145	-0.00027797
17.15	-0.000271687
17.155	-0.000265352
17.16	-0.000258952
17.165	-0.000252481
17.17	-0.000245936
17.175	-0.000239328
17.18	-0.000232674
17.185	-0.000225991
17.19	-0.000219285
17.195	-0.000212553
17.2	-0.000205787
17.205	-0.000198978
17.21	-0.000192126
17.215	-0.000185239
17.22	-0.000178323
17.225	-0.000171386
17.23	-0.00016443
17.235	-0.000157454
17.24	-0.00015046
17.245	-0.000143443
17.25	-0.000136403
17.255	-0.000129336
17.26	-0.000122241
17.265	-0.000115121
17.27	-0.00010799
17.275	-0.000100861
17.28	-9.37457e-05
17.285	-8.66475e-05
17.29	-7.95588e-05
17.295	-7.24676e-05
17.3	-6.53658e-05
17.305	-5.82539e-05
17.31	-5.11415e-05
17.315	-4.4041e-05
17.32	-3.69618e-05
17.325	-2.9906e-05
17.33	-2.28693e-05
17.335	-1.58447e-05
17.34	-8.82689e-06
17.345	-1.81432e-06
17.35	5.19011e-06
17.355	1.21796e-05
17.36	1.91444e-05
17.365	2.60739e-05
17.37	3.29594e-05
17.375	3.97975e-05
17.38	4.6591e-05
17.385	5.33482e-05
17.39	6.00778e-05
17.395	6.67842e-05
17.4	7.34642e-05
17.405	8.01088e-05
17.41	8.67074e-05
17.415	9.32536e-05
17.42	9.97474e-05
17.425	0.000106195
17.43	0.000112602
17.435	0.000118976
17.44	0.000125313
17.445	0.000131606
17.45	0.000137843
17.455	0.000144012
17.46	0.000150105
17.465	0.000156122
17.47	0.000162068
17.475	0.000167954
17.48	0.000173792
17.485	0.000179584
17.49	0.000185326
17.495	0.00019101
17.5	0.000196624
17.505	0.000202161
17.51	0.000207622
17.515	0.000213011
17.52	0.000218336
17.525	0.000223598
17.53	0.000228796
17.535	0.000233925
17.54	0.000238976
17.545	0.000243942
17.55	0.000248818
17.555	0.000253602
17.56	0.000258298
17.565	0.000262916
17.57	0.000267462
17.575	0.000271945
17.58	0.000276363
17.585	0.000280708
17.59	0.000284967
17.595	0.000289131
17.6	0.000293198
17.605	0.000297175
17.61	0.000301071
17.615	0.000304894
17.62	0.000308643
17.625	0.00031231
17.63	0.000315884
17.635	0.000319358
17.64	0.000322729
17.645	0.000325999
17.65	0.000329175
17.655	0.000332262
17.66	0.000335267
17.665	0.000338193
17.67	0.000341044
17.675	0.000343817
17.68	0.000346504
17.685	0.000349097
17.69	0.000351586
17.695	0.000353973
17.7	0.000356262
17.705	0.000358466
17.71	0.00036059
17.715	0.000362631
17.72	0.00036458
17.725	0.000366424
17.73	0.000368159
17.735	0.00036979
17.74	0.000371326
17.745	0.000372779
17.75	0.000374156
17.755	0.000375455
17.76	0.000376674
17.765	0.00037781
17.77	0.000378858
17.775	0.000379814
17.78	0.000380674
17.785	0.000381433
17.79	0.00038209
17.795	0.000382653
17.8	0.000383132
17.805	0.000383532
17.81	0.000383854
17.815	0.000384089
17.82	0.000384227
17.825	0.000384264
17.83	0.000384207
17.835	0.000384068
17.84	0.00038386
17.845	0.000383587
17.85	0.000383244
17.855	0.000382821
17.86	0.000382312
17.865	0.000381712
17.87	0.000381024
17.875	0.000380248
17.88	0.000379388
17.885	0.000378446
17.89	0.000377424
17.895	0.000376329
17.9	0.000375164
17.905	0.000373928
17.91	0.000372616
17.915	0.000371222
17.92	0.000369744
17.925	0.000368191
17.93	0.000366574
17.935	0.000364905
17.94	0.000363185
17.945	0.000361405
17.95	0.000359554
17.955	0.000357623
17.96	0.000355609
17.965	0.000353518
17.97	0.000351359
17.975	0.000349136
17.98	0.000346855
17.985	0.000344516
17.99	0.000342122
17.995	0.000339672
18	0.000337166
18.005	0.000334601
18.01	0.000331975
18.015	0.000329291
18.02	0.000326557
18.025	0.000323782
18.03	0.000320969
18.035	0.000318116
18.04	0.000315213
18.045	0.000312249
18.05	0.000309218
18.055	0.000306126
18.06	0.00030298
18.065	0.000299793
18.07	0.00029657
18.075	0.000293316
18.08	0.000290028
18.085	0.000286705
18.09	0.000283344
18.095	0.000279945
18.1	0.000276506
18.105	0.00027303
18.11	0.000269522
18.115	0.000265989
18.12	0.000262436
18.125	0.000258861
18.13	0.000255256
18.135	0.000251614
18.14	0.000247926
18.145	0.000244197
18.15	0.000240434
18.155	0.000236651
18.16	0.000232857
18.165	0.000229053
18.17	0.00022524
18.175	0.000221414
18.18	0.000217572
18.185	0.000213712
18.19	0.000209835
18.195	0.000205941
18.2	0.000202033
18.205	0.000198117
18.21	0.000194197
18.215	0.000190275
18.22	0.000186347
18.225	0.000182404
18.23	0.000178437
18.235	0.000174446
18.24	0.00017044
18.245	0.000166437
18.25	0.000162448
18.255	0.000158479
18.26	0.000154525
18.265	0.000150578
18.27	0.000146631
18.275	0.000142681
18.28	0.000138731
18.285	0.000134784
18.29	0.000130842
18.295	0.000126907
18.3	0.000122984
18.305	0.000119076
18.31	0.000115183
18.315	0.000111303
18.32	0.000107426
18.325	0.000103548
18.33	9.96698e-05
18.335	9.58048e-05
18.34	9.19694e-05
18.345	8.81753e-05
18.35	8.44227e-05
18.355	8.07008e-05
18.36	7.69953e-05
18.365	7.32975e-05
18.37	6.96081e-05
18.375	6.5935e-05
18.38	6.22871e-05
18.385	5.86688e-05
18.39	5.50804e-05
18.395	5.15204e-05
18.4	4.7988e-05
18.405	4.44828e-05
18.41	4.10032e-05
18.415	3.75462e-05
18.42	3.41104e-05
18.425	3.07002e-05
18.43	2.73265e-05
18.435	2.4002e-05
18.44	2.07339e-05
18.445	1.75184e-05
18.45	1.43415e-05
18.455	1.11881e-05
18.46	8.05027e-06
18.465	4.93199e-06
18.47	1.84534e-06
18.475	-1.19769e-06
18.48	-4.19214e-06
18.485	-7.14099e-06
18.49	-1.00508e-05
18.495	-1.29258e-05
18.5	-1.57656e-05
18.505	-1.85664e-05
18.51	-2.13241e-05
18.515	-2.40358e-05
18.52	-2.66994e-05
18.525	-2.93117e-05
18.53	-3.18698e-05
18.535	-3.43733e-05
18.54	-3.68275e-05
18.545	-3.92425e-05
18.55	-4.16279e-05
18.555	-4.39867e-05
18.56	-4.63125e-05
18.565	-4.85924e-05
18.57	-5.08142e-05
18.575	-5.29734e-05
18.58	-5.5075e-05
18.585	-5.71293e-05
18.59	-5.91448e-05
18.595	-6.11229e-05
18.6	-6.30573e-05
18.605	-6.49385e-05
18.61	-6.67594e-05
18.615	-6.85184e-05
18.62	-7.02195e-05
18.625	-7.18695e-05
18.63	-7.34749e-05
18.635	-7.504e-05
18.64	-7.65664e-05
18.645	-7.80531e-05
18.65	-7.94961e-05
18.655	-8.08896e-05
18.66	-8.22274e-05
18.665	-8.35052e-05
18.67	-8.47233e-05
18.675	-8.58866e-05
18.68	-8.70022e-05
18.685	-8.80758e-05
18.69	-8.91073e-05
18.695	-9.00911e-05
18.7	-9.10182e-05
18.705	-9.18821e-05
18.71	-9.26826e-05
18.715	-9.34273e-05
18.72	-9.41273e-05
18.725	-9.47924e-05
18.73	-9.54258e-05
18.735	-9.60232e-05
18.74	-9.65756e-05
18.745	-9.7074e-05
18.75	-9.7513e-05
18.755	-9.78928e-05
18.76	-9.8217e-05
18.765	-9.84902e-05
18.77	-9.87166e-05
18.775	-9.88985e-05
18.78	-9.90367e-05
18.785	-9.91305e-05
18.79	-9.91775e-05
18.795	-9.91743e-05
18.8	-9.91187e-05
18.805	-9.90119e-05
18.81	-9.88595e-05
18.815	-9.86696e-05
18.82	-9.84489e-05
18.825	-9.81983e-05
18.83	-9.79113e-05
18.835	-9.75769e-05
18.84	-9.71858e-05
18.845	-9.67351e-05
18.85	-9.62299e-05
18.855	-9.56801e-05
18.86	-9.50947e-05
18.865	-9.44775e-05
18.87	-9.38266e-05
18.875	-9.3137e-05
18.88	-9.24043e-05
18.885	-9.16275e-05
18.89	-9.08082e-05
18.895	-8.99497e-05
18.9	-8.90555e-05
18.905	-8.81287e-05
18.91	-8.71716e-05
18.915	-8.61858e-05
18.92	-8.517e-05
18.925	-8.41203e-05
18.93	-8.30302e-05
18.935	-8.18944e-05
18.94	-8.07117e-05
18.945	-7.94866e-05
18.95	-7.8228e-05
18.955	-7.69445e-05
18.96	-7.56404e-05
18.965	-7.4314e-05
18.97	-7.29593e-05
18.975	-7.15704e-05
18.98	-7.01454e-05
18.985	-6.86879e-05
18.99	-6.72048e-05
18.995	-6.57026e-05
19	-6.41838e-05
19.005	-6.26465e-05
19.01	-6.10854e-05
19.015	-5.94947e-05
19.02	-5.78706e-05
19.025	-5.62124e-05
19.03	-5.4522e-05
19.035	-5.28034e-05
19.04	-5.10616e-05
19.045	-4.93022e-05
19.05	-4.75306e-05
19.055	-4.57497e-05
19.06	-4.3959e-05
19.065	-4.21544e-05
19.07	-4.03302e-05
19.075	-3.84825e-05
19.08	-3.66121e-05
19.085	-3.47243e-05
19.09	-3.28259e-05
19.095	-3.09206e-05
19.1	-2.90066e-05
19.105	-2.70772e-05
19.11	-2.51253e-05
19.115	-2.31487e-05
19.12	-2.11512e-05
19.125	-1.91412e-05
19.13	-1.71265e-05
19.135	-1.51113e-05
19.14	-1.30954e-05
19.145	-1.10763e-05
19.15	-9.05238e-06
19.155	-7.02347e-06
19.16	-4.98957e-06
19.165	-2.94946e-06
19.17	-9.00948e-07
19.175	1.15688e-06
19.18	3.22167e-06
19.185	5.28831e-06
19.19	7.35237e-06
19.195	9.41385e-06
19.2	1.14779e-05
19.205	1.35513e-05
19.21	1.56369e-05
19.215	1.77303e-05
19.22	1.98217e-05
19.225	2.1901e-05
19.23	2.39641e-05
19.235	2.60141e-05
19.24	2.8058e-05
19.245	3.01008e-05
19.25	3.21428e-05
19.255	3.41807e-05
19.26	3.62114e-05
19.265	3.82349e-05
19.27	4.02539e-05
19.275	4.22703e-05
19.28	4.42834e-05
19.285	4.62895e-05
19.29	4.82862e-05
19.295	5.02735e-05
19.3	5.22544e-05
19.305	5.42301e-05
19.31	5.61977e-05
19.315	5.81492e-05
19.32	6.00765e-05
19.325	6.19764e-05
19.33	6.38526e-05
19.335	6.57136e-05
19.34	6.75675e-05
19.345	6.94171e-05
19.35	7.12603e-05
19.355	7.30922e-05
19.36	7.49094e-05
19.365	7.67107e-05
19.37	7.84964e-05
19.375	8.02658e-05
19.38	8.20174e-05
19.385	8.37499e-05
19.39	8.54631e-05
19.395	8.71582e-05
19.4	8.88351e-05
19.405	9.04909e-05
19.41	9.21208e-05
19.415	9.37206e-05
19.42	9.52904e-05
19.425	9.68355e-05
19.43	9.83635e-05
19.435	9.98804e-05
19.44	0.000101387
19.445	0.000102882
19.45	0.000104357
19.455	0.000105809
19.46	0.000107235
19.465	0.000108633
19.47	0.000110004
19.475	0.000111348
19.48	0.000112667
19.485	0.000113964
19.49	0.00011524
19.495	0.000116491
19.5	0.000117713
19.505	0.000118901
19.51	0.000120054
19.515	0.000121176
19.52	0.000122276
19.525	0.000123362
19.53	0.000124436
19.535	0.000125494
19.54	0.000126531
19.545	0.000127539
19.55	0.000128516
19.555	0.000129461
19.56	0.000130374
19.565	0.000131254
19.57	0.000132104
19.575	0.000132926
19.58	0.000133723
19.585	0.000134497
19.59	0.000135244
19.595	0.000135958
19.6	0.000136637
19.605	0.000137282
19.61	0.000137901
19.615	0.000138504
19.62	0.000139098
19.625	0.000139678
19.63	0.000140235
19.635	0.000140758
19.64	0.000141241
19.645	0.000141685
19.65	0.000142097
19.655	0.000142481
19.66	0.000142838
19.665	0.000143167
19.67	0.000143468
19.675	0.000143743
19.68	0.000143994
19.685	0.000144221
19.69	0.000144419
19.695	0.000144586
19.7	0.000144723
19.705	0.000144838
19.71	0.000144939
19.715	0.000145029
19.72	0.000145104
19.725	0.000145149
19.73	0.000145153
19.735	0.000145112
19.74	0.000145034
19.745	0.000144929
19.75	0.000144806
19.755	0.000144665
19.76	0.000144503
19.765	0.000144315
19.77	0.0001441
19.775	0.000143862
19.78	0.000143602
19.785	0.000143321
19.79	0.000143017
19.795	0.000142691
19.8	0.000142346
19.805	0.000141985
19.81	0.00014161
19.815	0.000141215
19.82	0.000140788
19.825	0.000140321
19.83	0.000139817
19.835	0.000139283
19.84	0.000138731
19.845	0.000138171
19.85	0.000137603
19.855	0.00013702
19.86	0.000136417
19.865	0.000135791
19.87	0.000135143
19.875	0.000134478
19.88	0.000133796
19.885	0.000133097
19.89	0.000132383
19.895	0.000131652
19.9	0.000130908
19.905	0.000130146
19.91	0.000129363
19.915	0.000128551
19.92	0.000127709
19.925	0.000126841
19.93	0.00012596
19.935	0.000125075
19.94	0.00012419
19.945	0.000123302
19.95	0.000122401
19.955	0.000121482
19.96	0.000120543
19.965	0.000119587
19.97	0.00011862
19.975	0.000117642
19.98	0.000116656
19.985	0.000115658
19.99	0.000114651
19.995	0.000113633
