0	-9.248e-06
0.005	-1.11108e-05
0.01	2.34328e-05
0.015	0.000175436
0.02	0.000582927
0.025	0.00141914
0.03	0.00286061
0.035	0.00506486
0.04	0.00816754
0.045	0.012295
0.05	0.0175812
0.055	0.0241787
0.06	0.0322633
0.065	0.0420326
0.07	0.0537027
0.075	0.0675009
0.08	0.0836546
0.085	0.102379
0.09	0.123869
0.095	0.148303
0.1	0.175859
0.105	0.206735
0.11	0.241163
0.115	0.279406
0.12	0.32174
0.125	0.368428
0.13	0.419706
0.135	0.475778
0.14	0.536837
0.145	0.603083
0.15	0.674741
0.155	0.752061
0.16	0.835311
0.165	0.924756
0.17	1.02065
0.175	1.12323
0.18	1.23274
0.185	1.34938
0.19	1.47339
0.195	1.605
0.2	1.74442
0.205	1.89191
0.21	2.0477
0.215	2.21205
0.22	2.38518
0.225	2.56732
0.23	2.75868
0.235	2.95945
0.24	3.16985
0.245	3.39008
0.25	3.62038
0.255	3.861
0.26	4.11216
0.265	4.37408
0.27	4.64693
0.275	4.93089
0.28	5.22615
0.285	5.53292
0.29	5.85143
0.295	6.18189
0.3	6.52452
0.305	6.87955
0.31	7.24715
0.315	7.62749
0.32	8.02075
0.325	8.42709
0.33	8.84668
0.335	9.27967
0.34	9.72624
0.345	10.1866
0.35	10.6608
0.355	11.1491
0.36	11.6516
0.365	12.1685
0.37	12.6998
0.375	13.2456
0.38	13.8062
0.385	14.3817
0.39	14.9721
0.395	15.5777
0.4	16.1986
0.405	16.8348
0.41	17.4863
0.415	18.1533
0.42	18.8357
0.425	19.5337
0.43	20.2473
0.435	20.9767
0.44	21.7219
0.445	22.483
0.45	23.26
0.455	24.0528
0.46	24.8615
0.465	25.6862
0.47	26.5267
0.475	27.3832
0.48	28.2556
0.485	29.1439
0.49	30.0481
0.495	30.9683
0.5	31.9043
0.505	32.856
0.51	33.8234
0.515	34.8064
0.52	35.805
0.525	36.819
0.53	37.8485
0.535	38.8933
0.54	39.9534
0.545	41.0285
0.55	42.1185
0.555	43.2234
0.56	44.3429
0.565	45.4768
0.57	46.6252
0.575	47.7878
0.58	48.9644
0.585	50.1549
0.59	51.359
0.595	52.5765
0.6	53.8072
0.605	55.0509
0.61	56.3072
0.615	57.576
0.62	58.8571
0.625	60.1502
0.63	61.455
0.635	62.7712
0.64	64.0986
0.645	65.4366
0.65	66.7852
0.655	68.1438
0.66	69.5123
0.665	70.8903
0.67	72.2774
0.675	73.6733
0.68	75.0776
0.685	76.4898
0.69	77.9096
0.695	79.3366
0.7	80.7703
0.705	82.2103
0.71	83.6563
0.715	85.1078
0.72	86.5643
0.725	88.0255
0.73	89.4907
0.735	90.9596
0.74	92.4316
0.745	93.9062
0.75	95.383
0.755	96.8614
0.76	98.341
0.765	99.8213
0.77	101.302
0.775	102.781
0.78	104.26
0.785	105.738
0.79	107.213
0.795	108.685
0.8	110.154
0.805	111.62
0.81	113.081
0.815	114.537
0.82	115.988
0.825	117.432
0.83	118.87
0.835	120.3
0.84	121.722
0.845	123.136
0.85	124.54
0.855	125.935
0.86	127.319
0.865	128.692
0.87	130.053
0.875	131.402
0.88	132.738
0.885	134.06
0.89	135.368
0.895	136.661
0.9	137.939
0.905	139.2
0.91	140.445
0.915	141.672
0.92	142.881
0.925	144.071
0.93	145.242
0.935	146.392
0.94	147.523
0.945	148.631
0.95	149.718
0.955	150.783
0.96	151.824
0.965	152.841
0.97	153.834
0.975	154.802
0.98	155.744
0.985	156.66
0.99	157.549
0.995	158.41
1	159.244
1.005	160.049
1.01	160.825
1.015	161.571
1.02	162.286
1.025	162.971
1.03	163.625
1.035	164.246
1.04	164.835
1.045	165.391
1.05	165.914
1.055	166.402
1.06	166.856
1.065	167.275
1.07	167.658
1.075	168.006
1.08	168.317
1.085	168.592
1.09	168.829
1.095	169.029
1.1	169.19
1.105	169.313
1.11	169.398
1.115	169.443
1.12	169.449
1.125	169.414
1.13	169.34
1.135	169.226
1.14	169.07
1.145	168.874
1.15	168.636
1.155	168.357
1.16	168.036
1.165	167.673
1.17	167.268
1.175	166.821
1.18	166.331
1.185	165.799
1.19	165.223
1.195	164.605
1.2	163.944
1.205	163.24
1.21	162.493
1.215	161.702
1.22	160.869
1.225	159.992
1.23	159.072
1.235	158.109
1.24	157.103
1.245	156.053
1.25	154.961
1.255	153.826
1.26	152.648
1.265	151.428
1.27	150.165
1.275	148.86
1.28	147.512
1.285	146.123
1.29	144.692
1.295	143.22
1.3	141.706
1.305	140.152
1.31	138.557
1.315	136.922
1.32	135.247
1.325	133.532
1.33	131.778
1.335	129.986
1.34	128.155
1.345	126.286
1.35	124.379
1.355	122.436
1.36	120.455
1.365	118.439
1.37	116.387
1.375	114.3
1.38	112.179
1.385	110.023
1.39	107.834
1.395	105.612
1.4	103.358
1.405	101.073
1.41	98.7559
1.415	96.409
1.42	94.0323
1.425	91.6265
1.43	89.1924
1.435	86.7307
1.44	84.2422
1.445	81.7274
1.45	79.1871
1.455	76.622
1.46	74.0329
1.465	71.4206
1.47	68.7857
1.475	66.1291
1.48	63.4517
1.485	60.7541
1.49	58.0373
1.495	55.302
1.5	52.5491
1.505	49.7793
1.51	46.9935
1.515	44.1925
1.52	41.3772
1.525	38.5484
1.53	35.7071
1.535	32.8542
1.54	29.9904
1.545	27.1166
1.55	24.2338
1.555	21.3427
1.56	18.4443
1.565	15.5395
1.57	12.6293
1.575	9.71451
1.58	6.7961
1.585	3.87496
1.59	0.951961
1.595	-1.97201
1.6	-4.89605
1.605	-7.81926
1.61	-10.7407
1.615	-13.6595
1.62	-16.5747
1.625	-19.4855
1.63	-22.3909
1.635	-25.29
1.64	-28.182
1.645	-31.066
1.65	-33.9412
1.655	-36.8065
1.66	-39.6611
1.665	-42.5042
1.67	-45.3348
1.675	-48.1522
1.68	-50.9553
1.685	-53.7436
1.69	-56.5161
1.695	-59.272
1.7	-62.0105
1.705	-64.7307
1.71	-67.4318
1.715	-70.1131
1.72	-72.7738
1.725	-75.413
1.73	-78.0301
1.735	-80.6243
1.74	-83.1948
1.745	-85.741
1.75	-88.2621
1.755	-90.7573
1.76	-93.226
1.765	-95.6675
1.77	-98.0812
1.775	-100.466
1.78	-102.822
1.785	-105.149
1.79	-107.445
1.795	-109.709
1.8	-111.943
1.805	-114.144
1.81	-116.312
1.815	-118.447
1.82	-120.549
1.825	-122.616
1.83	-124.649
1.835	-126.646
1.84	-128.607
1.845	-130.532
1.85	-132.421
1.855	-134.272
1.86	-136.087
1.865	-137.863
1.87	-139.601
1.875	-141.301
1.88	-142.962
1.885	-144.584
1.89	-146.166
1.895	-147.709
1.9	-149.212
1.905	-150.675
1.91	-152.097
1.915	-153.478
1.92	-154.819
1.925	-156.118
1.93	-157.377
1.935	-158.594
1.94	-159.77
1.945	-160.904
1.95	-161.996
1.955	-163.047
1.96	-164.056
1.965	-165.023
1.97	-165.949
1.975	-166.832
1.98	-167.674
1.985	-168.474
1.99	-169.233
1.995	-169.949
2	-170.625
2.005	-171.258
2.01	-171.85
2.015	-172.401
2.02	-172.911
2.025	-173.38
2.03	-173.808
2.035	-174.196
2.04	-174.543
2.045	-174.849
2.05	-175.116
2.055	-175.344
2.06	-175.531
2.065	-175.68
2.07	-175.789
2.075	-175.86
2.08	-175.893
2.085	-175.887
2.09	-175.844
2.095	-175.764
2.1	-175.647
2.105	-175.493
2.11	-175.302
2.115	-175.076
2.12	-174.815
2.125	-174.518
2.13	-174.187
2.135	-173.821
2.14	-173.422
2.145	-172.99
2.15	-172.525
2.155	-172.027
2.16	-171.497
2.165	-170.936
2.17	-170.344
2.175	-169.722
2.18	-169.07
2.185	-168.388
2.19	-167.677
2.195	-166.938
2.2	-166.171
2.205	-165.377
2.21	-164.555
2.215	-163.708
2.22	-162.835
2.225	-161.936
2.23	-161.013
2.235	-160.066
2.24	-159.096
2.245	-158.102
2.25	-157.086
2.255	-156.048
2.26	-154.989
2.265	-153.91
2.27	-152.81
2.275	-151.69
2.28	-150.552
2.285	-149.395
2.29	-148.22
2.295	-147.028
2.3	-145.82
2.305	-144.595
2.31	-143.354
2.315	-142.099
2.32	-140.829
2.325	-139.545
2.33	-138.248
2.335	-136.938
2.34	-135.616
2.345	-134.283
2.35	-132.938
2.355	-131.582
2.36	-130.217
2.365	-128.842
2.37	-127.458
2.375	-126.066
2.38	-124.666
2.385	-123.258
2.39	-121.844
2.395	-120.423
2.4	-118.996
2.405	-117.564
2.41	-116.127
2.415	-114.685
2.42	-113.24
2.425	-111.791
2.43	-110.34
2.435	-108.886
2.44	-107.429
2.445	-105.971
2.45	-104.512
2.455	-103.053
2.46	-101.593
2.465	-100.133
2.47	-98.6734
2.475	-97.215
2.48	-95.7579
2.485	-94.3025
2.49	-92.8492
2.495	-91.3984
2.5	-89.9505
2.505	-88.5058
2.51	-87.0647
2.515	-85.6276
2.52	-84.1946
2.525	-82.7663
2.53	-81.3428
2.535	-79.9246
2.54	-78.5119
2.545	-77.105
2.55	-75.7042
2.555	-74.3099
2.56	-72.9223
2.565	-71.5416
2.57	-70.1681
2.575	-68.802
2.58	-67.4437
2.585	-66.0932
2.59	-64.7509
2.595	-63.4171
2.6	-62.0919
2.605	-60.7755
2.61	-59.4681
2.615	-58.1699
2.62	-56.881
2.625	-55.6018
2.63	-54.3322
2.635	-53.0726
2.64	-51.823
2.645	-50.5837
2.65	-49.3547
2.655	-48.1362
2.66	-46.9284
2.665	-45.7312
2.67	-44.5449
2.675	-43.3695
2.68	-42.2052
2.685	-41.052
2.69	-39.9101
2.695	-38.7796
2.7	-37.6605
2.705	-36.5529
2.71	-35.4568
2.715	-34.3722
2.72	-33.2994
2.725	-32.2382
2.73	-31.1889
2.735	-30.1514
2.74	-29.1257
2.745	-28.1119
2.75	-27.1099
2.755	-26.1198
2.76	-25.1417
2.765	-24.1754
2.77	-23.2211
2.775	-22.2787
2.78	-21.3482
2.785	-20.4297
2.79	-19.523
2.795	-18.6283
2.8	-17.7454
2.805	-16.8743
2.81	-16.015
2.815	-15.1675
2.82	-14.3317
2.825	-13.5077
2.83	-12.6954
2.835	-11.8947
2.84	-11.1055
2.845	-10.3278
2.85	-9.56153
2.855	-8.80664
2.86	-8.06308
2.865	-7.33081
2.87	-6.60976
2.875	-5.89986
2.88	-5.20101
2.885	-4.51313
2.89	-3.83614
2.895	-3.16997
2.9	-2.51454
2.905	-1.86978
2.91	-1.23561
2.915	-0.611943
2.92	0.00131531
2.925	0.604267
2.93	1.19702
2.935	1.7797
2.94	2.3524
2.945	2.91522
2.95	3.46824
2.955	4.01155
2.96	4.54523
2.965	5.06939
2.97	5.58417
2.975	6.08969
2.98	6.58608
2.985	7.07345
2.99	7.5519
2.995	8.02153
3	8.48245
3.005	8.93477
3.01	9.37863
3.015	9.81417
3.02	10.2415
3.025	10.6608
3.03	11.0722
3.035	11.4759
3.04	11.8718
3.045	12.2602
3.05	12.6411
3.055	13.0147
3.06	13.3812
3.065	13.7406
3.07	14.0933
3.075	14.4392
3.08	14.7785
3.085	15.1114
3.09	15.438
3.095	15.7585
3.1	16.0729
3.105	16.3815
3.11	16.6844
3.115	16.9816
3.12	17.2733
3.125	17.5593
3.13	17.8397
3.135	18.1144
3.14	18.3834
3.145	18.6468
3.15	18.9046
3.155	19.1569
3.16	19.4036
3.165	19.6447
3.17	19.8802
3.175	20.1101
3.18	20.3342
3.185	20.5525
3.19	20.765
3.195	20.9718
3.2	21.1727
3.205	21.3679
3.21	21.5573
3.215	21.7408
3.22	21.9183
3.225	22.0896
3.23	22.2549
3.235	22.4139
3.24	22.5668
3.245	22.7136
3.25	22.8542
3.255	22.9887
3.26	23.1168
3.265	23.2387
3.27	23.3541
3.275	23.4632
3.28	23.5657
3.285	23.6618
3.29	23.7514
3.295	23.8346
3.3	23.9112
3.305	23.9812
3.31	24.0447
3.315	24.1016
3.32	24.1518
3.325	24.1954
3.33	24.2323
3.335	24.2625
3.34	24.2862
3.345	24.3033
3.35	24.3138
3.355	24.3176
3.36	24.3148
3.365	24.3053
3.37	24.2892
3.375	24.2665
3.38	24.2372
3.385	24.2014
3.39	24.159
3.395	24.1101
3.4	24.0546
3.405	23.9925
3.41	23.9238
3.415	23.8486
3.42	23.767
3.425	23.6788
3.43	23.5844
3.435	23.4835
3.44	23.3764
3.445	23.2631
3.45	23.1435
3.455	23.0177
3.46	22.8857
3.465	22.7475
3.47	22.6034
3.475	22.4532
3.48	22.2972
3.485	22.1353
3.49	21.9676
3.495	21.794
3.5	21.6146
3.505	21.4295
3.51	21.2389
3.515	21.0428
3.52	20.8414
3.525	20.6347
3.53	20.4228
3.535	20.2057
3.54	19.9835
3.545	19.7562
3.55	19.5239
3.555	19.2868
3.56	19.0449
3.565	18.7984
3.57	18.5473
3.575	18.2918
3.58	18.0319
3.585	17.7677
3.59	17.4992
3.595	17.2265
3.6	16.9498
3.605	16.6692
3.61	16.3849
3.615	16.097
3.62	15.8056
3.625	15.5106
3.63	15.2123
3.635	14.9106
3.64	14.6056
3.645	14.2975
3.65	13.9865
3.655	13.6728
3.66	13.3562
3.665	13.0371
3.67	12.7155
3.675	12.3914
3.68	12.0649
3.685	11.7362
3.69	11.4053
3.695	11.0725
3.7	10.7378
3.705	10.4014
3.71	10.0634
3.715	9.72393
3.72	9.38296
3.725	9.04059
3.73	8.69693
3.735	8.35211
3.74	8.00629
3.745	7.65962
3.75	7.31224
3.755	6.96423
3.76	6.61566
3.765	6.26662
3.77	5.9172
3.775	5.56752
3.78	5.21774
3.785	4.86798
3.79	4.51838
3.795	4.16903
3.8	3.82004
3.805	3.47148
3.81	3.12345
3.815	2.77602
3.82	2.42931
3.825	2.08341
3.83	1.73845
3.835	1.39456
3.84	1.05188
3.845	0.710517
3.85	0.370548
3.855	0.0320408
3.86	-0.304936
3.865	-0.640294
3.87	-0.973916
3.875	-1.30567
3.88	-1.63544
3.885	-1.96311
3.89	-2.28861
3.895	-2.61191
3.9	-2.93293
3.905	-3.2516
3.91	-3.56784
3.915	-3.88152
3.92	-4.19255
3.925	-4.50081
3.93	-4.80622
3.935	-5.10872
3.94	-5.40824
3.945	-5.70471
3.95	-5.99809
3.955	-6.28829
3.96	-6.57525
3.965	-6.85888
3.97	-7.13909
3.975	-7.41577
3.98	-7.68887
3.985	-7.95832
3.99	-8.22412
3.995	-8.48622
4	-8.74458
4.005	-8.99912
4.01	-9.24976
4.015	-9.49639
4.02	-9.73895
4.025	-9.97738
4.03	-10.2117
4.035	-10.4418
4.04	-10.6678
4.045	-10.8895
4.05	-11.107
4.055	-11.32
4.06	-11.5287
4.065	-11.7328
4.07	-11.9325
4.075	-12.1276
4.08	-12.3181
4.085	-12.5041
4.09	-12.6854
4.095	-12.8622
4.1	-13.0344
4.105	-13.2018
4.11	-13.3645
4.115	-13.5224
4.12	-13.6754
4.125	-13.8237
4.13	-13.9671
4.135	-14.1058
4.14	-14.2397
4.145	-14.3687
4.15	-14.4928
4.155	-14.612
4.16	-14.7262
4.165	-14.8355
4.17	-14.9399
4.175	-15.0394
4.18	-15.1341
4.185	-15.2238
4.19	-15.3086
4.195	-15.3885
4.2	-15.4635
4.205	-15.5334
4.21	-15.5984
4.215	-15.6585
4.22	-15.7137
4.225	-15.764
4.23	-15.8095
4.235	-15.8502
4.24	-15.886
4.245	-15.9169
4.25	-15.9429
4.255	-15.9641
4.26	-15.9804
4.265	-15.9921
4.27	-15.9991
4.275	-16.0014
4.28	-15.999
4.285	-15.9919
4.29	-15.9802
4.295	-15.9637
4.3	-15.9426
4.305	-15.917
4.31	-15.8869
4.315	-15.8523
4.32	-15.8132
4.325	-15.7698
4.33	-15.7219
4.335	-15.6697
4.34	-15.6132
4.345	-15.5524
4.35	-15.4873
4.355	-15.4181
4.36	-15.3448
4.365	-15.2675
4.37	-15.1861
4.375	-15.1008
4.38	-15.0114
4.385	-14.9181
4.39	-14.8208
4.395	-14.7198
4.4	-14.615
4.405	-14.5066
4.41	-14.3946
4.415	-14.279
4.42	-14.1599
4.425	-14.0373
4.43	-13.9113
4.435	-13.7819
4.44	-13.6492
4.445	-13.5134
4.45	-13.3744
4.455	-13.2323
4.46	-13.0871
4.465	-12.939
4.47	-12.7879
4.475	-12.6339
4.48	-12.4771
4.485	-12.3175
4.49	-12.1553
4.495	-11.9905
4.5	-11.8233
4.505	-11.6537
4.51	-11.4816
4.515	-11.3072
4.52	-11.1305
4.525	-10.9516
4.53	-10.7706
4.535	-10.5875
4.54	-10.4025
4.545	-10.2156
4.55	-10.0268
4.555	-9.83623
4.56	-9.64387
4.565	-9.44978
4.57	-9.25404
4.575	-9.05674
4.58	-8.85797
4.585	-8.65779
4.59	-8.45628
4.595	-8.25348
4.6	-8.04945
4.605	-7.8442
4.61	-7.63777
4.615	-7.43021
4.62	-7.22159
4.625	-7.01199
4.63	-6.80151
4.635	-6.59021
4.64	-6.37815
4.645	-6.16533
4.65	-5.95179
4.655	-5.73756
4.66	-5.52271
4.665	-5.30734
4.67	-5.09155
4.675	-4.87545
4.68	-4.65908
4.685	-4.44249
4.69	-4.22571
4.695	-4.00875
4.7	-3.79166
4.705	-3.5745
4.71	-3.35732
4.715	-3.1402
4.72	-2.92321
4.725	-2.70643
4.73	-2.4899
4.735	-2.27368
4.74	-2.0578
4.745	-1.84229
4.75	-1.6272
4.755	-1.4126
4.76	-1.19858
4.765	-0.985251
4.77	-0.772674
4.775	-0.560895
4.78	-0.349927
4.785	-0.139773
4.79	0.0695443
4.795	0.277972
4.8	0.485428
4.805	0.691825
4.81	0.897083
4.815	1.10115
4.82	1.30398
4.825	1.50555
4.83	1.70583
4.835	1.90477
4.84	2.10232
4.845	2.29843
4.85	2.49303
4.855	2.68607
4.86	2.87747
4.865	3.06719
4.87	3.25521
4.875	3.44151
4.88	3.62609
4.885	3.8089
4.89	3.9899
4.895	4.169
4.9	4.34611
4.905	4.52118
4.91	4.69417
4.915	4.86508
4.92	5.03388
4.925	5.20057
4.93	5.36509
4.935	5.52737
4.94	5.68735
4.945	5.84498
4.95	6.00023
4.955	6.15309
4.96	6.30355
4.965	6.45159
4.97	6.5972
4.975	6.74035
4.98	6.88099
4.985	7.01909
4.99	7.15458
4.995	7.28741
5	7.41754
5.005	7.54494
5.01	7.66963
5.015	7.79161
5.02	7.91086
5.025	8.02735
5.03	8.14103
5.035	8.25185
5.04	8.35977
5.045	8.46479
5.05	8.56695
5.055	8.66624
5.06	8.76268
5.065	8.85623
5.07	8.94686
5.075	9.03452
5.08	9.11917
5.085	9.20078
5.09	9.27935
5.095	9.35488
5.1	9.42738
5.105	9.49687
5.11	9.56333
5.115	9.62678
5.12	9.6872
5.125	9.74455
5.13	9.79882
5.135	9.84999
5.14	9.89807
5.145	9.94308
5.15	9.98506
5.155	10.024
5.16	10.0599
5.165	10.0928
5.17	10.1225
5.175	10.1492
5.18	10.1726
5.185	10.193
5.19	10.2104
5.195	10.2247
5.2	10.236
5.205	10.2443
5.21	10.2496
5.215	10.2518
5.22	10.2511
5.225	10.2473
5.23	10.2405
5.235	10.2308
5.24	10.2181
5.245	10.2025
5.25	10.184
5.255	10.1626
5.26	10.1384
5.265	10.1112
5.27	10.0811
5.275	10.0482
5.28	10.0124
5.285	9.97382
5.29	9.93255
5.295	9.88859
5.3	9.84195
5.305	9.79261
5.31	9.74057
5.315	9.68586
5.32	9.62853
5.325	9.56862
5.33	9.50619
5.335	9.44126
5.34	9.37385
5.345	9.30398
5.35	9.23166
5.355	9.15692
5.36	9.07979
5.365	9.0003
5.37	8.91849
5.375	8.83443
5.38	8.74817
5.385	8.65976
5.39	8.56924
5.395	8.4766
5.4	8.38187
5.405	8.28505
5.41	8.18618
5.415	8.08534
5.42	7.98258
5.425	7.87798
5.43	7.77156
5.435	7.66335
5.44	7.55334
5.445	7.44155
5.45	7.32804
5.455	7.21287
5.46	7.0961
5.465	6.97781
5.47	6.85803
5.475	6.73681
5.48	6.61417
5.485	6.49015
5.49	6.36478
5.495	6.23808
5.5	6.1101
5.505	5.98089
5.51	5.85052
5.515	5.71904
5.52	5.58652
5.525	5.453
5.53	5.31848
5.535	5.18299
5.54	5.04656
5.545	4.90924
5.55	4.77111
5.555	4.63225
5.56	4.49272
5.565	4.35257
5.57	4.21182
5.575	4.07046
5.58	3.92854
5.585	3.78608
5.59	3.64316
5.595	3.49983
5.6	3.35615
5.605	3.21218
5.61	3.06795
5.615	2.92351
5.62	2.77889
5.625	2.63412
5.63	2.48924
5.635	2.34427
5.64	2.19928
5.645	2.05433
5.65	1.90949
5.655	1.76482
5.66	1.62035
5.665	1.4761
5.67	1.33206
5.675	1.18827
5.68	1.04476
5.685	0.901612
5.69	0.758886
5.695	0.616647
5.7	0.474937
5.705	0.333778
5.71	0.193189
5.715	0.0531936
5.72	-0.0861713
5.725	-0.224858
5.73	-0.362814
5.735	-0.499985
5.74	-0.636325
5.745	-0.771792
5.75	-0.906353
5.755	-1.03998
5.76	-1.17267
5.765	-1.30439
5.77	-1.43514
5.775	-1.56485
5.78	-1.69349
5.785	-1.82098
5.79	-1.94728
5.795	-2.07234
5.8	-2.19616
5.805	-2.31873
5.81	-2.44005
5.815	-2.56009
5.82	-2.6788
5.825	-2.79612
5.83	-2.912
5.835	-3.02641
5.84	-3.13934
5.845	-3.25079
5.85	-3.36074
5.855	-3.4692
5.86	-3.57613
5.865	-3.68149
5.87	-3.78524
5.875	-3.88735
5.88	-3.9878
5.885	-4.08654
5.89	-4.18358
5.895	-4.27889
5.9	-4.37249
5.905	-4.46437
5.91	-4.5545
5.915	-4.64285
5.92	-4.72938
5.925	-4.81404
5.93	-4.89682
5.935	-4.97774
5.94	-5.05682
5.945	-5.13406
5.95	-5.20947
5.955	-5.283
5.96	-5.35462
5.965	-5.42428
5.97	-5.49198
5.975	-5.55771
5.98	-5.62148
5.985	-5.68331
5.99	-5.74318
5.995	-5.80109
6	-5.85703
6.005	-5.91097
6.01	-5.96291
6.015	-6.01284
6.02	-6.06074
6.025	-6.10663
6.03	-6.15052
6.035	-6.19244
6.04	-6.2324
6.045	-6.27039
6.05	-6.3064
6.055	-6.34037
6.06	-6.37228
6.065	-6.40214
6.07	-6.42996
6.075	-6.4558
6.08	-6.47967
6.085	-6.50158
6.09	-6.52151
6.095	-6.53944
6.1	-6.55537
6.105	-6.56929
6.11	-6.58122
6.115	-6.59119
6.12	-6.59923
6.125	-6.60535
6.13	-6.60956
6.135	-6.61185
6.14	-6.61223
6.145	-6.61069
6.15	-6.60722
6.155	-6.60181
6.16	-6.59449
6.165	-6.58528
6.17	-6.57423
6.175	-6.56137
6.18	-6.54671
6.185	-6.53025
6.19	-6.51196
6.195	-6.49185
6.2	-6.46992
6.205	-6.44622
6.21	-6.4208
6.215	-6.39369
6.22	-6.3649
6.225	-6.33443
6.23	-6.30228
6.235	-6.26843
6.24	-6.2329
6.245	-6.19571
6.25	-6.15688
6.255	-6.11646
6.26	-6.07446
6.265	-6.03094
6.27	-5.98591
6.275	-5.93938
6.28	-5.89138
6.285	-5.84191
6.29	-5.79096
6.295	-5.73857
6.3	-5.68478
6.305	-5.62962
6.31	-5.57312
6.315	-5.51532
6.32	-5.45621
6.325	-5.39577
6.33	-5.33403
6.335	-5.27099
6.34	-5.2067
6.345	-5.14122
6.35	-5.07459
6.355	-5.00686
6.36	-4.93803
6.365	-4.86812
6.37	-4.79715
6.375	-4.72511
6.38	-4.65204
6.385	-4.57797
6.39	-4.50292
6.395	-4.42693
6.4	-4.35003
6.405	-4.27225
6.41	-4.19361
6.415	-4.11413
6.42	-4.03381
6.425	-3.95267
6.43	-3.87075
6.435	-3.78808
6.44	-3.70473
6.445	-3.62075
6.45	-3.53616
6.455	-3.45098
6.46	-3.36521
6.465	-3.27884
6.47	-3.1919
6.475	-3.10442
6.48	-3.01645
6.485	-2.92804
6.49	-2.83922
6.495	-2.75
6.5	-2.6604
6.505	-2.57042
6.51	-2.4801
6.515	-2.38947
6.52	-2.29856
6.525	-2.2074
6.53	-2.11606
6.535	-2.02455
6.54	-1.93292
6.545	-1.8412
6.55	-1.74938
6.555	-1.65748
6.56	-1.56549
6.565	-1.47343
6.57	-1.38135
6.575	-1.28929
6.58	-1.19731
6.585	-1.10543
6.59	-1.01367
6.595	-0.922025
6.6	-0.830501
6.605	-0.739126
6.61	-0.647948
6.615	-0.557022
6.62	-0.466394
6.625	-0.37609
6.63	-0.286125
6.635	-0.196504
6.64	-0.107233
6.645	-0.0183245
6.65	0.070207
6.655	0.158341
6.66	0.246051
6.665	0.333299
6.67	0.420042
6.675	0.506241
6.68	0.591869
6.685	0.676917
6.69	0.761385
6.695	0.845267
6.7	0.928542
6.705	1.01117
6.71	1.09309
6.715	1.17428
6.72	1.25471
6.725	1.33438
6.73	1.41332
6.735	1.49151
6.74	1.56896
6.745	1.64562
6.75	1.72146
6.755	1.79644
6.76	1.87054
6.765	1.94374
6.77	2.01601
6.775	2.08736
6.78	2.15776
6.785	2.22721
6.79	2.2957
6.795	2.36321
6.8	2.42972
6.805	2.49519
6.81	2.55961
6.815	2.62296
6.82	2.68524
6.825	2.74648
6.83	2.80668
6.835	2.86582
6.84	2.92388
6.845	2.9808
6.85	3.03657
6.855	3.09116
6.86	3.14456
6.865	3.1968
6.87	3.24786
6.875	3.29775
6.88	3.34645
6.885	3.39395
6.89	3.44022
6.895	3.48528
6.9	3.5291
6.905	3.57168
6.91	3.61303
6.915	3.65314
6.92	3.69202
6.925	3.72967
6.93	3.76607
6.935	3.80121
6.94	3.83505
6.945	3.86759
6.95	3.89881
6.955	3.92872
6.96	3.95734
6.965	3.98469
6.97	4.01078
6.975	4.0356
6.98	4.05913
6.985	4.08134
6.99	4.10223
6.995	4.12183
7	4.14013
7.005	4.15717
7.01	4.17294
7.015	4.18743
7.02	4.20063
7.025	4.21254
7.03	4.22314
7.035	4.23243
7.04	4.24042
7.045	4.24712
7.05	4.25254
7.055	4.2567
7.06	4.25963
7.065	4.26132
7.07	4.26178
7.075	4.26099
7.08	4.25894
7.085	4.25562
7.09	4.25107
7.095	4.2453
7.1	4.23835
7.105	4.23023
7.11	4.22093
7.115	4.21043
7.12	4.19871
7.125	4.18578
7.13	4.17166
7.135	4.15638
7.14	4.13997
7.145	4.12245
7.15	4.10382
7.155	4.0841
7.16	4.06329
7.165	4.04139
7.17	4.01839
7.175	3.99432
7.18	3.96917
7.185	3.94298
7.19	3.91577
7.195	3.88756
7.2	3.85838
7.205	3.82821
7.21	3.79705
7.215	3.76489
7.22	3.73175
7.225	3.69765
7.23	3.66263
7.235	3.62675
7.24	3.59001
7.245	3.55243
7.25	3.51398
7.255	3.47467
7.26	3.43451
7.265	3.39352
7.27	3.35174
7.275	3.30918
7.28	3.26587
7.285	3.22182
7.29	3.17704
7.295	3.13156
7.3	3.08537
7.305	3.03849
7.31	2.99092
7.315	2.94268
7.32	2.89381
7.325	2.84434
7.33	2.79431
7.335	2.74373
7.34	2.69262
7.345	2.64097
7.35	2.58876
7.355	2.53602
7.36	2.48278
7.365	2.42908
7.37	2.37495
7.375	2.32041
7.38	2.26547
7.385	2.21012
7.39	2.15438
7.395	2.09826
7.4	2.04178
7.405	1.98498
7.41	1.92788
7.415	1.8705
7.42	1.81287
7.425	1.75501
7.43	1.69694
7.435	1.63866
7.44	1.58017
7.445	1.52149
7.45	1.46263
7.455	1.40362
7.46	1.34449
7.465	1.28527
7.47	1.22599
7.475	1.16666
7.48	1.10726
7.485	1.0478
7.49	0.988295
7.495	0.928774
7.5	0.869278
7.505	0.809844
7.51	0.750493
7.515	0.691236
7.52	0.632073
7.525	0.573006
7.53	0.514046
7.535	0.455208
7.54	0.396512
7.545	0.33798
7.55	0.279636
7.555	0.221501
7.56	0.163594
7.565	0.105931
7.57	0.0485195
7.575	-0.00863773
7.58	-0.0655348
7.585	-0.122156
7.59	-0.178473
7.595	-0.23445
7.6	-0.290052
7.605	-0.345263
7.61	-0.40008
7.615	-0.454517
7.62	-0.508582
7.625	-0.562271
7.63	-0.615562
7.635	-0.668422
7.64	-0.72082
7.645	-0.772734
7.65	-0.824157
7.655	-0.875086
7.66	-0.925519
7.665	-0.975448
7.67	-1.02486
7.675	-1.07374
7.68	-1.12206
7.685	-1.16982
7.69	-1.21698
7.695	-1.26354
7.7	-1.30948
7.705	-1.35482
7.71	-1.39955
7.715	-1.44368
7.72	-1.48722
7.725	-1.53013
7.73	-1.5724
7.735	-1.61398
7.74	-1.65485
7.745	-1.69503
7.75	-1.73451
7.755	-1.77332
7.76	-1.81145
7.765	-1.84888
7.77	-1.88557
7.775	-1.92152
7.78	-1.95671
7.785	-1.99114
7.79	-2.02481
7.795	-2.05775
7.8	-2.08995
7.805	-2.1214
7.81	-2.15211
7.815	-2.18205
7.82	-2.21123
7.825	-2.23961
7.83	-2.26719
7.835	-2.29395
7.84	-2.31989
7.845	-2.34503
7.85	-2.36937
7.855	-2.39293
7.86	-2.41569
7.865	-2.43763
7.87	-2.45872
7.875	-2.47897
7.88	-2.49839
7.885	-2.51701
7.89	-2.53484
7.895	-2.55188
7.9	-2.56813
7.905	-2.58356
7.91	-2.59815
7.915	-2.61189
7.92	-2.62478
7.925	-2.63684
7.93	-2.64806
7.935	-2.65844
7.94	-2.66801
7.945	-2.67676
7.95	-2.68469
7.955	-2.69182
7.96	-2.69813
7.965	-2.70362
7.97	-2.70829
7.975	-2.71214
7.98	-2.7152
7.985	-2.71749
7.99	-2.71902
7.995	-2.71975
8	-2.71969
8.005	-2.7188
8.01	-2.71708
8.015	-2.71456
8.02	-2.71125
8.025	-2.70718
8.03	-2.70235
8.035	-2.69678
8.04	-2.69045
8.045	-2.68337
8.05	-2.67554
8.055	-2.66697
8.06	-2.65767
8.065	-2.64765
8.07	-2.63691
8.075	-2.62547
8.08	-2.61333
8.085	-2.6005
8.09	-2.58697
8.095	-2.57273
8.1	-2.55779
8.105	-2.54213
8.11	-2.52579
8.115	-2.50878
8.12	-2.49115
8.125	-2.47291
8.13	-2.45406
8.135	-2.4346
8.14	-2.41451
8.145	-2.39381
8.15	-2.37249
8.155	-2.35059
8.16	-2.32812
8.165	-2.3051
8.17	-2.28152
8.175	-2.25738
8.18	-2.23269
8.185	-2.20744
8.19	-2.18165
8.195	-2.15532
8.2	-2.12848
8.205	-2.10115
8.21	-2.07335
8.215	-2.0451
8.22	-2.01642
8.225	-1.98731
8.23	-1.95777
8.235	-1.92778
8.24	-1.89736
8.245	-1.8665
8.25	-1.83524
8.255	-1.8036
8.26	-1.7716
8.265	-1.73925
8.27	-1.70654
8.275	-1.67346
8.28	-1.64002
8.285	-1.60624
8.29	-1.57214
8.295	-1.53777
8.3	-1.50314
8.305	-1.46827
8.31	-1.43314
8.315	-1.39778
8.32	-1.36217
8.325	-1.32632
8.33	-1.29024
8.335	-1.25394
8.34	-1.21743
8.345	-1.18074
8.35	-1.14387
8.355	-1.10686
8.36	-1.06971
8.365	-1.03241
8.37	-0.994979
8.375	-0.957407
8.38	-0.919719
8.385	-0.88195
8.39	-0.844131
8.395	-0.806283
8.4	-0.768406
8.405	-0.730489
8.41	-0.69252
8.415	-0.6545
8.42	-0.616445
8.425	-0.578379
8.43	-0.540323
8.435	-0.502294
8.44	-0.4643
8.445	-0.426347
8.45	-0.388447
8.455	-0.350612
8.46	-0.312853
8.465	-0.275178
8.47	-0.237598
8.475	-0.200124
8.48	-0.162778
8.485	-0.12558
8.49	-0.0885452
8.495	-0.051675
8.5	-0.0149589
8.505	0.0216146
8.51	0.0580459
8.515	0.0943175
8.52	0.130399
8.525	0.16626
8.53	0.201882
8.535	0.237261
8.54	0.272403
8.545	0.307312
8.55	0.341978
8.555	0.376387
8.56	0.410518
8.565	0.444355
8.57	0.477891
8.575	0.511121
8.58	0.544041
8.585	0.576645
8.59	0.60893
8.595	0.640896
8.6	0.672543
8.605	0.703868
8.61	0.734859
8.615	0.765493
8.62	0.795746
8.625	0.8256
8.63	0.855051
8.635	0.884108
8.64	0.91278
8.645	0.941068
8.65	0.968959
8.655	0.996432
8.66	1.02347
8.665	1.05006
8.67	1.0762
8.675	1.10191
8.68	1.12719
8.685	1.15205
8.69	1.17647
8.695	1.20044
8.7	1.22396
8.705	1.247
8.71	1.26956
8.715	1.29164
8.72	1.31321
8.725	1.33429
8.73	1.35487
8.735	1.37497
8.74	1.39459
8.745	1.41371
8.75	1.43234
8.755	1.45045
8.76	1.46803
8.765	1.48509
8.77	1.50164
8.775	1.51769
8.78	1.53325
8.785	1.54832
8.79	1.56286
8.795	1.57687
8.8	1.59033
8.805	1.60324
8.81	1.6156
8.815	1.62744
8.82	1.63876
8.825	1.64955
8.83	1.65982
8.835	1.66955
8.84	1.67876
8.845	1.68742
8.85	1.69555
8.855	1.70314
8.86	1.7102
8.865	1.71672
8.87	1.72273
8.875	1.72824
8.88	1.73323
8.885	1.73769
8.89	1.7416
8.895	1.74496
8.9	1.74777
8.905	1.75005
8.91	1.75181
8.915	1.75308
8.92	1.75385
8.925	1.75412
8.93	1.75386
8.935	1.75307
8.94	1.75177
8.945	1.74997
8.95	1.74767
8.955	1.74489
8.96	1.74163
8.965	1.73788
8.97	1.73365
8.975	1.72893
8.98	1.72371
8.985	1.71801
8.99	1.71182
8.995	1.70514
9	1.69799
9.005	1.69039
9.01	1.68236
9.015	1.6739
9.02	1.665
9.025	1.65564
9.03	1.64583
9.035	1.63557
9.04	1.62489
9.045	1.61379
9.05	1.60231
9.055	1.59044
9.06	1.57815
9.065	1.56545
9.07	1.55233
9.075	1.53881
9.08	1.52489
9.085	1.5106
9.09	1.49594
9.095	1.48092
9.1	1.46554
9.105	1.44983
9.11	1.43378
9.115	1.4174
9.12	1.40067
9.125	1.38361
9.13	1.36622
9.135	1.34851
9.14	1.33051
9.145	1.31222
9.15	1.29366
9.155	1.2748
9.16	1.25564
9.165	1.23617
9.17	1.21642
9.175	1.19641
9.18	1.17615
9.185	1.15567
9.19	1.13498
9.195	1.11406
9.2	1.09292
9.205	1.07156
9.21	1.05
9.215	1.02822
9.22	1.00625
9.225	0.984093
9.23	0.961751
9.235	0.939238
9.24	0.916564
9.245	0.893735
9.25	0.870751
9.255	0.847609
9.26	0.824313
9.265	0.800875
9.27	0.777319
9.275	0.75367
9.28	0.729943
9.285	0.706144
9.29	0.682266
9.295	0.658299
9.3	0.634239
9.305	0.610092
9.31	0.585876
9.315	0.561606
9.32	0.537298
9.325	0.512956
9.33	0.488583
9.335	0.464179
9.34	0.439749
9.345	0.415299
9.35	0.39084
9.355	0.366384
9.36	0.341944
9.365	0.317533
9.37	0.293165
9.375	0.268848
9.38	0.244585
9.385	0.220372
9.39	0.196202
9.395	0.172071
9.4	0.147984
9.405	0.123959
9.41	0.100014
9.415	0.0761673
9.42	0.0524271
9.425	0.0287903
9.43	0.00525026
9.435	-0.0181945
9.44	-0.0415346
9.445	-0.0647507
9.45	-0.0878214
9.455	-0.110731
9.46	-0.133475
9.465	-0.156057
9.47	-0.178483
9.475	-0.200758
9.48	-0.22288
9.485	-0.244845
9.49	-0.266649
9.495	-0.288281
9.5	-0.309732
9.505	-0.330988
9.51	-0.352033
9.515	-0.372861
9.52	-0.393472
9.525	-0.41387
9.53	-0.43406
9.535	-0.454035
9.54	-0.473781
9.545	-0.493275
9.55	-0.512505
9.555	-0.531472
9.56	-0.550189
9.565	-0.568672
9.57	-0.586929
9.575	-0.604953
9.58	-0.622728
9.585	-0.640236
9.59	-0.657464
9.595	-0.674408
9.6	-0.691067
9.605	-0.70744
9.61	-0.723522
9.615	-0.739311
9.62	-0.754803
9.625	-0.770001
9.63	-0.784904
9.635	-0.799506
9.64	-0.813797
9.645	-0.827769
9.65	-0.841423
9.655	-0.854768
9.66	-0.867818
9.665	-0.880582
9.67	-0.893054
9.675	-0.905213
9.68	-0.91704
9.685	-0.928519
9.69	-0.939649
9.695	-0.95044
9.7	-0.960902
9.705	-0.971041
9.71	-0.980851
9.715	-0.990324
9.72	-0.999455
9.725	-1.00824
9.73	-1.0167
9.735	-1.02481
9.74	-1.0326
9.745	-1.04005
9.75	-1.04717
9.755	-1.05397
9.76	-1.06044
9.765	-1.06658
9.77	-1.07237
9.775	-1.07782
9.78	-1.08289
9.785	-1.0876
9.79	-1.09195
9.795	-1.09597
9.8	-1.09966
9.805	-1.10303
9.81	-1.10607
9.815	-1.10876
9.82	-1.11111
9.825	-1.11312
9.83	-1.1148
9.835	-1.11616
9.84	-1.1172
9.845	-1.11792
9.85	-1.11832
9.855	-1.11839
9.86	-1.11811
9.865	-1.1175
9.87	-1.11655
9.875	-1.11526
9.88	-1.11364
9.885	-1.11169
9.89	-1.10944
9.895	-1.10689
9.9	-1.10405
9.905	-1.10091
9.91	-1.09746
9.915	-1.0937
9.92	-1.08963
9.925	-1.08526
9.93	-1.08061
9.935	-1.07567
9.94	-1.07046
9.945	-1.06496
9.95	-1.05916
9.955	-1.05305
9.96	-1.04664
9.965	-1.03994
9.97	-1.03296
9.975	-1.02573
9.98	-1.01824
9.985	-1.01051
9.99	-1.00253
9.995	-0.994298
10	-0.985822
10.005	-0.977097
10.01	-0.968124
10.015	-0.958904
10.02	-0.949444
10.025	-0.939752
10.03	-0.929837
10.035	-0.919701
10.04	-0.909341
10.045	-0.89875
10.05	-0.887923
10.055	-0.876867
10.06	-0.865599
10.065	-0.854141
10.07	-0.842513
10.075	-0.830722
10.08	-0.818761
10.085	-0.806619
10.09	-0.794289
10.095	-0.781771
10.1	-0.769076
10.105	-0.756217
10.11	-0.7432
10.115	-0.73003
10.12	-0.716706
10.125	-0.703229
10.13	-0.689603
10.135	-0.675833
10.14	-0.661924
10.145	-0.64788
10.15	-0.633708
10.155	-0.619418
10.16	-0.605027
10.165	-0.59055
10.17	-0.575991
10.175	-0.561346
10.18	-0.546602
10.185	-0.531749
10.19	-0.516787
10.195	-0.501732
10.2	-0.486602
10.205	-0.471413
10.21	-0.456167
10.215	-0.440861
10.22	-0.425486
10.225	-0.410042
10.23	-0.39454
10.235	-0.378995
10.24	-0.363421
10.245	-0.347828
10.25	-0.332219
10.255	-0.316596
10.26	-0.300962
10.265	-0.285321
10.27	-0.269671
10.275	-0.254009
10.28	-0.238331
10.285	-0.222638
10.29	-0.206939
10.295	-0.191253
10.3	-0.175596
10.305	-0.159973
10.31	-0.144383
10.315	-0.128817
10.32	-0.113272
10.325	-0.0977563
10.33	-0.0822865
10.335	-0.0668809
10.34	-0.05155
10.345	-0.0362931
10.35	-0.0211024
10.355	-0.00597017
10.36	0.00910548
10.365	0.0241201
10.37	0.0390662
10.375	0.0539372
10.38	0.0687281
10.385	0.0834331
10.39	0.0980444
10.395	0.112553
10.4	0.126951
10.405	0.141238
10.41	0.155416
10.415	0.169489
10.42	0.183455
10.425	0.197302
10.43	0.211016
10.435	0.224587
10.44	0.238012
10.445	0.251302
10.45	0.264466
10.455	0.277514
10.46	0.290441
10.465	0.303235
10.47	0.315881
10.475	0.328366
10.48	0.340685
10.485	0.352841
10.49	0.364835
10.495	0.376667
10.5	0.388336
10.505	0.399836
10.51	0.411163
10.515	0.422315
10.52	0.433289
10.525	0.444081
10.53	0.454686
10.535	0.465105
10.54	0.47534
10.545	0.485399
10.55	0.49529
10.555	0.50501
10.56	0.514548
10.565	0.523888
10.57	0.533015
10.575	0.541922
10.58	0.550614
10.585	0.559103
10.59	0.5674
10.595	0.575505
10.6	0.58341
10.605	0.591104
10.61	0.598579
10.615	0.605834
10.62	0.612876
10.625	0.619711
10.63	0.626345
10.635	0.632776
10.64	0.639004
10.645	0.645023
10.65	0.65083
10.655	0.656421
10.66	0.661787
10.665	0.666922
10.67	0.671823
10.675	0.676493
10.68	0.680944
10.685	0.685187
10.69	0.689225
10.695	0.693053
10.7	0.696659
10.705	0.700033
10.71	0.703174
10.715	0.706091
10.72	0.708801
10.725	0.711312
10.73	0.713624
10.735	0.715727
10.74	0.717607
10.745	0.719257
10.75	0.720676
10.755	0.721868
10.76	0.722841
10.765	0.723597
10.77	0.724138
10.775	0.724466
10.78	0.724586
10.785	0.724503
10.79	0.724217
10.795	0.723725
10.8	0.723021
10.805	0.722105
10.81	0.720981
10.815	0.71966
10.82	0.718153
10.825	0.716461
10.83	0.714575
10.835	0.71248
10.84	0.710166
10.845	0.707634
10.85	0.704895
10.855	0.701967
10.86	0.698861
10.865	0.695581
10.87	0.692122
10.875	0.688479
10.88	0.684649
10.885	0.680638
10.89	0.676452
10.895	0.672096
10.9	0.667569
10.905	0.662871
10.91	0.658004
10.915	0.652972
10.92	0.647778
10.925	0.642421
10.93	0.636896
10.935	0.631195
10.94	0.62532
10.945	0.61928
10.95	0.613093
10.955	0.606774
10.96	0.600331
10.965	0.593758
10.97	0.587045
10.975	0.580186
10.98	0.573181
10.985	0.566041
10.99	0.558777
10.995	0.551397
11	0.5439
11.005	0.536281
11.01	0.528535
11.015	0.520662
11.02	0.512666
11.025	0.50455
11.03	0.496321
11.035	0.487983
11.04	0.479543
11.045	0.471012
11.05	0.4624
11.055	0.453715
11.06	0.444953
11.065	0.436108
11.07	0.427171
11.075	0.418138
11.08	0.409017
11.085	0.399821
11.09	0.390562
11.095	0.381243
11.1	0.371859
11.105	0.362403
11.11	0.35287
11.115	0.343264
11.12	0.333598
11.125	0.323886
11.13	0.314141
11.135	0.304367
11.14	0.294567
11.145	0.284738
11.15	0.274879
11.155	0.264988
11.16	0.255064
11.165	0.245105
11.17	0.235113
11.175	0.22509
11.18	0.215046
11.185	0.20499
11.19	0.194929
11.195	0.184864
11.2	0.174791
11.205	0.164704
11.21	0.154607
11.215	0.14451
11.22	0.134429
11.225	0.124379
11.23	0.114365
11.235	0.104382
11.24	0.0944192
11.245	0.0844661
11.25	0.0745197
11.255	0.0645854
11.26	0.0546733
11.265	0.0447927
11.27	0.0349486
11.275	0.025142
11.28	0.0153735
11.285	0.00564573
11.29	-0.00403667
11.295	-0.013669
11.3	-0.0232481
11.305	-0.0327715
11.31	-0.0422351
11.315	-0.0516322
11.32	-0.0609552
11.325	-0.0702006
11.33	-0.0793721
11.335	-0.0884802
11.34	-0.097536
11.345	-0.106544
11.35	-0.115497
11.355	-0.124379
11.36	-0.133174
11.365	-0.141874
11.37	-0.15048
11.375	-0.158999
11.38	-0.167437
11.385	-0.175791
11.39	-0.184051
11.395	-0.192207
11.4	-0.200252
11.405	-0.208189
11.41	-0.216021
11.415	-0.223754
11.42	-0.23139
11.425	-0.238927
11.43	-0.246366
11.435	-0.253711
11.44	-0.260962
11.445	-0.268113
11.45	-0.275153
11.455	-0.282067
11.46	-0.288847
11.465	-0.295493
11.47	-0.302014
11.475	-0.30842
11.48	-0.314714
11.485	-0.320888
11.49	-0.326932
11.495	-0.332836
11.5	-0.338602
11.505	-0.344239
11.51	-0.349759
11.515	-0.355168
11.52	-0.360466
11.525	-0.365643
11.53	-0.370691
11.535	-0.375605
11.54	-0.380381
11.545	-0.385016
11.55	-0.389507
11.555	-0.393848
11.56	-0.398039
11.565	-0.402085
11.57	-0.405997
11.575	-0.40978
11.58	-0.413434
11.585	-0.416952
11.59	-0.420325
11.595	-0.423551
11.6	-0.426636
11.605	-0.429591
11.61	-0.432425
11.615	-0.435137
11.62	-0.437718
11.625	-0.440153
11.63	-0.442432
11.635	-0.444551
11.64	-0.446514
11.645	-0.44833
11.65	-0.450003
11.655	-0.451538
11.66	-0.452935
11.665	-0.454196
11.67	-0.455323
11.675	-0.456319
11.68	-0.457181
11.685	-0.457907
11.69	-0.458494
11.695	-0.458944
11.7	-0.459262
11.705	-0.459452
11.71	-0.459515
11.715	-0.459446
11.72	-0.459234
11.725	-0.45887
11.73	-0.458352
11.735	-0.457686
11.74	-0.456885
11.745	-0.455962
11.75	-0.454925
11.755	-0.453773
11.76	-0.452501
11.765	-0.451102
11.77	-0.449574
11.775	-0.447919
11.78	-0.446144
11.785	-0.444251
11.79	-0.442244
11.795	-0.440119
11.8	-0.437873
11.805	-0.435504
11.81	-0.43301
11.815	-0.430389
11.82	-0.427642
11.825	-0.424773
11.83	-0.421787
11.835	-0.418696
11.84	-0.415509
11.845	-0.412233
11.85	-0.408868
11.855	-0.405406
11.86	-0.401838
11.865	-0.398159
11.87	-0.39437
11.875	-0.390481
11.88	-0.386503
11.885	-0.382439
11.89	-0.378286
11.895	-0.374035
11.9	-0.369679
11.905	-0.365219
11.91	-0.360661
11.915	-0.356017
11.92	-0.351299
11.925	-0.346512
11.93	-0.341656
11.935	-0.336732
11.94	-0.33174
11.945	-0.326679
11.95	-0.321548
11.955	-0.316343
11.96	-0.311059
11.965	-0.305698
11.97	-0.300266
11.975	-0.294774
11.98	-0.28923
11.985	-0.283634
11.99	-0.277977
11.995	-0.272253
12	-0.266458
12.005	-0.260602
12.01	-0.254702
12.015	-0.248771
12.02	-0.242816
12.025	-0.236833
12.03	-0.230811
12.035	-0.224744
12.04	-0.21863
12.045	-0.212475
12.05	-0.206285
12.055	-0.200062
12.06	-0.193806
12.065	-0.187517
12.07	-0.181199
12.075	-0.174859
12.08	-0.168501
12.085	-0.162125
12.09	-0.155725
12.095	-0.1493
12.1	-0.142856
12.105	-0.136404
12.11	-0.129959
12.115	-0.123526
12.12	-0.117102
12.125	-0.110674
12.13	-0.104232
12.135	-0.0977704
12.14	-0.0912968
12.145	-0.0848225
12.15	-0.0783574
12.155	-0.071905
12.16	-0.0654634
12.165	-0.0590298
12.17	-0.0526042
12.175	-0.0461908
12.18	-0.0397944
12.185	-0.0334185
12.19	-0.0270647
12.195	-0.0207349
12.2	-0.0144334
12.205	-0.00816564
12.21	-0.00193496
12.215	0.00426085
12.22	0.0104294
12.225	0.0165793
12.23	0.0227138
12.235	0.0288278
12.24	0.0349094
12.245	0.0409462
12.25	0.0469315
12.255	0.0528666
12.26	0.0587578
12.265	0.0646108
12.27	0.0704259
12.275	0.0761971
12.28	0.0819157
12.285	0.0875743
12.29	0.0931703
12.295	0.0987052
12.3	0.104183
12.305	0.109607
12.31	0.11498
12.315	0.120304
12.32	0.125578
12.325	0.130801
12.33	0.135968
12.335	0.141072
12.34	0.146106
12.345	0.151065
12.35	0.155949
12.355	0.160761
12.36	0.165507
12.365	0.17019
12.37	0.174806
12.375	0.179347
12.38	0.183804
12.385	0.188174
12.39	0.192459
12.395	0.196669
12.4	0.200816
12.405	0.204905
12.41	0.208931
12.415	0.212885
12.42	0.216757
12.425	0.22054
12.43	0.224232
12.435	0.227836
12.44	0.231355
12.445	0.234789
12.45	0.238138
12.455	0.2414
12.46	0.244577
12.465	0.247668
12.47	0.250673
12.475	0.253588
12.48	0.256411
12.485	0.259143
12.49	0.261791
12.495	0.264365
12.5	0.266869
12.505	0.2693
12.51	0.271645
12.515	0.27389
12.52	0.276025
12.525	0.278054
12.53	0.279985
12.535	0.281829
12.54	0.283593
12.545	0.285272
12.55	0.28686
12.555	0.288351
12.56	0.289745
12.565	0.291047
12.57	0.292264
12.575	0.293398
12.58	0.294448
12.585	0.295414
12.59	0.296297
12.595	0.297097
12.6	0.297813
12.605	0.298439
12.61	0.298963
12.615	0.29938
12.62	0.299691
12.625	0.299905
12.63	0.300037
12.635	0.300096
12.64	0.30008
12.645	0.299982
12.65	0.299792
12.655	0.299507
12.66	0.299134
12.665	0.298683
12.67	0.298162
12.675	0.297571
12.68	0.296903
12.685	0.29615
12.69	0.295307
12.695	0.294374
12.7	0.293352
12.705	0.292243
12.71	0.291044
12.715	0.28976
12.72	0.288395
12.725	0.286959
12.73	0.285461
12.735	0.283903
12.74	0.282278
12.745	0.280579
12.75	0.278799
12.755	0.276941
12.76	0.275014
12.765	0.273026
12.77	0.270981
12.775	0.268872
12.78	0.26669
12.785	0.264425
12.79	0.262076
12.795	0.25965
12.8	0.257158
12.805	0.254607
12.81	0.252002
12.815	0.249346
12.82	0.246638
12.825	0.24388
12.83	0.241071
12.835	0.238211
12.84	0.235297
12.845	0.232325
12.85	0.229294
12.855	0.226209
12.86	0.223075
12.865	0.219894
12.87	0.216667
12.875	0.213386
12.88	0.210046
12.885	0.206645
12.89	0.203191
12.895	0.199696
12.9	0.196173
12.905	0.19263
12.91	0.189067
12.915	0.185476
12.92	0.181849
12.925	0.17818
12.93	0.17447
12.935	0.170723
12.94	0.166944
12.945	0.163136
12.95	0.159297
12.955	0.155428
12.96	0.151526
12.965	0.147594
12.97	0.143633
12.975	0.139646
12.98	0.135635
12.985	0.131606
12.99	0.127566
12.995	0.123523
13	0.119481
13.005	0.11544
13.01	0.11139
13.015	0.10732
13.02	0.103223
13.025	0.0991
13.03	0.0949586
13.035	0.0908105
13.04	0.0866634
13.045	0.0825177
13.05	0.0783676
13.055	0.074207
13.06	0.0700348
13.065	0.0658573
13.07	0.0616846
13.075	0.0575255
13.08	0.0533843
13.085	0.0492599
13.09	0.0451493
13.095	0.0410497
13.1	0.0369587
13.105	0.0328735
13.11	0.0287899
13.115	0.0247043
13.12	0.020617
13.125	0.0165346
13.13	0.0124679
13.135	0.00842672
13.14	0.00441422
13.145	0.000425737
13.15	-0.0035468
13.155	-0.00750764
13.16	-0.0114524
13.165	-0.0153698
13.17	-0.0192478
13.175	-0.0230821
13.18	-0.0268777
13.185	-0.0306462
13.19	-0.0343979
13.195	-0.0381366
13.2	-0.041859
13.205	-0.0455586
13.21	-0.0492302
13.215	-0.0528714
13.22	-0.0564803
13.225	-0.0600534
13.23	-0.0635853
13.235	-0.0670715
13.24	-0.070512
13.245	-0.0739114
13.25	-0.0772747
13.255	-0.0806031
13.26	-0.0838913
13.265	-0.0871309
13.27	-0.090317
13.275	-0.0934526
13.28	-0.0965484
13.285	-0.0996159
13.29	-0.10266
13.295	-0.105676
13.3	-0.108651
13.305	-0.111574
13.31	-0.114437
13.315	-0.117242
13.32	-0.119993
13.325	-0.122694
13.33	-0.125345
13.335	-0.127943
13.34	-0.130487
13.345	-0.132978
13.35	-0.135416
13.355	-0.137805
13.36	-0.140142
13.365	-0.142426
13.37	-0.144656
13.375	-0.146838
13.38	-0.148978
13.385	-0.151077
13.39	-0.153133
13.395	-0.155135
13.4	-0.157071
13.405	-0.158933
13.41	-0.160722
13.415	-0.162447
13.42	-0.164118
13.425	-0.16574
13.43	-0.167312
13.435	-0.168828
13.44	-0.170283
13.445	-0.171675
13.45	-0.173008
13.455	-0.174288
13.46	-0.175518
13.465	-0.1767
13.47	-0.177832
13.475	-0.178911
13.48	-0.179933
13.485	-0.180896
13.49	-0.181793
13.495	-0.182622
13.5	-0.183378
13.505	-0.184066
13.51	-0.18469
13.515	-0.185262
13.52	-0.185787
13.525	-0.186267
13.53	-0.186695
13.535	-0.187065
13.54	-0.18737
13.545	-0.187613
13.55	-0.1878
13.555	-0.187941
13.56	-0.188038
13.565	-0.188089
13.57	-0.188086
13.575	-0.188018
13.58	-0.18788
13.585	-0.187673
13.59	-0.187402
13.595	-0.187074
13.6	-0.186694
13.605	-0.186266
13.61	-0.185791
13.615	-0.18527
13.62	-0.184704
13.625	-0.18409
13.63	-0.183425
13.635	-0.182707
13.64	-0.181933
13.645	-0.181108
13.65	-0.180238
13.655	-0.179327
13.66	-0.178375
13.665	-0.177373
13.67	-0.176313
13.675	-0.175187
13.68	-0.173997
13.685	-0.172755
13.69	-0.171473
13.695	-0.17016
13.7	-0.168818
13.705	-0.167442
13.71	-0.166024
13.715	-0.16456
13.72	-0.163052
13.725	-0.161503
13.73	-0.159915
13.735	-0.15829
13.74	-0.156625
13.745	-0.15492
13.75	-0.153174
13.755	-0.15139
13.76	-0.149567
13.765	-0.1477
13.77	-0.145789
13.775	-0.143834
13.78	-0.141843
13.785	-0.139829
13.79	-0.1378
13.795	-0.135756
13.8	-0.133692
13.805	-0.131595
13.81	-0.129458
13.815	-0.127282
13.82	-0.125075
13.825	-0.122845
13.83	-0.120596
13.835	-0.118326
13.84	-0.116028
13.845	-0.113698
13.85	-0.111335
13.855	-0.108944
13.86	-0.106529
13.865	-0.104097
13.87	-0.101647
13.875	-0.099183
13.88	-0.0967084
13.885	-0.0942271
13.89	-0.0917401
13.895	-0.0892433
13.9	-0.0867287
13.905	-0.0841893
13.91	-0.0816239
13.915	-0.0790389
13.92	-0.0764438
13.925	-0.0738458
13.93	-0.0712447
13.935	-0.0686336
13.94	-0.0660047
13.945	-0.0633551
13.95	-0.06069
13.955	-0.0580198
13.96	-0.0553547
13.965	-0.0526999
13.97	-0.0500541
13.975	-0.0474125
13.98	-0.0447705
13.985	-0.0421254
13.99	-0.0394763
13.995	-0.0368222
14	-0.0341621
14.005	-0.0314958
14.01	-0.0288263
14.015	-0.026159
14.02	-0.0234999
14.025	-0.0208513
14.03	-0.0182109
14.035	-0.0155736
14.04	-0.0129359
14.045	-0.0103003
14.05	-0.0076753
14.055	-0.00507118
14.06	-0.00249413
14.065	5.74859e-05
14.07	0.0025923
14.075	0.00512094
14.08	0.00765028
14.085	0.0101804
14.09	0.0127059
14.095	0.0152193
14.1	0.0177153
14.105	0.0201919
14.11	0.0226493
14.115	0.0250883
14.12	0.0275087
14.125	0.02991
14.13	0.0322915
14.135	0.0346524
14.14	0.0369912
14.145	0.0393044
14.15	0.0415882
14.155	0.04384
14.16	0.0460616
14.165	0.0482599
14.17	0.0504434
14.175	0.0526187
14.18	0.0547854
14.185	0.0569365
14.19	0.059061
14.195	0.06115
14.2	0.0632007
14.205	0.0652167
14.21	0.0672044
14.215	0.0691681
14.22	0.0711072
14.225	0.0730166
14.23	0.0748902
14.235	0.0767244
14.24	0.0785203
14.245	0.0802821
14.25	0.0820146
14.255	0.0837217
14.26	0.0854054
14.265	0.0870667
14.27	0.0887053
14.275	0.0903192
14.28	0.0919034
14.285	0.0934505
14.29	0.0949533
14.295	0.0964088
14.3	0.0978199
14.305	0.0991939
14.31	0.100538
14.315	0.101854
14.32	0.103137
14.325	0.104381
14.33	0.105579
14.335	0.106732
14.34	0.10785
14.345	0.108942
14.35	0.110014
14.355	0.111064
14.36	0.112085
14.365	0.113068
14.37	0.114008
14.375	0.114902
14.38	0.115753
14.385	0.11656
14.39	0.117324
14.395	0.118045
14.4	0.118727
14.405	0.119373
14.41	0.119988
14.415	0.120571
14.42	0.12112
14.425	0.121627
14.43	0.122093
14.435	0.122521
14.44	0.122922
14.445	0.123302
14.45	0.123658
14.455	0.123982
14.46	0.124259
14.465	0.124483
14.47	0.124653
14.475	0.124776
14.48	0.124863
14.485	0.124918
14.49	0.124942
14.495	0.124932
14.5	0.124888
14.505	0.124809
14.51	0.124699
14.515	0.124558
14.52	0.124386
14.525	0.12418
14.53	0.12394
14.535	0.12367
14.54	0.123372
14.545	0.123045
14.55	0.122684
14.555	0.122278
14.56	0.121822
14.565	0.121316
14.57	0.120769
14.575	0.120194
14.58	0.119602
14.585	0.118992
14.59	0.118359
14.595	0.117697
14.6	0.117
14.605	0.116271
14.61	0.115513
14.615	0.114731
14.62	0.113925
14.625	0.113093
14.63	0.112232
14.635	0.111339
14.64	0.110414
14.645	0.109454
14.65	0.108459
14.655	0.107427
14.66	0.106363
14.665	0.105272
14.67	0.104164
14.675	0.103048
14.68	0.101922
14.685	0.100783
14.69	0.0996213
14.695	0.0984298
14.7	0.0972077
14.705	0.0959598
14.71	0.0946926
14.715	0.0934099
14.72	0.0921106
14.725	0.0907892
14.73	0.0894398
14.735	0.0880592
14.74	0.0866493
14.745	0.0852158
14.75	0.0837663
14.755	0.0823071
14.76	0.0808422
14.765	0.0793729
14.77	0.077898
14.775	0.0764146
14.78	0.0749186
14.785	0.0734057
14.79	0.0718725
14.795	0.0703183
14.8	0.0687453
14.805	0.0671579
14.81	0.0655604
14.815	0.0639545
14.82	0.0623379
14.825	0.0607062
14.83	0.0590563
14.835	0.0573896
14.84	0.0557133
14.845	0.0540375
14.85	0.0523702
14.855	0.0507132
14.86	0.0490612
14.865	0.0474049
14.87	0.0457363
14.875	0.0440525
14.88	0.0423557
14.885	0.0406508
14.89	0.0389415
14.895	0.037229
14.9	0.0355128
14.905	0.0337928
14.91	0.0320702
14.915	0.0303469
14.92	0.0286239
14.925	0.0269009
14.93	0.0251785
14.935	0.02346
14.94	0.0217513
14.945	0.0200582
14.95	0.0183814
14.955	0.0167148
14.96	0.0150476
14.965	0.01337
14.97	0.0116794
14.975	0.00998195
14.98	0.00828827
14.985	0.00660697
14.99	0.00493997
14.995	0.00328299
15	0.00163042
15.005	-1.96362e-05
15.01	-0.00166369
15.015	-0.00329553
15.02	-0.00491041
15.025	-0.00650736
15.03	-0.00808804
15.035	-0.00965413
15.04	-0.011206
15.045	-0.0127439
15.05	-0.0142711
15.055	-0.0157935
15.06	-0.0173175
15.065	-0.0188446
15.07	-0.0203686
15.075	-0.0218784
15.08	-0.0233634
15.085	-0.02482
15.09	-0.0262531
15.095	-0.0276715
15.1	-0.0290811
15.105	-0.0304807
15.11	-0.0318627
15.115	-0.0332192
15.12	-0.0345472
15.125	-0.0358504
15.13	-0.0371362
15.135	-0.038411
15.14	-0.0396774
15.145	-0.0409343
15.15	-0.04218
15.155	-0.0434131
15.16	-0.044632
15.165	-0.0458331
15.17	-0.0470104
15.175	-0.0481578
15.18	-0.0492727
15.185	-0.0503586
15.19	-0.0514227
15.195	-0.0524716
15.2	-0.0535066
15.205	-0.0545227
15.21	-0.0555128
15.215	-0.0564723
15.22	-0.0574033
15.225	-0.0583135
15.23	-0.0592114
15.235	-0.0601016
15.24	-0.0609822
15.245	-0.0618466
15.25	-0.0626871
15.255	-0.0634978
15.26	-0.0642765
15.265	-0.0650236
15.27	-0.0657409
15.275	-0.0664306
15.28	-0.0670954
15.285	-0.067738
15.29	-0.0683601
15.295	-0.0689622
15.3	-0.0695424
15.305	-0.0700981
15.31	-0.0706279
15.315	-0.0711328
15.32	-0.0716171
15.325	-0.0720858
15.33	-0.0725415
15.335	-0.0729822
15.34	-0.0734014
15.345	-0.0737903
15.35	-0.0741422
15.355	-0.0744556
15.36	-0.0747347
15.365	-0.0749873
15.37	-0.0752205
15.375	-0.0754378
15.38	-0.0756377
15.385	-0.0758161
15.39	-0.0759694
15.395	-0.0760965
15.4	-0.0761999
15.405	-0.0762831
15.41	-0.076349
15.415	-0.0763981
15.42	-0.0764287
15.425	-0.0764383
15.43	-0.0764238
15.435	-0.0763821
15.44	-0.0763099
15.445	-0.0762047
15.45	-0.0760665
15.455	-0.0758994
15.46	-0.0757111
15.465	-0.0755093
15.47	-0.0752981
15.475	-0.075075
15.48	-0.074833
15.485	-0.0745648
15.49	-0.0742683
15.495	-0.073948
15.5	-0.0736116
15.505	-0.073265
15.51	-0.0729076
15.515	-0.0725327
15.52	-0.0721317
15.525	-0.0716991
15.53	-0.0712353
15.535	-0.0707444
15.54	-0.0702318
15.545	-0.0697007
15.55	-0.0691533
15.555	-0.0685915
15.56	-0.0680184
15.565	-0.0674366
15.57	-0.0668455
15.575	-0.0662405
15.58	-0.0656151
15.585	-0.0649655
15.59	-0.0642937
15.595	-0.0636066
15.6	-0.062911
15.605	-0.0622082
15.61	-0.0614919
15.615	-0.0607523
15.62	-0.0599823
15.625	-0.0591828
15.63	-0.0583624
15.635	-0.0575322
15.64	-0.0566996
15.645	-0.0558658
15.65	-0.055027
15.655	-0.0541787
15.66	-0.0533188
15.665	-0.0524472
15.67	-0.0515642
15.675	-0.0506685
15.68	-0.049758
15.685	-0.0488323
15.69	-0.0478939
15.695	-0.0469466
15.7	-0.0459925
15.705	-0.0450294
15.71	-0.0440514
15.715	-0.0430537
15.72	-0.0420368
15.725	-0.0410084
15.73	-0.0399794
15.735	-0.0389582
15.74	-0.037946
15.745	-0.0369365
15.75	-0.0359206
15.755	-0.0348918
15.76	-0.0338491
15.765	-0.0327959
15.77	-0.0317367
15.775	-0.030674
15.78	-0.029607
15.785	-0.0285338
15.79	-0.0274532
15.795	-0.0263655
15.8	-0.0252715
15.805	-0.024172
15.81	-0.0230678
15.815	-0.0219608
15.82	-0.0208555
15.825	-0.0197573
15.83	-0.0186704
15.835	-0.0175944
15.84	-0.0165238
15.845	-0.0154498
15.85	-0.0143656
15.855	-0.013269
15.86	-0.0121642
15.865	-0.0110584
15.87	-0.00995753
15.875	-0.00886337
15.88	-0.00777295
15.885	-0.0066815
15.89	-0.0055861
15.895	-0.00448798
15.9	-0.0033922
15.905	-0.00230517
15.91	-0.00123167
15.915	-0.000173102
15.92	0.000872452
15.925	0.00190892
15.93	0.0029407
15.935	0.00397161
15.94	0.00500446
15.945	0.00604062
15.95	0.00707948
15.955	0.00811807
15.96	0.00915149
15.965	0.0101747
15.97	0.0111849
15.975	0.0121828
15.98	0.0131722
15.985	0.0141571
15.99	0.0151383
15.995	0.0161117
16	0.0170703
16.005	0.0180078
16.01	0.0189233
16.015	0.0198223
16.02	0.0207142
16.025	0.0216076
16.03	0.0225057
16.035	0.0234055
16.04	0.0243003
16.045	0.025184
16.05	0.0260534
16.055	0.0269081
16.06	0.027749
16.065	0.0285761
16.07	0.0293885
16.075	0.0301861
16.08	0.0309694
16.085	0.0317398
16.09	0.0324971
16.095	0.033239
16.1	0.0339622
16.105	0.0346661
16.11	0.0353549
16.115	0.0360369
16.12	0.0367201
16.125	0.0374072
16.13	0.0380928
16.135	0.038766
16.14	0.0394163
16.145	0.0400393
16.15	0.040638
16.155	0.0412191
16.16	0.0417881
16.165	0.0423457
16.17	0.0428885
16.175	0.0434125
16.18	0.0439167
16.185	0.0444035
16.19	0.0448763
16.195	0.0453375
16.2	0.0457876
16.205	0.046227
16.21	0.0466576
16.215	0.047082
16.22	0.0475008
16.225	0.04791
16.23	0.0483009
16.235	0.0486642
16.24	0.0489958
16.245	0.0492991
16.25	0.0495834
16.255	0.0498578
16.26	0.050126
16.265	0.0503844
16.27	0.0506261
16.275	0.0508464
16.28	0.0510464
16.285	0.0512322
16.29	0.0514107
16.295	0.0515852
16.3	0.0517537
16.305	0.0519114
16.31	0.0520534
16.315	0.0521768
16.32	0.0522797
16.325	0.0523605
16.33	0.0524168
16.335	0.052448
16.34	0.0524569
16.345	0.05245
16.35	0.0524345
16.355	0.0524149
16.36	0.0523898
16.365	0.0523532
16.37	0.0522992
16.375	0.052226
16.38	0.0521375
16.385	0.0520405
16.39	0.0519395
16.395	0.0518335
16.4	0.0517157
16.405	0.0515774
16.41	0.0514125
16.415	0.0512204
16.42	0.0510053
16.425	0.0507733
16.43	0.0505295
16.435	0.0502772
16.44	0.0500179
16.445	0.0497522
16.45	0.04948
16.455	0.0492003
16.46	0.0489105
16.465	0.0486078
16.47	0.0482907
16.475	0.04796
16.48	0.0476187
16.485	0.0472694
16.49	0.0469118
16.495	0.0465416
16.5	0.0461525
16.505	0.0457395
16.51	0.0453028
16.515	0.0448481
16.52	0.044385
16.525	0.0439217
16.53	0.0434619
16.535	0.0430037
16.54	0.0425411
16.545	0.0420684
16.55	0.0415827
16.555	0.0410843
16.56	0.040576
16.565	0.0400597
16.57	0.039536
16.575	0.0390035
16.58	0.0384602
16.585	0.0379045
16.59	0.0373354
16.595	0.0367525
16.6	0.0361561
16.605	0.0355483
16.61	0.0349336
16.615	0.0343182
16.62	0.0337081
16.625	0.0331057
16.63	0.032508
16.635	0.0319074
16.64	0.0312954
16.645	0.0306672
16.65	0.0300239
16.655	0.0293716
16.66	0.0287169
16.665	0.0280624
16.67	0.0274054
16.675	0.0267402
16.68	0.0260624
16.685	0.025372
16.69	0.0246739
16.695	0.0239748
16.7	0.0232798
16.705	0.022591
16.71	0.0219076
16.715	0.0212284
16.72	0.0205516
16.725	0.0198752
16.73	0.0191953
16.735	0.0185071
16.74	0.017807
16.745	0.0170954
16.75	0.0163775
16.755	0.0156606
16.76	0.0149495
16.765	0.0142434
16.77	0.0135368
16.775	0.0128234
16.78	0.0121019
16.785	0.0113773
16.79	0.0106588
16.795	0.00995393
16.8	0.00926426
16.805	0.0085846
16.81	0.00790681
16.815	0.00722447
16.82	0.00653549
16.825	0.00584134
16.83	0.00514438
16.835	0.00444593
16.84	0.00374657
16.845	0.00304774
16.85	0.0023525
16.855	0.00166421
16.86	0.000984107
16.865	0.000310054
16.87	-0.000361872
16.875	-0.00103376
16.88	-0.00170307
16.885	-0.00236334
16.89	-0.00300828
16.895	-0.00363665
16.9	-0.00425412
16.905	-0.00487062
16.91	-0.00549465
16.915	-0.00612858
16.92	-0.00676791
16.925	-0.00740466
16.93	-0.00803221
16.935	-0.00864829
16.94	-0.0092544
16.945	-0.00985306
16.95	-0.0104453
16.955	-0.0110304
16.96	-0.0116069
16.965	-0.0121744
16.97	-0.0127332
16.975	-0.0132834
16.98	-0.0138235
16.985	-0.0143521
16.99	-0.0148694
16.995	-0.0153792
17	-0.0158879
17.005	-0.016401
17.01	-0.0169198
17.015	-0.0174392
17.02	-0.0179505
17.025	-0.0184453
17.03	-0.0189204
17.035	-0.0193785
17.04	-0.0198257
17.045	-0.0202673
17.05	-0.0207047
17.055	-0.0211352
17.06	-0.0215543
17.065	-0.0219591
17.07	-0.0223496
17.075	-0.0227286
17.08	-0.0231002
17.085	-0.0234679
17.09	-0.0238336
17.095	-0.024198
17.1	-0.0245603
17.105	-0.0249181
17.11	-0.0252673
17.115	-0.0256028
17.12	-0.0259202
17.125	-0.026218
17.13	-0.0264983
17.135	-0.0267664
17.14	-0.0270277
17.145	-0.0272849
17.15	-0.0275368
17.155	-0.0277789
17.16	-0.0280068
17.165	-0.0282194
17.17	-0.0284198
17.175	-0.0286145
17.18	-0.028809
17.185	-0.0290054
17.19	-0.0292005
17.195	-0.0293876
17.2	-0.02956
17.205	-0.0297133
17.21	-0.0298473
17.215	-0.0299641
17.22	-0.0300672
17.225	-0.0301595
17.23	-0.0302432
17.235	-0.0303195
17.24	-0.0303895
17.245	-0.0304531
17.25	-0.0305087
17.255	-0.0305545
17.26	-0.0305893
17.265	-0.0306141
17.27	-0.0306327
17.275	-0.0306493
17.28	-0.0306651
17.285	-0.030677
17.29	-0.0306773
17.295	-0.030658
17.3	-0.0306152
17.305	-0.0305511
17.31	-0.0304729
17.315	-0.0303886
17.32	-0.0303028
17.325	-0.030215
17.33	-0.0301216
17.335	-0.0300193
17.34	-0.0299073
17.345	-0.0297872
17.35	-0.0296612
17.355	-0.0295305
17.36	-0.0293942
17.365	-0.0292515
17.37	-0.0291016
17.375	-0.0289444
17.38	-0.0287781
17.385	-0.028599
17.39	-0.0284025
17.395	-0.0281864
17.4	-0.0279534
17.405	-0.0277113
17.41	-0.027469
17.415	-0.0272319
17.42	-0.0269988
17.425	-0.0267633
17.43	-0.0265181
17.435	-0.0262603
17.44	-0.0259924
17.445	-0.0257199
17.45	-0.0254468
17.455	-0.025173
17.46	-0.0248938
17.465	-0.0246037
17.47	-0.0242996
17.475	-0.0239814
17.48	-0.023651
17.485	-0.0233106
17.49	-0.0229619
17.495	-0.0226072
17.5	-0.0222506
17.505	-0.0218967
17.51	-0.0215487
17.515	-0.0212054
17.52	-0.0208613
17.525	-0.0205089
17.53	-0.0201442
17.535	-0.0197681
17.54	-0.0193864
17.545	-0.0190045
17.55	-0.018624
17.555	-0.0182408
17.56	-0.0178479
17.565	-0.0174402
17.57	-0.017018
17.575	-0.0165864
17.58	-0.0161528
17.585	-0.0157232
17.59	-0.0152998
17.595	-0.0148822
17.6	-0.0144683
17.605	-0.0140562
17.61	-0.0136436
17.615	-0.0132276
17.62	-0.012805
17.625	-0.0123737
17.63	-0.0119343
17.635	-0.0114901
17.64	-0.0110449
17.645	-0.0106005
17.65	-0.0101552
17.655	-0.00970486
17.66	-0.00924593
17.665	-0.00877887
17.67	-0.00830884
17.675	-0.00784351
17.68	-0.00738926
17.685	-0.00694791
17.69	-0.00651609
17.695	-0.00608726
17.7	-0.00565498
17.705	-0.00521545
17.71	-0.0047682
17.715	-0.0043152
17.72	-0.00385912
17.725	-0.00340216
17.73	-0.00294554
17.735	-0.00248962
17.74	-0.00203424
17.745	-0.00157898
17.75	-0.00112357
17.755	-0.000668466
17.76	-0.000215366
17.765	0.000232675
17.77	0.000672079
17.775	0.00110036
17.78	0.00151783
17.785	0.00192833
17.79	0.00233828
17.795	0.00275416
17.8	0.00317958
17.805	0.00361356
17.81	0.00405108
17.815	0.0044857
17.82	0.00491288
17.825	0.00533199
17.83	0.0057458
17.835	0.00615795
17.84	0.00656998
17.845	0.00697998
17.85	0.0073836
17.855	0.00777665
17.86	0.0081575
17.865	0.00852777
17.87	0.00889119
17.875	0.00925176
17.88	0.00961264
17.885	0.00997598
17.89	0.0103432
17.895	0.0107148
17.9	0.0110894
17.905	0.0114628
17.91	0.0118293
17.915	0.0121837
17.92	0.0125245
17.925	0.0128548
17.93	0.01318
17.935	0.0135038
17.94	0.0138258
17.945	0.0141409
17.95	0.0144432
17.955	0.0147309
17.96	0.0150077
17.965	0.0152816
17.97	0.01556
17.975	0.0158458
17.98	0.0161363
17.985	0.0164262
17.99	0.0167104
17.995	0.0169862
18	0.0172528
18.005	0.0175094
18.01	0.0177545
18.015	0.017987
18.02	0.0182084
18.025	0.0184222
18.03	0.0186327
18.035	0.0188414
18.04	0.0190458
18.045	0.0192412
18.05	0.0194251
18.055	0.0195999
18.06	0.0197727
18.065	0.0199508
18.07	0.0201369
18.075	0.0203263
18.08	0.0205097
18.085	0.0206786
18.09	0.0208295
18.095	0.0209644
18.1	0.0210885
18.105	0.0212057
18.11	0.0213171
18.115	0.021422
18.12	0.0215201
18.125	0.0216124
18.13	0.021701
18.135	0.0217863
18.14	0.0218671
18.145	0.0219419
18.15	0.0220108
18.155	0.0220771
18.16	0.0221444
18.165	0.0222138
18.17	0.0222815
18.175	0.0223392
18.18	0.0223792
18.185	0.0223983
18.19	0.0224003
18.195	0.0223929
18.2	0.0223837
18.205	0.0223761
18.21	0.0223685
18.215	0.0223571
18.22	0.0223389
18.225	0.0223139
18.23	0.022284
18.235	0.0222516
18.24	0.0222177
18.245	0.0221818
18.25	0.0221427
18.255	0.0220988
18.26	0.0220481
18.265	0.0219881
18.27	0.0219155
18.275	0.0218281
18.28	0.021726
18.285	0.0216133
18.29	0.0214961
18.295	0.0213804
18.3	0.0212693
18.305	0.0211615
18.31	0.0210527
18.315	0.0209382
18.32	0.0208152
18.325	0.0206847
18.33	0.0205496
18.335	0.0204133
18.34	0.0202766
18.345	0.0201375
18.35	0.0199913
18.355	0.0198335
18.36	0.0196616
18.365	0.0194764
18.37	0.019282
18.375	0.0190834
18.38	0.0188852
18.385	0.0186898
18.39	0.0184976
18.395	0.0183073
18.4	0.0181171
18.405	0.0179246
18.41	0.0177277
18.415	0.0175245
18.42	0.0173142
18.425	0.017098
18.43	0.0168782
18.435	0.0166566
18.44	0.0164328
18.445	0.0162036
18.45	0.0159644
18.455	0.0157126
18.46	0.0154502
18.465	0.0151837
18.47	0.0149212
18.475	0.0146682
18.48	0.0144243
18.485	0.0141844
18.49	0.0139421
18.495	0.0136933
18.5	0.0134378
18.505	0.0131779
18.51	0.0129156
18.515	0.0126506
18.52	0.0123816
18.525	0.0121075
18.53	0.0118288
18.535	0.011547
18.54	0.0112626
18.545	0.0109747
18.55	0.0106817
18.555	0.0103846
18.56	0.0100878
18.565	0.00979821
18.57	0.00952035
18.575	0.00925321
18.58	0.00898969
18.585	0.00872056
18.59	0.00843986
18.595	0.00814816
18.6	0.00785129
18.605	0.00755569
18.61	0.00726394
18.615	0.0069737
18.62	0.00668041
18.625	0.00638132
18.63	0.0060776
18.635	0.00577317
18.64	0.00547173
18.645	0.00517481
18.65	0.00488217
18.655	0.00459377
18.66	0.0043109
18.665	0.00403504
18.67	0.00376526
18.675	0.00349683
18.68	0.00322282
18.685	0.00293813
18.69	0.00264307
18.695	0.00234349
18.7	0.00204718
18.705	0.00175885
18.71	0.00147755
18.715	0.00119803
18.72	0.000915254
18.725	0.000628366
18.73	0.000341409
18.735	6.0567e-05
18.74	-0.000209821
18.745	-0.000469546
18.75	-0.000721906
18.755	-0.000971226
18.76	-0.00122074
18.765	-0.00147219
18.77	-0.00172666
18.775	-0.00198528
18.78	-0.00224864
18.785	-0.00251546
18.79	-0.00278205
18.795	-0.00304355
18.8	-0.00329649
18.805	-0.00354082
18.81	-0.00377975
18.815	-0.0040173
18.82	-0.00425526
18.825	-0.00449162
18.83	-0.00472179
18.835	-0.00494171
18.84	-0.00515078
18.845	-0.00535261
18.85	-0.00555335
18.855	-0.00575858
18.86	-0.00597086
18.865	-0.00618897
18.87	-0.00640909
18.875	-0.00662676
18.88	-0.00683856
18.885	-0.00704276
18.89	-0.00723917
18.895	-0.00742851
18.9	-0.00761187
18.905	-0.0077903
18.91	-0.00796453
18.915	-0.00813466
18.92	-0.00830011
18.925	-0.00845984
18.93	-0.00861315
18.935	-0.00876059
18.94	-0.00890457
18.945	-0.00904895
18.95	-0.00919756
18.955	-0.00935216
18.96	-0.00951097
18.965	-0.00966881
18.97	-0.0098191
18.975	-0.0099569
18.98	-0.0100811
18.985	-0.0101948
18.99	-0.0103029
18.995	-0.0104093
19	-0.0105146
19.005	-0.0106166
19.01	-0.0107121
19.015	-0.0107999
19.02	-0.0108817
19.025	-0.0109608
19.03	-0.0110408
19.035	-0.0111232
19.04	-0.0112077
19.045	-0.0112927
19.05	-0.0113766
19.055	-0.0114576
19.06	-0.0115329
19.065	-0.0115986
19.07	-0.0116514
19.075	-0.0116905
19.08	-0.0117191
19.085	-0.0117432
19.09	-0.0117684
19.095	-0.0117967
19.1	-0.0118254
19.105	-0.0118493
19.11	-0.0118651
19.115	-0.0118737
19.12	-0.0118802
19.125	-0.0118903
19.13	-0.0119061
19.135	-0.011925
19.14	-0.0119409
19.145	-0.0119481
19.15	-0.0119436
19.155	-0.011928
19.16	-0.0119032
19.165	-0.0118705
19.17	-0.0118309
19.175	-0.011786
19.18	-0.0117385
19.185	-0.0116922
19.19	-0.0116494
19.195	-0.0116087
19.2	-0.0115663
19.205	-0.0115182
19.21	-0.0114635
19.215	-0.0114054
19.22	-0.0113488
19.225	-0.0112964
19.23	-0.0112457
19.235	-0.0111898
19.24	-0.0111215
19.245	-0.0110374
19.25	-0.0109397
19.255	-0.0108347
19.26	-0.0107286
19.265	-0.0106247
19.27	-0.0105232
19.275	-0.0104226
19.28	-0.0103222
19.285	-0.0102219
19.29	-0.010122
19.295	-0.0100214
19.3	-0.00991797
19.305	-0.00981021
19.31	-0.00969825
19.315	-0.00958385
19.32	-0.00946842
19.325	-0.00935084
19.33	-0.00922713
19.335	-0.00909264
19.34	-0.00894538
19.345	-0.00878825
19.35	-0.00862812
19.355	-0.00847247
19.36	-0.00832554
19.365	-0.00818656
19.37	-0.00805106
19.375	-0.00791396
19.38	-0.0077724
19.385	-0.00762645
19.39	-0.00747782
19.395	-0.00732791
19.4	-0.00717661
19.405	-0.00702256
19.41	-0.00686416
19.415	-0.00670035
19.42	-0.00653069
19.425	-0.00635514
19.43	-0.00617406
19.435	-0.00598878
19.44	-0.00580217
19.445	-0.0056184
19.45	-0.00544149
19.455	-0.00527333
19.46	-0.0051124
19.465	-0.00495411
19.47	-0.00479289
19.475	-0.00462478
19.48	-0.0044491
19.485	-0.00426823
19.49	-0.00408566
19.495	-0.00390365
19.5	-0.00372184
19.505	-0.00353774
19.51	-0.00334846
19.515	-0.00315286
19.52	-0.00295263
19.525	-0.00275178
19.53	-0.00255497
19.535	-0.00236558
19.54	-0.00218462
19.545	-0.00201068
19.55	-0.00184083
19.555	-0.00167169
19.56	-0.00150018
19.565	-0.00132394
19.57	-0.00114168
19.575	-0.000953511
19.58	-0.000761072
19.585	-0.000567111
19.59	-0.000374299
19.595	-0.000183855
19.6	5.10222e-06
19.605	0.000194787
19.61	0.000386801
19.615	0.00058024
19.62	0.00077129
19.625	0.000954926
19.63	0.00112783
19.635	0.0012907
19.64	0.0014483
19.645	0.0016072
19.65	0.00177254
19.655	0.00194586
19.66	0.00212529
19.665	0.00230745
19.67	0.00248961
19.675	0.00267059
19.68	0.00285017
19.685	0.00302801
19.69	0.0032032
19.695	0.00337485
19.7	0.00354284
19.705	0.00370783
19.71	0.00387017
19.715	0.00402883
19.72	0.00418151
19.725	0.00432636
19.73	0.00446433
19.735	0.00460004
19.74	0.00474008
19.745	0.00488953
19.75	0.00504889
19.755	0.00521362
19.76	0.00537682
19.765	0.00553308
19.77	0.00568108
19.775	0.00582316
19.78	0.00596261
19.785	0.0061009
19.79	0.00623677
19.795	0.00636763
19.8	0.00649184
19.805	0.00660984
19.81	0.00672357
19.815	0.00683501
19.82	0.0069453
19.825	0.00705528
19.83	0.00716657
19.835	0.00728175
19.84	0.00740295
19.845	0.00752963
19.85	0.0076575
19.855	0.00778001
19.86	0.00789161
19.865	0.0079909
19.87	0.00808117
19.875	0.00816798
19.88	0.00825535
19.885	0.00834345
19.89	0.00842907
19.895	0.00850859
19.9	0.00858096
19.905	0.00864871
19.91	0.00871636
19.915	0.0087877
19.92	0.00886399
19.925	0.00894398
19.93	0.00902528
19.935	0.00910555
19.94	0.00918275
19.945	0.00925464
19.95	0.00931858
19.955	0.00937253
19.96	0.00941649
19.965	0.00945326
19.97	0.00948738
19.975	0.00952272
19.98	0.00956032
19.985	0.00959798
19.99	0.00963225
19.995	0.00966121
