0	0
0.005	0
0.01	0
0.015	0
0.02	0
0.025	0
0.03	0
0.035	0
0.04	0
0.045	0
0.05	0
0.055	0
0.06	0
0.065	0
0.07	0
0.075	0
0.08	0
0.085	0
0.09	0
0.095	0
0.1	0
0.105	0
0.11	0
0.115	0
0.12	0
0.125	0
0.13	0
0.135	0
0.14	0
0.145	0
0.15	0
0.155	0
0.16	0
0.165	0
0.17	0
0.175	0
0.18	0
0.185	0
0.19	0
0.195	0
0.2	0
0.205	0
0.21	0
0.215	0
0.22	0
0.225	0
0.23	0
0.235	0
0.24	0
0.245	0
0.25	0
0.255	0
0.26	0
0.265	0
0.27	0
0.275	0
0.28	0
0.285	0
0.29	0
0.295	0
0.3	-1.8115e-47
0.305	-1.45169e-45
0.31	-5.89258e-44
0.315	-1.61624e-42
0.32	-3.37055e-41
0.325	-5.6993e-40
0.33	-8.1347e-39
0.335	-1.00717e-37
0.34	-1.10297e-36
0.345	-1.08392e-35
0.35	-9.6649e-35
0.355	-7.88718e-34
0.36	-5.93152e-33
0.365	-4.1339e-32
0.37	-2.68219e-31
0.375	-1.62621e-30
0.38	-9.24129e-30
0.385	-4.93368e-29
0.39	-2.47863e-28
0.395	-1.17286e-27
0.4	-5.22706e-27
0.405	-2.19125e-26
0.41	-8.61346e-26
0.415	-3.15489e-25
0.42	-1.06374e-24
0.425	-3.22015e-24
0.43	-8.23726e-24
0.435	-1.43485e-23
0.44	9.96817e-24
0.445	2.59889e-22
0.45	1.67456e-21
0.455	8.22074e-21
0.46	3.5259e-20
0.465	1.38472e-19
0.47	5.09071e-19
0.475	1.77371e-18
0.48	5.90256e-18
0.485	1.88595e-17
0.49	5.80769e-17
0.495	1.72864e-16
0.5	4.98439e-16
0.505	1.39483e-15
0.51	3.79397e-15
0.515	1.00436e-14
0.52	2.59056e-14
0.525	6.51677e-14
0.53	1.60023e-13
0.535	3.83871e-13
0.54	9.00218e-13
0.545	2.06516e-12
0.55	4.63727e-12
0.555	1.0198e-11
0.56	2.19753e-11
0.565	4.64233e-11
0.57	9.61867e-11
0.575	1.95552e-10
0.58	3.9026e-10
0.585	7.64826e-10
0.59	1.47249e-09
0.595	2.78598e-09
0.6	5.18196e-09
0.605	9.47861e-09
0.61	1.70558e-08
0.615	3.02006e-08
0.62	5.26391e-08
0.625	9.03405e-08
0.63	1.52709e-07
0.635	2.54322e-07
0.64	4.17409e-07
0.645	6.75336e-07
0.65	1.0774e-06
0.655	1.69533e-06
0.66	2.63188e-06
0.665	4.03206e-06
0.67	6.09749e-06
0.675	9.1044e-06
0.68	1.34258e-05
0.685	1.95579e-05
0.69	2.81522e-05
0.695	4.00513e-05
0.7	5.63302e-05
0.705	7.83418e-05
0.71	0.000107765
0.715	0.000146656
0.72	0.000197498
0.725	0.00026325
0.73	0.000347396
0.735	0.000453974
0.74	0.000587614
0.745	0.000753548
0.75	0.000957616
0.755	0.00120625
0.76	0.00150645
0.765	0.00186573
0.77	0.00229207
0.775	0.00279381
0.78	0.00337963
0.785	0.00405838
0.79	0.00483905
0.795	0.00573065
0.8	0.00674214
0.805	0.00788237
0.81	0.00916001
0.815	0.0105835
0.82	0.0121611
0.825	0.0139009
0.83	0.0158107
0.835	0.0178981
0.84	0.0201708
0.845	0.0226363
0.85	0.0253023
0.855	0.0281763
0.86	0.0312662
0.865	0.03458
0.87	0.0381258
0.875	0.041912
0.88	0.0459471
0.885	0.0502398
0.89	0.0547989
0.895	0.0596329
0.9	0.0647506
0.905	0.0701604
0.91	0.0758705
0.915	0.0818891
0.92	0.0882238
0.925	0.094882
0.93	0.101871
0.935	0.109198
0.94	0.116868
0.945	0.12489
0.95	0.13327
0.955	0.142013
0.96	0.151126
0.965	0.160616
0.97	0.17049
0.975	0.180753
0.98	0.191413
0.985	0.202475
0.99	0.213947
0.995	0.225835
1	0.238144
1.005	0.250881
1.01	0.264052
1.015	0.277663
1.02	0.291718
1.025	0.306222
1.03	0.32118
1.035	0.336598
1.04	0.352478
1.045	0.368825
1.05	0.385644
1.055	0.402937
1.06	0.420708
1.065	0.438961
1.07	0.457699
1.075	0.476926
1.08	0.496643
1.085	0.516854
1.09	0.53756
1.095	0.558766
1.1	0.580471
1.105	0.602678
1.11	0.625387
1.115	0.648601
1.12	0.672318
1.125	0.696541
1.13	0.721268
1.135	0.746499
1.14	0.772235
1.145	0.798474
1.15	0.825215
1.155	0.852458
1.16	0.880201
1.165	0.908442
1.17	0.937179
1.175	0.966411
1.18	0.996134
1.185	1.02634
1.19	1.05704
1.195	1.08822
1.2	1.11987
1.205	1.152
1.21	1.18459
1.215	1.21765
1.22	1.25117
1.225	1.28514
1.23	1.31955
1.235	1.3544
1.24	1.38969
1.245	1.4254
1.25	1.46153
1.255	1.49807
1.26	1.53502
1.265	1.57236
1.27	1.61009
1.275	1.6482
1.28	1.68668
1.285	1.72552
1.29	1.76471
1.295	1.80423
1.3	1.84408
1.305	1.88425
1.31	1.92472
1.315	1.96548
1.32	2.00652
1.325	2.04783
1.33	2.08938
1.335	2.13118
1.34	2.17319
1.345	2.21542
1.35	2.25783
1.355	2.30043
1.36	2.34319
1.365	2.3861
1.37	2.42913
1.375	2.47228
1.38	2.51553
1.385	2.55886
1.39	2.60225
1.395	2.64568
1.4	2.68914
1.405	2.73261
1.41	2.77606
1.415	2.81948
1.42	2.86286
1.425	2.90617
1.43	2.94939
1.435	2.9925
1.44	3.03548
1.445	3.07832
1.45	3.12098
1.455	3.16346
1.46	3.20572
1.465	3.24776
1.47	3.28954
1.475	3.33104
1.48	3.37224
1.485	3.41313
1.49	3.45367
1.495	3.49385
1.5	3.53365
1.505	3.57303
1.51	3.61198
1.515	3.65048
1.52	3.6885
1.525	3.72602
1.53	3.76302
1.535	3.79947
1.54	3.83536
1.545	3.87065
1.55	3.90533
1.555	3.93938
1.56	3.97276
1.565	4.00546
1.57	4.03745
1.575	4.06872
1.58	4.09923
1.585	4.12896
1.59	4.15789
1.595	4.186
1.6	4.21326
1.605	4.23966
1.61	4.26516
1.615	4.28975
1.62	4.31341
1.625	4.33611
1.63	4.35783
1.635	4.37855
1.64	4.39825
1.645	4.4169
1.65	4.43449
1.655	4.451
1.66	4.46639
1.665	4.48066
1.67	4.49378
1.675	4.50574
1.68	4.5165
1.685	4.52606
1.69	4.5344
1.695	4.54149
1.7	4.54731
1.705	4.55186
1.71	4.55511
1.715	4.55705
1.72	4.55765
1.725	4.55691
1.73	4.5548
1.735	4.55132
1.74	4.54645
1.745	4.54016
1.75	4.53245
1.755	4.52331
1.76	4.51272
1.765	4.50067
1.77	4.48714
1.775	4.47213
1.78	4.45562
1.785	4.43761
1.79	4.41807
1.795	4.39702
1.8	4.37443
1.805	4.35029
1.81	4.32461
1.815	4.29737
1.82	4.26857
1.825	4.2382
1.83	4.20626
1.835	4.17275
1.84	4.13765
1.845	4.10097
1.85	4.0627
1.855	4.02285
1.86	3.98141
1.865	3.93838
1.87	3.89377
1.875	3.84758
1.88	3.7998
1.885	3.75044
1.89	3.69951
1.895	3.647
1.9	3.59293
1.905	3.5373
1.91	3.48012
1.915	3.42139
1.92	3.36113
1.925	3.29933
1.93	3.23601
1.935	3.17119
1.94	3.10487
1.945	3.03706
1.95	2.96778
1.955	2.89703
1.96	2.82485
1.965	2.75123
1.97	2.67619
1.975	2.59976
1.98	2.52195
1.985	2.44277
1.99	2.36225
1.995	2.2804
2	2.19724
2.005	2.1128
2.01	2.02709
2.015	1.94013
2.02	1.85196
2.025	1.76259
2.03	1.67204
2.035	1.58034
2.04	1.48752
2.045	1.39359
2.05	1.2986
2.055	1.20255
2.06	1.10549
2.065	1.00743
2.07	0.908414
2.075	0.808462
2.08	0.707606
2.085	0.605876
2.09	0.503303
2.095	0.399919
2.1	0.295754
2.105	0.190842
2.11	0.085216
2.115	-0.0210921
2.12	-0.128048
2.125	-0.235618
2.13	-0.343768
2.135	-0.452462
2.14	-0.561666
2.145	-0.671344
2.15	-0.781459
2.155	-0.891975
2.16	-1.00286
2.165	-1.11407
2.17	-1.22556
2.175	-1.33732
2.18	-1.44928
2.185	-1.56143
2.19	-1.67371
2.195	-1.78609
2.2	-1.89853
2.205	-2.01099
2.21	-2.12344
2.215	-2.23583
2.22	-2.34812
2.225	-2.46028
2.23	-2.57226
2.235	-2.68402
2.24	-2.79553
2.245	-2.90675
2.25	-3.01763
2.255	-3.12813
2.26	-3.23822
2.265	-3.34785
2.27	-3.45699
2.275	-3.56559
2.28	-3.67361
2.285	-3.78102
2.29	-3.88778
2.295	-3.99384
2.3	-4.09917
2.305	-4.20373
2.31	-4.30747
2.315	-4.41036
2.32	-4.51237
2.325	-4.61344
2.33	-4.71355
2.335	-4.81266
2.34	-4.91073
2.345	-5.00773
2.35	-5.10361
2.355	-5.19834
2.36	-5.29188
2.365	-5.3842
2.37	-5.47527
2.375	-5.56505
2.38	-5.6535
2.385	-5.74059
2.39	-5.82629
2.395	-5.91056
2.4	-5.99338
2.405	-6.07471
2.41	-6.15452
2.415	-6.23277
2.42	-6.30945
2.425	-6.38452
2.43	-6.45794
2.435	-6.5297
2.44	-6.59977
2.445	-6.66811
2.45	-6.73471
2.455	-6.79954
2.46	-6.86256
2.465	-6.92377
2.47	-6.98313
2.475	-7.04063
2.48	-7.09623
2.485	-7.14992
2.49	-7.20169
2.495	-7.2515
2.5	-7.29934
2.505	-7.34519
2.51	-7.38904
2.515	-7.43087
2.52	-7.47065
2.525	-7.50839
2.53	-7.54405
2.535	-7.57764
2.54	-7.60914
2.545	-7.63853
2.55	-7.6658
2.555	-7.69095
2.56	-7.71397
2.565	-7.73484
2.57	-7.75357
2.575	-7.77014
2.58	-7.78454
2.585	-7.79678
2.59	-7.80685
2.595	-7.81474
2.6	-7.82046
2.605	-7.82399
2.61	-7.82535
2.615	-7.82452
2.62	-7.82152
2.625	-7.81634
2.63	-7.80898
2.635	-7.79946
2.64	-7.78776
2.645	-7.77391
2.65	-7.75791
2.655	-7.73975
2.66	-7.71946
2.665	-7.69703
2.67	-7.67248
2.675	-7.64582
2.68	-7.61706
2.685	-7.5862
2.69	-7.55327
2.695	-7.51828
2.7	-7.48123
2.705	-7.44215
2.71	-7.40105
2.715	-7.35795
2.72	-7.31286
2.725	-7.2658
2.73	-7.21679
2.735	-7.16585
2.74	-7.11299
2.745	-7.05825
2.75	-7.00163
2.755	-6.94317
2.76	-6.88288
2.765	-6.82079
2.77	-6.75692
2.775	-6.69129
2.78	-6.62394
2.785	-6.55488
2.79	-6.48414
2.795	-6.41175
2.8	-6.33773
2.805	-6.26212
2.81	-6.18494
2.815	-6.10623
2.82	-6.026
2.825	-5.94429
2.83	-5.86113
2.835	-5.77655
2.84	-5.69058
2.845	-5.60326
2.85	-5.51461
2.855	-5.42467
2.86	-5.33347
2.865	-5.24104
2.87	-5.14742
2.875	-5.05264
2.88	-4.95673
2.885	-4.85973
2.89	-4.76167
2.895	-4.66259
2.9	-4.56252
2.905	-4.4615
2.91	-4.35957
2.915	-4.25675
2.92	-4.15309
2.925	-4.04862
2.93	-3.94337
2.935	-3.83739
2.94	-3.73071
2.945	-3.62337
2.95	-3.51539
2.955	-3.40683
2.96	-3.29772
2.965	-3.18808
2.97	-3.07797
2.975	-2.96741
2.98	-2.85645
2.985	-2.74512
2.99	-2.63345
2.995	-2.52149
3	-2.40927
3.005	-2.29682
3.01	-2.18419
3.015	-2.07141
3.02	-1.95851
3.025	-1.84553
3.03	-1.73251
3.035	-1.61948
3.04	-1.50649
3.045	-1.39355
3.05	-1.28071
3.055	-1.16801
3.06	-1.05548
3.065	-0.943145
3.07	-0.831051
3.075	-0.719228
3.08	-0.607709
3.085	-0.496528
3.09	-0.385719
3.095	-0.275315
3.1	-0.165347
3.105	-0.055848
3.11	0.0531502
3.115	0.161616
3.12	0.269519
3.125	0.376829
3.13	0.483514
3.135	0.589545
3.14	0.694893
3.145	0.799528
3.15	0.903421
3.155	1.00654
3.16	1.10887
3.165	1.21037
3.17	1.31101
3.175	1.41078
3.18	1.50964
3.185	1.60757
3.19	1.70454
3.195	1.80053
3.2	1.89551
3.205	1.98946
3.21	2.08236
3.215	2.17418
3.22	2.2649
3.225	2.35449
3.23	2.44295
3.235	2.53024
3.24	2.61635
3.245	2.70126
3.25	2.78493
3.255	2.86737
3.26	2.94854
3.265	3.02844
3.27	3.10704
3.275	3.18432
3.28	3.26027
3.285	3.33487
3.29	3.40811
3.295	3.47998
3.3	3.55045
3.305	3.61952
3.31	3.68717
3.315	3.75339
3.32	3.81816
3.325	3.88148
3.33	3.94334
3.335	4.00371
3.34	4.0626
3.345	4.11999
3.35	4.17588
3.355	4.23025
3.36	4.2831
3.365	4.33442
3.37	4.3842
3.375	4.43243
3.38	4.47912
3.385	4.52425
3.39	4.56782
3.395	4.60982
3.4	4.65026
3.405	4.68912
3.41	4.72641
3.415	4.76212
3.42	4.79626
3.425	4.82881
3.43	4.85978
3.435	4.88917
3.44	4.91697
3.445	4.9432
3.45	4.96784
3.455	4.9909
3.46	5.01238
3.465	5.03229
3.47	5.05062
3.475	5.06739
3.48	5.08259
3.485	5.09623
3.49	5.10832
3.495	5.11885
3.5	5.12784
3.505	5.13529
3.51	5.1412
3.515	5.14559
3.52	5.14845
3.525	5.14981
3.53	5.14966
3.535	5.14801
3.54	5.14488
3.545	5.14027
3.55	5.13419
3.555	5.12666
3.56	5.11767
3.565	5.10725
3.57	5.09541
3.575	5.08215
3.58	5.06749
3.585	5.05144
3.59	5.03401
3.595	5.01522
3.6	4.99508
3.605	4.9736
3.61	4.9508
3.615	4.92668
3.62	4.90128
3.625	4.87459
3.63	4.84664
3.635	4.81744
3.64	4.78701
3.645	4.75536
3.65	4.72252
3.655	4.68849
3.66	4.65329
3.665	4.61695
3.67	4.57948
3.675	4.54089
3.68	4.50121
3.685	4.46046
3.69	4.41865
3.695	4.3758
3.7	4.33193
3.705	4.28706
3.71	4.24122
3.715	4.19441
3.72	4.14667
3.725	4.09801
3.73	4.04845
3.735	3.99802
3.74	3.94673
3.745	3.8946
3.75	3.84167
3.755	3.78794
3.76	3.73345
3.765	3.67821
3.77	3.62225
3.775	3.56559
3.78	3.50825
3.785	3.45025
3.79	3.39162
3.795	3.33237
3.8	3.27254
3.805	3.21214
3.81	3.1512
3.815	3.08973
3.82	3.02776
3.825	2.96532
3.83	2.90241
3.835	2.83907
3.84	2.77531
3.845	2.71115
3.85	2.64661
3.855	2.58171
3.86	2.51647
3.865	2.4509
3.87	2.38503
3.875	2.31886
3.88	2.25242
3.885	2.18572
3.89	2.11877
3.895	2.0516
3.9	1.98423
3.905	1.91666
3.91	1.84891
3.915	1.78101
3.92	1.71296
3.925	1.6448
3.93	1.57653
3.935	1.50817
3.94	1.43974
3.945	1.37126
3.95	1.30274
3.955	1.23421
3.96	1.16568
3.965	1.09717
3.97	1.0287
3.975	0.960281
3.98	0.891932
3.985	0.823669
3.99	0.755507
3.995	0.687464
4	0.619556
4.005	0.551798
4.01	0.484208
4.015	0.416801
4.02	0.349594
4.025	0.282605
4.03	0.215848
4.035	0.149342
4.04	0.0831028
4.045	0.0171476
4.05	-0.0485071
4.055	-0.113845
4.06	-0.178849
4.065	-0.243504
4.07	-0.307795
4.075	-0.371705
4.08	-0.435219
4.085	-0.498323
4.09	-0.561001
4.095	-0.623239
4.1	-0.685022
4.105	-0.746336
4.11	-0.807166
4.115	-0.867499
4.12	-0.927319
4.125	-0.986613
4.13	-1.04537
4.135	-1.10357
4.14	-1.1612
4.145	-1.21825
4.15	-1.27471
4.155	-1.33056
4.16	-1.38579
4.165	-1.44039
4.17	-1.49434
4.175	-1.54763
4.18	-1.60025
4.185	-1.65219
4.19	-1.70344
4.195	-1.75398
4.2	-1.8038
4.205	-1.8529
4.21	-1.90126
4.215	-1.94888
4.22	-1.99573
4.225	-2.04182
4.23	-2.08712
4.235	-2.13164
4.24	-2.17536
4.245	-2.21827
4.25	-2.26036
4.255	-2.30163
4.26	-2.34207
4.265	-2.38167
4.27	-2.42041
4.275	-2.4583
4.28	-2.49533
4.285	-2.53149
4.29	-2.56676
4.295	-2.60116
4.3	-2.63466
4.305	-2.66727
4.31	-2.69898
4.315	-2.72978
4.32	-2.75967
4.325	-2.78864
4.33	-2.81669
4.335	-2.84381
4.34	-2.87
4.345	-2.89527
4.35	-2.91959
4.355	-2.94298
4.36	-2.96542
4.365	-2.98693
4.37	-3.00748
4.375	-3.0271
4.38	-3.04576
4.385	-3.06347
4.39	-3.08023
4.395	-3.09604
4.4	-3.1109
4.405	-3.12481
4.41	-3.13776
4.415	-3.14976
4.42	-3.16081
4.425	-3.1709
4.43	-3.18004
4.435	-3.18824
4.44	-3.19548
4.445	-3.20177
4.45	-3.20712
4.455	-3.21153
4.46	-3.21499
4.465	-3.21751
4.47	-3.2191
4.475	-3.21976
4.48	-3.21949
4.485	-3.21829
4.49	-3.21617
4.495	-3.21313
4.5	-3.20918
4.505	-3.20432
4.51	-3.19857
4.515	-3.19191
4.52	-3.18436
4.525	-3.17593
4.53	-3.16661
4.535	-3.15643
4.54	-3.14538
4.545	-3.13347
4.55	-3.1207
4.555	-3.1071
4.56	-3.09265
4.565	-3.07738
4.57	-3.06129
4.575	-3.04438
4.58	-3.02667
4.585	-3.00817
4.59	-2.98888
4.595	-2.96881
4.6	-2.94797
4.605	-2.92637
4.61	-2.90403
4.615	-2.88095
4.62	-2.85713
4.625	-2.8326
4.63	-2.80737
4.635	-2.78144
4.64	-2.75482
4.645	-2.72753
4.65	-2.69958
4.655	-2.67098
4.66	-2.64174
4.665	-2.61188
4.67	-2.58139
4.675	-2.55031
4.68	-2.51863
4.685	-2.48637
4.69	-2.45355
4.695	-2.42017
4.7	-2.38625
4.705	-2.35179
4.71	-2.31682
4.715	-2.28135
4.72	-2.24539
4.725	-2.20895
4.73	-2.17205
4.735	-2.13469
4.74	-2.0969
4.745	-2.05869
4.75	-2.02006
4.755	-1.98104
4.76	-1.94163
4.765	-1.90186
4.77	-1.86173
4.775	-1.82125
4.78	-1.78045
4.785	-1.73933
4.79	-1.6979
4.795	-1.65619
4.8	-1.61421
4.805	-1.57196
4.81	-1.52947
4.815	-1.48674
4.82	-1.4438
4.825	-1.40065
4.83	-1.35732
4.835	-1.3138
4.84	-1.27012
4.845	-1.22629
4.85	-1.18233
4.855	-1.13824
4.86	-1.09404
4.865	-1.04974
4.87	-1.00537
4.875	-0.960919
4.88	-0.916416
4.885	-0.871869
4.89	-0.827292
4.895	-0.782698
4.9	-0.738101
4.905	-0.693514
4.91	-0.64895
4.915	-0.60442
4.92	-0.55994
4.925	-0.51552
4.93	-0.471173
4.935	-0.426913
4.94	-0.382752
4.945	-0.338701
4.95	-0.294774
4.955	-0.250982
4.96	-0.207339
4.965	-0.163855
4.97	-0.120543
4.975	-0.0774157
4.98	-0.0344838
4.985	0.0082405
4.99	0.0507454
4.995	0.0930196
5	0.135052
5.005	0.176831
5.01	0.218347
5.015	0.259588
5.02	0.300544
5.025	0.341204
5.03	0.381557
5.035	0.421593
5.04	0.461301
5.045	0.500671
5.05	0.539694
5.055	0.578358
5.06	0.616655
5.065	0.654575
5.07	0.692108
5.075	0.729246
5.08	0.765978
5.085	0.802297
5.09	0.838193
5.095	0.873659
5.1	0.908687
5.105	0.943268
5.11	0.977394
5.115	1.01106
5.12	1.04425
5.125	1.07697
5.13	1.1092
5.135	1.14094
5.14	1.17219
5.145	1.20293
5.15	1.23316
5.155	1.26287
5.16	1.29206
5.165	1.32072
5.17	1.34885
5.175	1.37644
5.18	1.40349
5.185	1.42999
5.19	1.45594
5.195	1.48132
5.2	1.50615
5.205	1.53041
5.21	1.5541
5.215	1.57721
5.22	1.59974
5.225	1.6217
5.23	1.64307
5.235	1.66385
5.24	1.68405
5.245	1.70365
5.25	1.72266
5.255	1.74108
5.26	1.75889
5.265	1.77611
5.27	1.79272
5.275	1.80874
5.28	1.82415
5.285	1.83895
5.29	1.85315
5.295	1.86675
5.3	1.87973
5.305	1.89212
5.31	1.90389
5.315	1.91505
5.32	1.92561
5.325	1.93557
5.33	1.94491
5.335	1.95365
5.34	1.96179
5.345	1.96932
5.35	1.97626
5.355	1.98259
5.36	1.98832
5.365	1.99345
5.37	1.99799
5.375	2.00194
5.38	2.00529
5.385	2.00805
5.39	2.01022
5.395	2.01181
5.4	2.01281
5.405	2.01323
5.41	2.01307
5.415	2.01234
5.42	2.01103
5.425	2.00916
5.43	2.00672
5.435	2.00372
5.44	2.00016
5.445	1.99605
5.45	1.99139
5.455	1.98618
5.46	1.98043
5.465	1.97414
5.47	1.96731
5.475	1.95996
5.48	1.95208
5.485	1.94368
5.49	1.93477
5.495	1.92534
5.5	1.91541
5.505	1.90498
5.51	1.89406
5.515	1.88264
5.52	1.87074
5.525	1.85837
5.53	1.84551
5.535	1.8322
5.54	1.81842
5.545	1.80418
5.55	1.7895
5.555	1.77438
5.56	1.75881
5.565	1.74282
5.57	1.72641
5.575	1.70958
5.58	1.69233
5.585	1.67469
5.59	1.65665
5.595	1.63822
5.6	1.61941
5.605	1.60022
5.61	1.58066
5.615	1.56075
5.62	1.54047
5.625	1.51986
5.63	1.4989
5.635	1.47761
5.64	1.45599
5.645	1.43406
5.65	1.41182
5.655	1.38929
5.66	1.36645
5.665	1.34333
5.67	1.31994
5.675	1.29627
5.68	1.27235
5.685	1.24817
5.69	1.22374
5.695	1.19907
5.7	1.17418
5.705	1.14906
5.71	1.12373
5.715	1.09819
5.72	1.07245
5.725	1.04652
5.73	1.02042
5.735	0.994133
5.74	0.967686
5.745	0.941081
5.75	0.914328
5.755	0.887434
5.76	0.860408
5.765	0.833257
5.77	0.805991
5.775	0.778618
5.78	0.751145
5.785	0.72358
5.79	0.695933
5.795	0.668211
5.8	0.640421
5.805	0.612573
5.81	0.584674
5.815	0.556733
5.82	0.528758
5.825	0.500757
5.83	0.472737
5.835	0.444708
5.84	0.416676
5.845	0.388649
5.85	0.360637
5.855	0.332645
5.86	0.304683
5.865	0.276757
5.87	0.248876
5.875	0.221047
5.88	0.193279
5.885	0.165578
5.89	0.137953
5.895	0.110412
5.9	0.0829606
5.905	0.0556077
5.91	0.0283602
5.915	0.00122558
5.92	-0.025789
5.925	-0.0526764
5.93	-0.0794292
5.935	-0.10604
5.94	-0.132503
5.945	-0.158809
5.95	-0.184953
5.955	-0.210927
5.96	-0.236725
5.965	-0.26234
5.97	-0.287765
5.975	-0.312994
5.98	-0.33802
5.985	-0.362838
5.99	-0.38744
5.995	-0.411821
6	-0.435973
6.005	-0.459892
6.01	-0.483572
6.015	-0.507006
6.02	-0.530188
6.025	-0.553114
6.03	-0.575777
6.035	-0.598172
6.04	-0.620294
6.045	-0.642138
6.05	-0.663697
6.055	-0.684967
6.06	-0.705943
6.065	-0.72662
6.07	-0.746992
6.075	-0.767056
6.08	-0.786807
6.085	-0.806241
6.09	-0.825353
6.095	-0.844138
6.1	-0.862595
6.105	-0.880717
6.11	-0.898502
6.115	-0.915946
6.12	-0.933046
6.125	-0.949797
6.13	-0.966197
6.135	-0.982242
6.14	-0.99793
6.145	-1.01326
6.15	-1.02822
6.155	-1.04281
6.16	-1.05703
6.165	-1.07089
6.17	-1.08436
6.175	-1.09747
6.18	-1.11019
6.185	-1.12253
6.19	-1.13449
6.195	-1.14607
6.2	-1.15726
6.205	-1.16806
6.21	-1.17847
6.215	-1.18849
6.22	-1.19812
6.225	-1.20736
6.23	-1.2162
6.235	-1.22465
6.24	-1.2327
6.245	-1.24036
6.25	-1.24762
6.255	-1.25449
6.26	-1.26096
6.265	-1.26704
6.27	-1.27271
6.275	-1.278
6.28	-1.28288
6.285	-1.28737
6.29	-1.29146
6.295	-1.29516
6.3	-1.29846
6.305	-1.30137
6.31	-1.30389
6.315	-1.30601
6.32	-1.30775
6.325	-1.3091
6.33	-1.31006
6.335	-1.31063
6.34	-1.31082
6.345	-1.31063
6.35	-1.31006
6.355	-1.30911
6.36	-1.30778
6.365	-1.30607
6.37	-1.304
6.375	-1.30155
6.38	-1.29874
6.385	-1.29555
6.39	-1.29201
6.395	-1.2881
6.4	-1.28384
6.405	-1.27922
6.41	-1.27426
6.415	-1.26894
6.42	-1.26328
6.425	-1.25727
6.43	-1.25093
6.435	-1.24426
6.44	-1.23725
6.445	-1.22991
6.45	-1.22225
6.455	-1.21427
6.46	-1.20596
6.465	-1.19735
6.47	-1.18843
6.475	-1.1792
6.48	-1.16967
6.485	-1.15985
6.49	-1.14973
6.495	-1.13932
6.5	-1.12863
6.505	-1.11767
6.51	-1.10642
6.515	-1.09491
6.52	-1.08314
6.525	-1.0711
6.53	-1.05881
6.535	-1.04627
6.54	-1.03348
6.545	-1.02045
6.55	-1.00718
6.555	-0.99368
6.56	-0.979956
6.565	-0.966011
6.57	-0.95185
6.575	-0.93748
6.58	-0.922905
6.585	-0.908132
6.59	-0.893165
6.595	-0.87801
6.6	-0.862672
6.605	-0.847157
6.61	-0.831468
6.615	-0.815613
6.62	-0.799595
6.625	-0.783421
6.63	-0.767097
6.635	-0.750627
6.64	-0.734018
6.645	-0.717275
6.65	-0.700404
6.655	-0.68341
6.66	-0.6663
6.665	-0.649079
6.67	-0.631752
6.675	-0.614326
6.68	-0.596807
6.685	-0.579199
6.69	-0.561508
6.695	-0.543738
6.7	-0.525897
6.705	-0.507988
6.71	-0.490018
6.715	-0.471993
6.72	-0.453918
6.725	-0.435799
6.73	-0.417642
6.735	-0.399452
6.74	-0.381234
6.745	-0.362994
6.75	-0.344737
6.755	-0.326469
6.76	-0.308196
6.765	-0.289921
6.77	-0.271652
6.775	-0.253393
6.78	-0.235149
6.785	-0.216925
6.79	-0.198726
6.795	-0.180558
6.8	-0.162425
6.805	-0.144334
6.81	-0.126289
6.815	-0.108295
6.82	-0.0903571
6.825	-0.0724804
6.83	-0.0546695
6.835	-0.0369292
6.84	-0.0192644
6.845	-0.00167993
6.85	0.0158195
6.855	0.0332292
6.86	0.0505446
6.865	0.0677611
6.87	0.0848742
6.875	0.10188
6.88	0.118773
6.885	0.13555
6.89	0.152207
6.895	0.168739
6.9	0.185142
6.905	0.201412
6.91	0.217544
6.915	0.233535
6.92	0.249381
6.925	0.265077
6.93	0.28062
6.935	0.296006
6.94	0.311232
6.945	0.326293
6.95	0.341187
6.955	0.35591
6.96	0.370459
6.965	0.38483
6.97	0.399019
6.975	0.413024
6.98	0.426842
6.985	0.44047
6.99	0.453903
6.995	0.46714
7	0.480177
7.005	0.493012
7.01	0.505642
7.015	0.518064
7.02	0.530275
7.025	0.542274
7.03	0.554058
7.035	0.565625
7.04	0.576973
7.045	0.588098
7.05	0.598999
7.055	0.609674
7.06	0.620121
7.065	0.630338
7.07	0.640322
7.075	0.650072
7.08	0.659587
7.085	0.668864
7.09	0.677904
7.095	0.686703
7.1	0.695262
7.105	0.703578
7.11	0.711651
7.115	0.719479
7.12	0.727062
7.125	0.734397
7.13	0.741484
7.135	0.748323
7.14	0.754912
7.145	0.76125
7.15	0.767338
7.155	0.773174
7.16	0.778759
7.165	0.784091
7.17	0.789171
7.175	0.793998
7.18	0.798572
7.185	0.802894
7.19	0.806963
7.195	0.810779
7.2	0.814342
7.205	0.817653
7.21	0.820712
7.215	0.823518
7.22	0.826072
7.225	0.828375
7.23	0.830427
7.235	0.83223
7.24	0.833783
7.245	0.835088
7.25	0.836145
7.255	0.836955
7.26	0.837519
7.265	0.837838
7.27	0.837912
7.275	0.837744
7.28	0.837334
7.285	0.836684
7.29	0.835795
7.295	0.834669
7.3	0.833307
7.305	0.83171
7.31	0.829879
7.315	0.827817
7.32	0.825526
7.325	0.823006
7.33	0.82026
7.335	0.81729
7.34	0.814098
7.345	0.810684
7.35	0.807052
7.355	0.803203
7.36	0.79914
7.365	0.794864
7.37	0.790379
7.375	0.785686
7.38	0.780788
7.385	0.775687
7.39	0.770385
7.395	0.764884
7.4	0.759189
7.405	0.7533
7.41	0.747221
7.415	0.740954
7.42	0.734501
7.425	0.727867
7.43	0.721053
7.435	0.714062
7.44	0.706896
7.445	0.69956
7.45	0.692055
7.455	0.684385
7.46	0.676553
7.465	0.668562
7.47	0.660415
7.475	0.652115
7.48	0.643664
7.485	0.635067
7.49	0.626326
7.495	0.617445
7.5	0.608427
7.505	0.599275
7.51	0.589993
7.515	0.580583
7.52	0.571049
7.525	0.561394
7.53	0.551622
7.535	0.541736
7.54	0.531739
7.545	0.521636
7.55	0.511428
7.555	0.501121
7.56	0.490717
7.565	0.48022
7.57	0.469632
7.575	0.458959
7.58	0.448203
7.585	0.437368
7.59	0.426458
7.595	0.415476
7.6	0.404425
7.605	0.393309
7.61	0.382131
7.615	0.370895
7.62	0.359605
7.625	0.348264
7.63	0.336875
7.635	0.325443
7.64	0.313971
7.645	0.302461
7.65	0.290918
7.655	0.279346
7.66	0.267747
7.665	0.256125
7.67	0.244485
7.675	0.232828
7.68	0.22116
7.685	0.209483
7.69	0.197801
7.695	0.186116
7.7	0.174433
7.705	0.162755
7.71	0.151085
7.715	0.139427
7.72	0.127783
7.725	0.116157
7.73	0.104554
7.735	0.092975
7.74	0.0814246
7.745	0.0699056
7.75	0.058421
7.755	0.0469741
7.76	0.0355678
7.765	0.0242055
7.77	0.0128903
7.775	0.00162521
7.78	-0.00958658
7.785	-0.0207421
7.79	-0.0318385
7.795	-0.0428727
7.8	-0.0538419
7.805	-0.064743
7.81	-0.0755732
7.815	-0.0863294
7.82	-0.0970089
7.825	-0.107609
7.83	-0.118127
7.835	-0.12856
7.84	-0.138905
7.845	-0.149162
7.85	-0.159326
7.855	-0.169395
7.86	-0.179367
7.865	-0.189239
7.87	-0.199008
7.875	-0.208672
7.88	-0.218229
7.885	-0.227677
7.89	-0.237012
7.895	-0.246234
7.9	-0.25534
7.905	-0.264327
7.91	-0.273194
7.915	-0.281939
7.92	-0.290559
7.925	-0.299053
7.93	-0.30742
7.935	-0.315656
7.94	-0.323761
7.945	-0.331733
7.95	-0.339569
7.955	-0.347268
7.96	-0.354829
7.965	-0.362249
7.97	-0.369528
7.975	-0.376664
7.98	-0.383655
7.985	-0.390501
7.99	-0.3972
7.995	-0.40375
8	-0.41015
8.005	-0.4164
8.01	-0.422498
8.015	-0.428443
8.02	-0.434234
8.025	-0.439871
8.03	-0.445352
8.035	-0.450676
8.04	-0.455842
8.045	-0.46085
8.05	-0.465699
8.055	-0.470389
8.06	-0.474919
8.065	-0.479287
8.07	-0.483495
8.075	-0.487541
8.08	-0.491424
8.085	-0.495145
8.09	-0.498703
8.095	-0.502097
8.1	-0.505329
8.105	-0.508397
8.11	-0.511302
8.115	-0.514044
8.12	-0.516623
8.125	-0.519038
8.13	-0.521289
8.135	-0.523377
8.14	-0.525302
8.145	-0.527064
8.15	-0.528663
8.155	-0.530099
8.16	-0.531373
8.165	-0.532486
8.17	-0.533437
8.175	-0.534228
8.18	-0.534859
8.185	-0.535331
8.19	-0.535644
8.195	-0.535799
8.2	-0.535797
8.205	-0.535639
8.21	-0.535325
8.215	-0.534856
8.22	-0.534232
8.225	-0.533455
8.23	-0.532526
8.235	-0.531445
8.24	-0.530214
8.245	-0.528833
8.25	-0.527304
8.255	-0.525629
8.26	-0.523808
8.265	-0.521844
8.27	-0.519737
8.275	-0.517488
8.28	-0.515099
8.285	-0.512571
8.29	-0.509905
8.295	-0.507103
8.3	-0.504166
8.305	-0.501096
8.31	-0.497894
8.315	-0.494562
8.32	-0.491101
8.325	-0.487514
8.33	-0.4838
8.335	-0.479963
8.34	-0.476005
8.345	-0.471926
8.35	-0.46773
8.355	-0.463417
8.36	-0.45899
8.365	-0.454451
8.37	-0.4498
8.375	-0.445041
8.38	-0.440175
8.385	-0.435203
8.39	-0.430128
8.395	-0.424952
8.4	-0.419677
8.405	-0.414304
8.41	-0.408836
8.415	-0.403274
8.42	-0.397621
8.425	-0.39188
8.43	-0.386051
8.435	-0.380138
8.44	-0.374143
8.445	-0.368067
8.45	-0.361914
8.455	-0.355685
8.46	-0.349383
8.465	-0.343009
8.47	-0.336565
8.475	-0.330053
8.48	-0.323477
8.485	-0.316838
8.49	-0.310137
8.495	-0.303379
8.5	-0.296564
8.505	-0.289695
8.51	-0.282774
8.515	-0.275805
8.52	-0.268788
8.525	-0.261728
8.53	-0.254625
8.535	-0.247483
8.54	-0.240303
8.545	-0.233088
8.55	-0.225839
8.555	-0.218559
8.56	-0.21125
8.565	-0.203914
8.57	-0.196554
8.575	-0.189171
8.58	-0.181769
8.585	-0.174349
8.59	-0.166914
8.595	-0.159466
8.6	-0.152007
8.605	-0.14454
8.61	-0.137067
8.615	-0.12959
8.62	-0.122112
8.625	-0.114634
8.63	-0.107158
8.635	-0.0996876
8.64	-0.0922231
8.645	-0.0847673
8.65	-0.0773223
8.655	-0.0698903
8.66	-0.0624734
8.665	-0.0550738
8.67	-0.0476934
8.675	-0.0403345
8.68	-0.0329992
8.685	-0.0256894
8.69	-0.0184074
8.695	-0.011155
8.7	-0.00393422
8.705	0.00325304
8.71	0.0104049
8.715	0.0175195
8.72	0.0245951
8.725	0.0316298
8.73	0.0386219
8.735	0.0455695
8.74	0.0524708
8.745	0.059324
8.75	0.0661272
8.755	0.0728787
8.76	0.0795769
8.765	0.0862199
8.77	0.0928061
8.775	0.0993338
8.78	0.105801
8.785	0.112207
8.79	0.118549
8.795	0.124826
8.8	0.131038
8.805	0.137181
8.81	0.143255
8.815	0.149259
8.82	0.155191
8.825	0.161049
8.83	0.166833
8.835	0.172541
8.84	0.178172
8.845	0.183724
8.85	0.189196
8.855	0.194587
8.86	0.199895
8.865	0.20512
8.87	0.21026
8.875	0.215314
8.88	0.220282
8.885	0.225162
8.89	0.229953
8.895	0.234654
8.9	0.239265
8.905	0.243785
8.91	0.248212
8.915	0.252546
8.92	0.256785
8.925	0.26093
8.93	0.26498
8.935	0.268933
8.94	0.272788
8.945	0.276546
8.95	0.280205
8.955	0.283765
8.96	0.287226
8.965	0.290587
8.97	0.293848
8.975	0.297008
8.98	0.300066
8.985	0.303023
8.99	0.305877
8.995	0.308628
9	0.311277
9.005	0.313822
9.01	0.316264
9.015	0.318602
9.02	0.320837
9.025	0.322968
9.03	0.324994
9.035	0.326916
9.04	0.328734
9.045	0.330447
9.05	0.332057
9.055	0.333562
9.06	0.334964
9.065	0.336261
9.07	0.337454
9.075	0.338543
9.08	0.339528
9.085	0.34041
9.09	0.341188
9.095	0.341864
9.1	0.342437
9.105	0.342908
9.11	0.343277
9.115	0.343544
9.12	0.343709
9.125	0.343774
9.13	0.343739
9.135	0.343604
9.14	0.343369
9.145	0.343036
9.15	0.342605
9.155	0.342077
9.16	0.341451
9.165	0.340728
9.17	0.33991
9.175	0.338997
9.18	0.337989
9.185	0.336888
9.19	0.335694
9.195	0.334408
9.2	0.333031
9.205	0.331564
9.21	0.330007
9.215	0.328361
9.22	0.326628
9.225	0.324808
9.23	0.322902
9.235	0.320912
9.24	0.318837
9.245	0.31668
9.25	0.31444
9.255	0.312119
9.26	0.309718
9.265	0.307239
9.27	0.304682
9.275	0.302048
9.28	0.29934
9.285	0.296557
9.29	0.293701
9.295	0.290773
9.3	0.287775
9.305	0.284707
9.31	0.28157
9.315	0.278366
9.32	0.275097
9.325	0.271763
9.33	0.268365
9.335	0.264906
9.34	0.261386
9.345	0.257807
9.35	0.25417
9.355	0.250476
9.36	0.246726
9.365	0.242923
9.37	0.239068
9.375	0.235161
9.38	0.231204
9.385	0.227198
9.39	0.223146
9.395	0.219047
9.4	0.214904
9.405	0.210718
9.41	0.206491
9.415	0.202224
9.42	0.197919
9.425	0.193576
9.43	0.189199
9.435	0.184787
9.44	0.180342
9.445	0.175866
9.45	0.17136
9.455	0.166825
9.46	0.162263
9.465	0.157676
9.47	0.153065
9.475	0.148431
9.48	0.143777
9.485	0.139102
9.49	0.134409
9.495	0.1297
9.5	0.124975
9.505	0.120236
9.51	0.115486
9.515	0.110724
9.52	0.105954
9.525	0.101175
9.53	0.0963896
9.535	0.091599
9.54	0.0868044
9.545	0.0820075
9.55	0.0772096
9.555	0.0724122
9.56	0.0676168
9.565	0.0628247
9.57	0.0580372
9.575	0.0532557
9.58	0.0484814
9.585	0.0437157
9.59	0.0389603
9.595	0.0342165
9.6	0.0294859
9.605	0.0247697
9.61	0.0200692
9.615	0.0153853
9.62	0.0107192
9.625	0.00607213
9.63	0.00144543
9.635	-0.00315953
9.64	-0.00774142
9.645	-0.012299
9.65	-0.016831
9.655	-0.0213364
9.66	-0.025814
9.665	-0.0302626
9.67	-0.034681
9.675	-0.0390678
9.68	-0.043422
9.685	-0.0477421
9.69	-0.0520273
9.695	-0.0562766
9.7	-0.060489
9.705	-0.0646637
9.71	-0.0687996
9.715	-0.0728959
9.72	-0.0769513
9.725	-0.0809648
9.73	-0.0849352
9.735	-0.0888617
9.74	-0.0927432
9.745	-0.096579
9.75	-0.100368
9.755	-0.10411
9.76	-0.107803
9.765	-0.111446
9.77	-0.115039
9.775	-0.118581
9.78	-0.122071
9.785	-0.125508
9.79	-0.128893
9.795	-0.132224
9.8	-0.1355
9.805	-0.138722
9.81	-0.141888
9.815	-0.144996
9.82	-0.148048
9.825	-0.151041
9.83	-0.153975
9.835	-0.15685
9.84	-0.159665
9.845	-0.16242
9.85	-0.165114
9.855	-0.167746
9.86	-0.170317
9.865	-0.172826
9.87	-0.175272
9.875	-0.177655
9.88	-0.179975
9.885	-0.182231
9.89	-0.184423
9.895	-0.186552
9.9	-0.188615
9.905	-0.190613
9.91	-0.192546
9.915	-0.194412
9.92	-0.196213
9.925	-0.197947
9.93	-0.199614
9.935	-0.201215
9.94	-0.20275
9.945	-0.204218
9.95	-0.205619
9.955	-0.206954
9.96	-0.208222
9.965	-0.209423
9.97	-0.210557
9.975	-0.211623
9.98	-0.212623
9.985	-0.213556
9.99	-0.214422
9.995	-0.215221
10	-0.215953
10.005	-0.216618
10.01	-0.217216
10.015	-0.217747
10.02	-0.218212
10.025	-0.218611
10.03	-0.218944
10.035	-0.219212
10.04	-0.219414
10.045	-0.219552
10.05	-0.219624
10.055	-0.219632
10.06	-0.219576
10.065	-0.219456
10.07	-0.219272
10.075	-0.219025
10.08	-0.218714
10.085	-0.218342
10.09	-0.217907
10.095	-0.217409
10.1	-0.216851
10.105	-0.216231
10.11	-0.215551
10.115	-0.214811
10.12	-0.214012
10.125	-0.213155
10.13	-0.212239
10.135	-0.211266
10.14	-0.210236
10.145	-0.209149
10.15	-0.208007
10.155	-0.206808
10.16	-0.205555
10.165	-0.204248
10.17	-0.202887
10.175	-0.201473
10.18	-0.200006
10.185	-0.198487
10.19	-0.196918
10.195	-0.195298
10.2	-0.193629
10.205	-0.191911
10.21	-0.190146
10.215	-0.188334
10.22	-0.186476
10.225	-0.184572
10.23	-0.182623
10.235	-0.180629
10.24	-0.178592
10.245	-0.176513
10.25	-0.174391
10.255	-0.172228
10.26	-0.170026
10.265	-0.167783
10.27	-0.165502
10.275	-0.163184
10.28	-0.160828
10.285	-0.158437
10.29	-0.156011
10.295	-0.153551
10.3	-0.151058
10.305	-0.148533
10.31	-0.145976
10.315	-0.143389
10.32	-0.140772
10.325	-0.138126
10.33	-0.135452
10.335	-0.13275
10.34	-0.130023
10.345	-0.127271
10.35	-0.124494
10.355	-0.121694
10.36	-0.118872
10.365	-0.116028
10.37	-0.113163
10.375	-0.110279
10.38	-0.107376
10.385	-0.104456
10.39	-0.101519
10.395	-0.0985669
10.4	-0.0955997
10.405	-0.0926185
10.41	-0.0896241
10.415	-0.0866174
10.42	-0.0835994
10.425	-0.0805711
10.43	-0.0775336
10.435	-0.0744877
10.44	-0.0714343
10.445	-0.0683743
10.45	-0.0653084
10.455	-0.0622379
10.46	-0.0591635
10.465	-0.0560866
10.47	-0.0530079
10.475	-0.0499284
10.48	-0.0468489
10.485	-0.0437702
10.49	-0.0406932
10.495	-0.0376186
10.5	-0.0345473
10.505	-0.0314802
10.51	-0.0284181
10.515	-0.0253621
10.52	-0.0223129
10.525	-0.0192714
10.53	-0.0162386
10.535	-0.0132153
10.54	-0.0102023
10.545	-0.00720036
10.55	-0.00421041
10.555	-0.0012333
10.56	0.00173016
10.565	0.00467916
10.57	0.00761295
10.575	0.0105308
10.58	0.013432
10.585	0.0163158
10.59	0.0191814
10.595	0.0220281
10.6	0.0248551
10.605	0.0276617
10.61	0.0304472
10.615	0.0332108
10.62	0.0359519
10.625	0.0386696
10.63	0.0413634
10.635	0.0440326
10.64	0.0466764
10.645	0.0492944
10.65	0.0518857
10.655	0.0544498
10.66	0.056986
10.665	0.0594937
10.67	0.0619724
10.675	0.0644215
10.68	0.0668404
10.685	0.0692287
10.69	0.0715858
10.695	0.0739112
10.7	0.0762043
10.705	0.0784646
10.71	0.0806914
10.715	0.0828843
10.72	0.0850428
10.725	0.0871665
10.73	0.089255
10.735	0.0913078
10.74	0.0933245
10.745	0.0953045
10.75	0.0972474
10.755	0.0991529
10.76	0.101021
10.765	0.10285
10.77	0.104642
10.775	0.106395
10.78	0.108109
10.785	0.109783
10.79	0.111418
10.795	0.113013
10.8	0.114567
10.805	0.116081
10.81	0.117554
10.815	0.118986
10.82	0.120376
10.825	0.121726
10.83	0.123034
10.835	0.124299
10.84	0.125523
10.845	0.126704
10.85	0.127843
10.855	0.12894
10.86	0.129994
10.865	0.131006
10.87	0.131975
10.875	0.132901
10.88	0.133785
10.885	0.134625
10.89	0.135422
10.895	0.136176
10.9	0.136887
10.905	0.137555
10.91	0.13818
10.915	0.138762
10.92	0.139302
10.925	0.139798
10.93	0.140251
10.935	0.140661
10.94	0.141028
10.945	0.141353
10.95	0.141635
10.955	0.141876
10.96	0.142074
10.965	0.14223
10.97	0.142345
10.975	0.142417
10.98	0.142447
10.985	0.142436
10.99	0.142384
10.995	0.14229
11	0.142156
11.005	0.141981
11.01	0.141766
11.015	0.141511
11.02	0.141216
11.025	0.140882
11.03	0.140508
11.035	0.140095
11.04	0.139645
11.045	0.139155
11.05	0.138628
11.055	0.138063
11.06	0.137461
11.065	0.136821
11.07	0.136145
11.075	0.135432
11.08	0.134684
11.085	0.1339
11.09	0.133081
11.095	0.132228
11.1	0.13134
11.105	0.130418
11.11	0.129463
11.115	0.128475
11.12	0.127455
11.125	0.126403
11.13	0.125319
11.135	0.124204
11.14	0.123058
11.145	0.121882
11.15	0.120676
11.155	0.119441
11.16	0.118177
11.165	0.116885
11.17	0.115565
11.175	0.114218
11.18	0.112844
11.185	0.111445
11.19	0.110019
11.195	0.108569
11.2	0.107094
11.205	0.105595
11.21	0.104073
11.215	0.102528
11.22	0.100961
11.225	0.0993719
11.23	0.0977616
11.235	0.0961307
11.24	0.0944796
11.245	0.0928089
11.25	0.0911193
11.255	0.0894113
11.26	0.0876855
11.265	0.0859427
11.27	0.0841835
11.275	0.0824085
11.28	0.0806182
11.285	0.0788134
11.29	0.0769945
11.295	0.0751619
11.3	0.0733164
11.305	0.0714583
11.31	0.0695884
11.315	0.0677072
11.32	0.0658155
11.325	0.0639139
11.33	0.0620028
11.335	0.0600828
11.34	0.0581546
11.345	0.0562188
11.35	0.054276
11.355	0.052327
11.36	0.0503725
11.365	0.0484131
11.37	0.0464494
11.375	0.0444818
11.38	0.0425108
11.385	0.0405368
11.39	0.0385604
11.395	0.0365822
11.4	0.0346029
11.405	0.0326231
11.41	0.0306435
11.415	0.0286646
11.42	0.026687
11.425	0.0247112
11.43	0.0227378
11.435	0.0207673
11.44	0.0188005
11.445	0.016838
11.45	0.0148804
11.455	0.0129283
11.46	0.010982
11.465	0.00904212
11.47	0.00710886
11.475	0.0051827
11.48	0.00326413
11.485	0.00135377
11.49	-0.000547721
11.495	-0.00243972
11.5	-0.00432168
11.505	-0.00619311
11.51	-0.00805359
11.515	-0.00990268
11.52	-0.0117399
11.525	-0.0135646
11.53	-0.0153764
11.535	-0.0171746
11.54	-0.0189589
11.545	-0.0207287
11.55	-0.0224838
11.555	-0.0242238
11.56	-0.0259485
11.565	-0.0276574
11.57	-0.0293501
11.575	-0.0310261
11.58	-0.0326849
11.585	-0.0343261
11.59	-0.035949
11.595	-0.0375535
11.6	-0.0391391
11.605	-0.0407055
11.61	-0.0422523
11.615	-0.0437792
11.62	-0.0452856
11.625	-0.0467713
11.63	-0.0482359
11.635	-0.0496791
11.64	-0.0511009
11.645	-0.0525009
11.65	-0.053879
11.655	-0.0552348
11.66	-0.0565679
11.665	-0.0578781
11.67	-0.059165
11.675	-0.0604282
11.68	-0.0616676
11.685	-0.0628827
11.69	-0.0640734
11.695	-0.0652394
11.7	-0.0663806
11.705	-0.0674966
11.71	-0.0685873
11.715	-0.0696525
11.72	-0.070692
11.725	-0.0717059
11.73	-0.0726939
11.735	-0.073656
11.74	-0.0745921
11.745	-0.0755019
11.75	-0.0763853
11.755	-0.0772421
11.76	-0.078072
11.765	-0.0788749
11.77	-0.0796506
11.775	-0.080399
11.78	-0.08112
11.785	-0.0818136
11.79	-0.0824798
11.795	-0.0831186
11.8	-0.0837298
11.805	-0.0843136
11.81	-0.0848699
11.815	-0.0853986
11.82	-0.0858999
11.825	-0.0863736
11.83	-0.0868199
11.835	-0.0872386
11.84	-0.0876298
11.845	-0.0879934
11.85	-0.0883293
11.855	-0.0886376
11.86	-0.0889181
11.865	-0.089171
11.87	-0.0893963
11.875	-0.0895942
11.88	-0.0897648
11.885	-0.0899083
11.89	-0.0900248
11.895	-0.0901145
11.9	-0.0901774
11.905	-0.0902136
11.91	-0.0902231
11.915	-0.090206
11.92	-0.0901626
11.925	-0.090093
11.93	-0.0899974
11.935	-0.0898759
11.94	-0.0897285
11.945	-0.0895554
11.95	-0.0893565
11.955	-0.0891322
11.96	-0.0888825
11.965	-0.0886078
11.97	-0.0883084
11.975	-0.0879846
11.98	-0.0876367
11.985	-0.0872649
11.99	-0.0868695
11.995	-0.0864504
12	-0.086008
12.005	-0.0855423
12.01	-0.0850538
12.015	-0.0845427
12.02	-0.0840092
12.025	-0.0834536
12.03	-0.082876
12.035	-0.0822766
12.04	-0.0816556
12.045	-0.0810134
12.05	-0.0803504
12.055	-0.0796669
12.06	-0.0789634
12.065	-0.0782403
12.07	-0.0774978
12.075	-0.0767362
12.08	-0.0759559
12.085	-0.0751569
12.09	-0.0743396
12.095	-0.0735042
12.1	-0.0726512
12.105	-0.0717808
12.11	-0.0708934
12.115	-0.0699895
12.12	-0.0690691
12.125	-0.0681327
12.13	-0.0671804
12.135	-0.0662128
12.14	-0.0652303
12.145	-0.0642334
12.15	-0.0632225
12.155	-0.0621982
12.16	-0.0611605
12.165	-0.0601098
12.17	-0.0590463
12.175	-0.0579704
12.18	-0.0568825
12.185	-0.0557829
12.19	-0.0546721
12.195	-0.0535506
12.2	-0.0524186
12.205	-0.0512765
12.21	-0.0501247
12.215	-0.0489633
12.22	-0.047793
12.225	-0.0466139
12.23	-0.0454267
12.235	-0.0442318
12.24	-0.0430297
12.245	-0.0418208
12.25	-0.0406054
12.255	-0.0393838
12.26	-0.0381564
12.265	-0.0369235
12.27	-0.0356854
12.275	-0.0344426
12.28	-0.0331954
12.285	-0.0319444
12.29	-0.0306897
12.295	-0.0294319
12.3	-0.0281712
12.305	-0.026908
12.31	-0.0256427
12.315	-0.0243757
12.32	-0.0231075
12.325	-0.0218385
12.33	-0.0205691
12.335	-0.0192998
12.34	-0.0180308
12.345	-0.0167625
12.35	-0.0154952
12.355	-0.0142292
12.36	-0.0129648
12.365	-0.0117024
12.37	-0.0104423
12.375	-0.00918487
12.38	-0.00793052
12.385	-0.00667961
12.39	-0.00543253
12.395	-0.00418964
12.4	-0.00295127
12.405	-0.00171777
12.41	-0.000489476
12.415	0.000733254
12.42	0.00195007
12.425	0.00316061
12.43	0.00436456
12.435	0.00556161
12.44	0.00675151
12.445	0.00793397
12.45	0.00910875
12.455	0.0102756
12.46	0.0114341
12.465	0.012584
12.47	0.013725
12.475	0.0148568
12.48	0.015979
12.485	0.0170913
12.49	0.0181935
12.495	0.0192853
12.5	0.0203666
12.505	0.021437
12.51	0.0224961
12.515	0.0235438
12.52	0.0245797
12.525	0.0256034
12.53	0.026615
12.535	0.0276142
12.54	0.0286008
12.545	0.0295748
12.55	0.0305359
12.555	0.0314837
12.56	0.032418
12.565	0.0333386
12.57	0.0342451
12.575	0.0351375
12.58	0.0360156
12.585	0.0368793
12.59	0.0377283
12.595	0.0385624
12.6	0.0393814
12.605	0.0401851
12.61	0.0409733
12.615	0.0417459
12.62	0.0425027
12.625	0.0432438
12.63	0.0439691
12.635	0.0446784
12.64	0.0453717
12.645	0.0460488
12.65	0.0467094
12.655	0.0473533
12.66	0.0479803
12.665	0.0485906
12.67	0.0491839
12.675	0.0497602
12.68	0.0503196
12.685	0.0508617
12.69	0.0513865
12.695	0.0518939
12.7	0.0523838
12.705	0.0528563
12.71	0.0533113
12.715	0.0537489
12.72	0.0541691
12.725	0.0545718
12.73	0.054957
12.735	0.0553245
12.74	0.0556743
12.745	0.0560062
12.75	0.0563202
12.755	0.0566165
12.76	0.056895
12.765	0.0571559
12.77	0.057399
12.775	0.0576243
12.78	0.0578319
12.785	0.0580217
12.79	0.0581939
12.795	0.0583484
12.8	0.0584855
12.805	0.0586052
12.81	0.0587076
12.815	0.0587926
12.82	0.0588602
12.825	0.0589105
12.83	0.0589435
12.835	0.0589592
12.84	0.0589577
12.845	0.0589392
12.85	0.0589037
12.855	0.0588515
12.86	0.0587825
12.865	0.058697
12.87	0.0585948
12.875	0.0584763
12.88	0.0583413
12.885	0.0581902
12.89	0.0580231
12.895	0.0578401
12.9	0.0576414
12.905	0.0574271
12.91	0.0571973
12.915	0.0569521
12.92	0.0566915
12.925	0.0564157
12.93	0.0561249
12.935	0.0558192
12.94	0.0554988
12.945	0.0551639
12.95	0.0548147
12.955	0.0544513
12.96	0.0540741
12.965	0.0536831
12.97	0.0532786
12.975	0.0528607
12.98	0.0524295
12.985	0.0519853
12.99	0.0515284
12.995	0.0510588
13	0.0505767
13.005	0.0500824
13.01	0.0495759
13.015	0.0490574
13.02	0.0485271
13.025	0.0479852
13.03	0.047432
13.035	0.0468678
13.04	0.0462928
13.045	0.0457075
13.05	0.0451119
13.055	0.0445064
13.06	0.043891
13.065	0.043266
13.07	0.0426315
13.075	0.0419876
13.08	0.0413347
13.085	0.040673
13.09	0.0400027
13.095	0.0393241
13.1	0.0386373
13.105	0.0379426
13.11	0.0372403
13.115	0.0365305
13.12	0.0358137
13.125	0.0350902
13.13	0.0343602
13.135	0.033624
13.14	0.0328819
13.145	0.0321339
13.15	0.0313803
13.155	0.0306213
13.16	0.029857
13.165	0.0290876
13.17	0.0283135
13.175	0.0275351
13.18	0.0267525
13.185	0.0259659
13.19	0.0251758
13.195	0.0243821
13.2	0.0235853
13.205	0.0227856
13.21	0.0219833
13.215	0.0211787
13.22	0.020372
13.225	0.0195636
13.23	0.0187536
13.235	0.0179421
13.24	0.0171295
13.245	0.0163157
13.25	0.0155012
13.255	0.014686
13.26	0.0138706
13.265	0.0130552
13.27	0.0122402
13.275	0.0114256
13.28	0.0106117
13.285	0.00979865
13.29	0.00898674
13.295	0.00817626
13.3	0.00736756
13.305	0.00656093
13.31	0.00575662
13.315	0.00495479
13.32	0.00415556
13.325	0.00335905
13.33	0.0025654
13.335	0.00177482
13.34	0.000987535
13.345	0.000203772
13.35	-0.000576219
13.355	-0.00135219
13.36	-0.0021239
13.365	-0.00289112
13.37	-0.00365363
13.375	-0.00441122
13.38	-0.00516369
13.385	-0.0059108
13.39	-0.00665233
13.395	-0.00738804
13.4	-0.00811777
13.405	-0.00884138
13.41	-0.00955883
13.415	-0.01027
13.42	-0.0109749
13.425	-0.0116732
13.43	-0.0123648
13.435	-0.0130494
13.44	-0.0137267
13.445	-0.0143966
13.45	-0.0150589
13.455	-0.0157133
13.46	-0.0163598
13.465	-0.0169981
13.47	-0.0176283
13.475	-0.01825
13.48	-0.0188632
13.485	-0.0194677
13.49	-0.0200635
13.495	-0.0206504
13.5	-0.0212284
13.505	-0.0217974
13.51	-0.0223573
13.515	-0.022908
13.52	-0.0234494
13.525	-0.0239812
13.53	-0.0245032
13.535	-0.0250154
13.54	-0.0255175
13.545	-0.0260095
13.55	-0.0264913
13.555	-0.0269629
13.56	-0.0274242
13.565	-0.027875
13.57	-0.0283154
13.575	-0.0287452
13.58	-0.0291645
13.585	-0.0295731
13.59	-0.029971
13.595	-0.0303582
13.6	-0.0307346
13.605	-0.0311002
13.61	-0.0314549
13.615	-0.0317986
13.62	-0.0321312
13.625	-0.0324527
13.63	-0.0327628
13.635	-0.0330615
13.64	-0.0333488
13.645	-0.0336248
13.65	-0.0338896
13.655	-0.034143
13.66	-0.0343852
13.665	-0.0346161
13.67	-0.0348356
13.675	-0.0350437
13.68	-0.0352405
13.685	-0.035426
13.69	-0.0356001
13.695	-0.035763
13.7	-0.0359146
13.705	-0.0360549
13.71	-0.0361837
13.715	-0.0363011
13.72	-0.0364069
13.725	-0.0365014
13.73	-0.0365845
13.735	-0.0366563
13.74	-0.036717
13.745	-0.0367665
13.75	-0.036805
13.755	-0.0368324
13.76	-0.0368489
13.765	-0.0368543
13.77	-0.0368488
13.775	-0.0368325
13.78	-0.0368054
13.785	-0.0367676
13.79	-0.0367191
13.795	-0.03666
13.8	-0.0365903
13.805	-0.0365099
13.81	-0.0364189
13.815	-0.0363174
13.82	-0.0362055
13.825	-0.0360834
13.83	-0.0359514
13.835	-0.0358094
13.84	-0.0356576
13.845	-0.0354959
13.85	-0.0353245
13.855	-0.0351433
13.86	-0.0349527
13.865	-0.0347526
13.87	-0.0345433
13.875	-0.0343248
13.88	-0.0340972
13.885	-0.0338605
13.89	-0.0336148
13.895	-0.0333601
13.9	-0.0330966
13.905	-0.0328244
13.91	-0.0325437
13.915	-0.0322547
13.92	-0.0319577
13.925	-0.0316528
13.93	-0.03134
13.935	-0.0310194
13.94	-0.030691
13.945	-0.030355
13.95	-0.0300116
13.955	-0.0296609
13.96	-0.0293031
13.965	-0.0289384
13.97	-0.0285668
13.975	-0.0281884
13.98	-0.0278034
13.985	-0.0274118
13.99	-0.0270138
13.995	-0.0266096
14	-0.0261994
14.005	-0.0257833
14.01	-0.0253616
14.015	-0.0249345
14.02	-0.024502
14.025	-0.0240643
14.03	-0.0236214
14.035	-0.0231735
14.04	-0.0227208
14.045	-0.0222635
14.05	-0.0218017
14.055	-0.0213357
14.06	-0.0208655
14.065	-0.0203913
14.07	-0.0199132
14.075	-0.0194312
14.08	-0.0189456
14.085	-0.0184566
14.09	-0.0179643
14.095	-0.017469
14.1	-0.0169708
14.105	-0.0164699
14.11	-0.0159665
14.115	-0.0154607
14.12	-0.0149526
14.125	-0.0144425
14.13	-0.0139304
14.135	-0.0134165
14.14	-0.012901
14.145	-0.012384
14.15	-0.0118657
14.155	-0.0113461
14.16	-0.0108255
14.165	-0.0103039
14.17	-0.00978159
14.175	-0.00925863
14.18	-0.00873528
14.185	-0.00821175
14.19	-0.00768823
14.195	-0.00716489
14.2	-0.00664187
14.205	-0.0061193
14.21	-0.00559729
14.215	-0.00507595
14.22	-0.00455541
14.225	-0.0040358
14.23	-0.00351726
14.235	-0.00299995
14.24	-0.00248401
14.245	-0.00196961
14.25	-0.00145687
14.255	-0.000945935
14.26	-0.000436934
14.265	6.99847e-05
14.27	0.000574648
14.275	0.00107687
14.28	0.00157647
14.285	0.00207328
14.29	0.00256718
14.295	0.0030581
14.3	0.00354596
14.305	0.00403069
14.31	0.00451221
14.315	0.00499037
14.32	0.00546504
14.325	0.00593604
14.33	0.00640324
14.335	0.00686653
14.34	0.00732579
14.345	0.00778094
14.35	0.00823186
14.355	0.00867843
14.36	0.00912051
14.365	0.00955796
14.37	0.00999063
14.375	0.0104184
14.38	0.0108412
14.385	0.0112589
14.39	0.0116715
14.395	0.0120789
14.4	0.0124812
14.405	0.0128782
14.41	0.0132699
14.415	0.013656
14.42	0.0140364
14.425	0.0144111
14.43	0.0147799
14.435	0.0151428
14.44	0.0154999
14.445	0.0158509
14.45	0.0161959
14.455	0.0165345
14.46	0.0168667
14.465	0.0171925
14.47	0.0175118
14.475	0.0178246
14.48	0.018131
14.485	0.0184309
14.49	0.0187244
14.495	0.0190113
14.5	0.0192914
14.505	0.0195648
14.51	0.0198314
14.515	0.020091
14.52	0.0203437
14.525	0.0205894
14.53	0.0208281
14.535	0.0210598
14.54	0.0212843
14.545	0.0215017
14.55	0.0217118
14.555	0.0219147
14.56	0.0221103
14.565	0.0222988
14.57	0.0224801
14.575	0.0226544
14.58	0.0228216
14.585	0.0229817
14.59	0.0231344
14.595	0.0232798
14.6	0.0234178
14.605	0.0235484
14.61	0.0236716
14.615	0.0237874
14.62	0.0238959
14.625	0.0239971
14.63	0.0240909
14.635	0.0241774
14.64	0.0242566
14.645	0.0243286
14.65	0.0243933
14.655	0.0244509
14.66	0.0245012
14.665	0.0245445
14.67	0.0245807
14.675	0.0246098
14.68	0.0246316
14.685	0.0246463
14.69	0.0246538
14.695	0.0246541
14.7	0.0246474
14.705	0.0246336
14.71	0.0246129
14.715	0.0245854
14.72	0.024551
14.725	0.0245097
14.73	0.0244618
14.735	0.0244071
14.74	0.0243458
14.745	0.0242779
14.75	0.0242035
14.755	0.0241225
14.76	0.0240351
14.765	0.0239412
14.77	0.023841
14.775	0.0237344
14.78	0.0236215
14.785	0.0235024
14.79	0.0233771
14.795	0.0232457
14.8	0.0231083
14.805	0.0229651
14.81	0.0228161
14.815	0.0226613
14.82	0.0225009
14.825	0.0223349
14.83	0.0221634
14.835	0.0219863
14.84	0.0218039
14.845	0.0216163
14.85	0.0214234
14.855	0.0212253
14.86	0.0210222
14.865	0.020814
14.87	0.0206007
14.875	0.0203826
14.88	0.0201596
14.885	0.019932
14.89	0.0196999
14.895	0.0194633
14.9	0.0192226
14.905	0.0189776
14.91	0.0187285
14.915	0.0184754
14.92	0.0182181
14.925	0.017957
14.93	0.017692
14.935	0.0174232
14.94	0.0171509
14.945	0.0168749
14.95	0.0165954
14.955	0.0163126
14.96	0.0160264
14.965	0.015737
14.97	0.0154445
14.975	0.0151491
14.98	0.0148509
14.985	0.0145502
14.99	0.0142471
14.995	0.0139415
15	0.0136335
15.005	0.0133231
15.01	0.0130103
15.015	0.0126953
15.02	0.0123781
15.025	0.012059
15.03	0.0117381
15.035	0.0114154
15.04	0.0110911
15.045	0.0107652
15.05	0.0104379
15.055	0.0101093
15.06	0.00977947
15.065	0.00944862
15.07	0.00911686
15.075	0.00878432
15.08	0.00845105
15.085	0.00811712
15.09	0.00778253
15.095	0.00744734
15.1	0.00711161
15.105	0.00677547
15.11	0.00643908
15.115	0.00610257
15.12	0.00576609
15.125	0.00542972
15.13	0.00509353
15.135	0.00475761
15.14	0.00442204
15.145	0.00408696
15.15	0.00375249
15.155	0.00341876
15.16	0.00308587
15.165	0.0027539
15.17	0.00242292
15.175	0.00209299
15.18	0.00176417
15.185	0.00143649
15.19	0.00111002
15.195	0.000784845
15.2	0.000461082
15.205	0.000138873
15.21	-0.000181649
15.215	-0.000500382
15.22	-0.000817258
15.225	-0.00113222
15.23	-0.00144522
15.235	-0.00175613
15.24	-0.00206483
15.245	-0.00237121
15.25	-0.00267517
15.255	-0.00297666
15.26	-0.00327566
15.265	-0.00357215
15.27	-0.00386611
15.275	-0.00415746
15.28	-0.00444615
15.285	-0.00473207
15.29	-0.00501515
15.295	-0.00529527
15.3	-0.00557234
15.305	-0.00584625
15.31	-0.00611692
15.315	-0.0063843
15.32	-0.00664833
15.325	-0.00690898
15.33	-0.00716618
15.335	-0.00741988
15.34	-0.00767001
15.345	-0.00791652
15.35	-0.0081594
15.355	-0.00839861
15.36	-0.00863414
15.365	-0.00886594
15.37	-0.00909395
15.375	-0.00931813
15.38	-0.00953841
15.385	-0.00975469
15.39	-0.00996691
15.395	-0.010175
15.4	-0.0103789
15.405	-0.0105785
15.41	-0.0107739
15.415	-0.010965
15.42	-0.011152
15.425	-0.0113346
15.43	-0.0115129
15.435	-0.0116868
15.44	-0.0118563
15.445	-0.0120214
15.45	-0.012182
15.455	-0.0123383
15.46	-0.0124901
15.465	-0.0126375
15.47	-0.0127803
15.475	-0.0129185
15.48	-0.0130522
15.485	-0.0131811
15.49	-0.0133054
15.495	-0.013425
15.5	-0.0135399
15.505	-0.0136502
15.51	-0.0137558
15.515	-0.0138568
15.52	-0.0139531
15.525	-0.0140447
15.53	-0.0141315
15.535	-0.0142137
15.54	-0.0142912
15.545	-0.0143641
15.55	-0.0144323
15.555	-0.0144959
15.56	-0.0145549
15.565	-0.0146092
15.57	-0.0146588
15.575	-0.0147036
15.58	-0.0147437
15.585	-0.0147791
15.59	-0.0148098
15.595	-0.0148358
15.6	-0.0148573
15.605	-0.0148743
15.61	-0.0148867
15.615	-0.0148945
15.62	-0.0148978
15.625	-0.0148965
15.63	-0.0148907
15.635	-0.0148806
15.64	-0.0148661
15.645	-0.0148472
15.65	-0.014824
15.655	-0.0147964
15.66	-0.0147644
15.665	-0.0147279
15.67	-0.0146871
15.675	-0.014642
15.68	-0.0145927
15.685	-0.0145392
15.69	-0.0144816
15.695	-0.0144199
15.7	-0.0143541
15.705	-0.0142844
15.71	-0.0142107
15.715	-0.0141331
15.72	-0.0140515
15.725	-0.0139661
15.73	-0.013877
15.735	-0.0137842
15.74	-0.0136876
15.745	-0.0135873
15.75	-0.0134833
15.755	-0.0133755
15.76	-0.0132642
15.765	-0.0131493
15.77	-0.013031
15.775	-0.0129094
15.78	-0.0127844
15.785	-0.0126562
15.79	-0.0125247
15.795	-0.0123901
15.8	-0.0122524
15.805	-0.0121116
15.81	-0.0119678
15.815	-0.0118212
15.82	-0.0116716
15.825	-0.0115192
15.83	-0.0113641
15.835	-0.0112061
15.84	-0.0110455
15.845	-0.0108821
15.85	-0.0107161
15.855	-0.0105475
15.86	-0.0103766
15.865	-0.0102033
15.87	-0.0100278
15.875	-0.00985003
15.88	-0.00967012
15.885	-0.00948811
15.89	-0.00930407
15.895	-0.00911809
15.9	-0.00893024
15.905	-0.00874055
15.91	-0.00854906
15.915	-0.00835582
15.92	-0.00816087
15.925	-0.00796426
15.93	-0.00776606
15.935	-0.00756632
15.94	-0.00736509
15.945	-0.00716247
15.95	-0.00695856
15.955	-0.00675348
15.96	-0.00654734
15.965	-0.00634022
15.97	-0.00613216
15.975	-0.0059232
15.98	-0.00571336
15.985	-0.0055027
15.99	-0.00529126
15.995	-0.0050791
16	-0.0048663
16.005	-0.0046529
16.01	-0.00443898
16.015	-0.00422459
16.02	-0.0040098
16.025	-0.00379466
16.03	-0.00357926
16.035	-0.00336367
16.04	-0.003148
16.045	-0.00293234
16.05	-0.00271678
16.055	-0.00250139
16.06	-0.00228621
16.065	-0.00207125
16.07	-0.00185655
16.075	-0.00164214
16.08	-0.00142808
16.085	-0.00121441
16.09	-0.00100123
16.095	-0.000788582
16.1	-0.000576556
16.105	-0.000365216
16.11	-0.000154622
16.115	5.51769e-05
16.12	0.000264136
16.125	0.000472195
16.13	0.000679274
16.135	0.000885277
16.14	0.00109011
16.145	0.0012937
16.15	0.00149604
16.155	0.0016971
16.16	0.00189691
16.165	0.00209544
16.17	0.00229263
16.175	0.00248841
16.18	0.0026827
16.185	0.00287544
16.19	0.00306657
16.195	0.00325606
16.2	0.00344388
16.205	0.00362996
16.21	0.00381425
16.215	0.00399669
16.22	0.0041772
16.225	0.00435571
16.23	0.00453216
16.235	0.00470652
16.24	0.00487878
16.245	0.00504898
16.25	0.00521713
16.255	0.00538323
16.26	0.00554722
16.265	0.00570901
16.27	0.00586851
16.275	0.00602566
16.28	0.00618043
16.285	0.00633279
16.29	0.00648273
16.295	0.00663019
16.3	0.00677513
16.305	0.0069175
16.31	0.00705728
16.315	0.00719445
16.32	0.007329
16.325	0.00746094
16.33	0.00759023
16.335	0.00771688
16.34	0.00784089
16.345	0.00796225
16.35	0.00808095
16.355	0.00819693
16.36	0.00831009
16.365	0.00842037
16.37	0.00852773
16.375	0.00863218
16.38	0.00873374
16.385	0.00883244
16.39	0.00892825
16.395	0.00902114
16.4	0.00911108
16.405	0.00919804
16.41	0.00928204
16.415	0.00936312
16.42	0.0094413
16.425	0.00951657
16.43	0.00958889
16.435	0.00965826
16.44	0.00972463
16.445	0.009788
16.45	0.00984834
16.455	0.00990563
16.46	0.00995985
16.465	0.010011
16.47	0.0100591
16.475	0.0101042
16.48	0.0101463
16.485	0.0101853
16.49	0.0102214
16.495	0.0102545
16.5	0.0102846
16.505	0.0103117
16.51	0.0103358
16.515	0.0103571
16.52	0.0103754
16.525	0.0103908
16.53	0.0104032
16.535	0.0104127
16.54	0.0104191
16.545	0.0104226
16.55	0.0104232
16.555	0.0104207
16.56	0.0104153
16.565	0.0104071
16.57	0.0103961
16.575	0.0103822
16.58	0.0103657
16.585	0.0103463
16.59	0.0103242
16.595	0.0102994
16.6	0.0102718
16.605	0.0102416
16.61	0.0102086
16.615	0.0101731
16.62	0.0101348
16.625	0.0100939
16.63	0.0100503
16.635	0.0100041
16.64	0.0099552
16.645	0.00990379
16.65	0.00984987
16.655	0.0097935
16.66	0.00973474
16.665	0.00967364
16.67	0.00961024
16.675	0.00954455
16.68	0.00947657
16.685	0.00940628
16.69	0.00933371
16.695	0.00925887
16.7	0.0091818
16.705	0.00910255
16.71	0.00902116
16.715	0.00893767
16.72	0.00885208
16.725	0.00876441
16.73	0.00867469
16.735	0.00858297
16.74	0.00848933
16.745	0.00839385
16.75	0.0082966
16.755	0.00819763
16.76	0.00809697
16.765	0.00799463
16.77	0.00789058
16.775	0.00778485
16.78	0.00767743
16.785	0.00756839
16.79	0.00745778
16.795	0.00734566
16.8	0.00723206
16.805	0.00711702
16.81	0.00700054
16.815	0.00688267
16.82	0.00676345
16.825	0.00664297
16.83	0.00652132
16.835	0.00639857
16.84	0.00627479
16.845	0.00615001
16.85	0.00602421
16.855	0.00589741
16.86	0.00576962
16.865	0.00564084
16.87	0.00551111
16.875	0.00538047
16.88	0.00524899
16.885	0.00511672
16.89	0.00498373
16.895	0.00485005
16.9	0.00471574
16.905	0.00458082
16.91	0.00444534
16.915	0.00430936
16.92	0.00417295
16.925	0.00403619
16.93	0.00389915
16.935	0.00376185
16.94	0.00362429
16.945	0.00348646
16.95	0.00334835
16.955	0.00320997
16.96	0.00307139
16.965	0.00293266
16.97	0.00279385
16.975	0.00265503
16.98	0.00251625
16.985	0.00237754
16.99	0.00223896
16.995	0.00210053
17	0.00196228
17.005	0.00182428
17.01	0.00168659
17.015	0.00154926
17.02	0.00141236
17.025	0.0012759
17.03	0.00113988
17.035	0.00100431
17.04	0.000869159
17.045	0.000734464
17.05	0.000600265
17.055	0.000466622
17.06	0.000333592
17.065	0.000201228
17.07	6.95744e-05
17.075	-6.13211e-05
17.08	-0.000191409
17.085	-0.00032064
17.09	-0.000448975
17.095	-0.000576383
17.1	-0.000702837
17.105	-0.00082831
17.11	-0.000952768
17.115	-0.00107618
17.12	-0.00119855
17.125	-0.00131985
17.13	-0.00144012
17.135	-0.00155934
17.14	-0.00167749
17.145	-0.00179452
17.15	-0.00191034
17.155	-0.00202489
17.16	-0.00213813
17.165	-0.00225
17.17	-0.00236051
17.175	-0.00246963
17.18	-0.00257733
17.185	-0.0026836
17.19	-0.00278841
17.195	-0.00289176
17.2	-0.00299361
17.205	-0.00309397
17.21	-0.00319282
17.215	-0.00329015
17.22	-0.00338597
17.225	-0.00348028
17.23	-0.00357305
17.235	-0.00366425
17.24	-0.00375381
17.245	-0.00384169
17.25	-0.00392783
17.255	-0.00401222
17.26	-0.00409484
17.265	-0.00417571
17.27	-0.00425481
17.275	-0.00433215
17.28	-0.00440772
17.285	-0.00448149
17.29	-0.00455347
17.295	-0.00462364
17.3	-0.00469199
17.305	-0.00475852
17.31	-0.00482325
17.315	-0.00488617
17.32	-0.0049473
17.325	-0.00500661
17.33	-0.00506407
17.335	-0.0051196
17.34	-0.00517318
17.345	-0.00522478
17.35	-0.0052744
17.355	-0.00532207
17.36	-0.00536783
17.365	-0.00541167
17.37	-0.00545359
17.375	-0.00549358
17.38	-0.00553163
17.385	-0.00556773
17.39	-0.00560192
17.395	-0.00563421
17.4	-0.00566461
17.405	-0.00569315
17.41	-0.00571981
17.415	-0.00574457
17.42	-0.00576738
17.425	-0.00578822
17.43	-0.00580708
17.435	-0.00582394
17.44	-0.00583883
17.445	-0.00585178
17.45	-0.00586282
17.455	-0.00587196
17.46	-0.00587921
17.465	-0.00588457
17.47	-0.00588807
17.475	-0.0058897
17.48	-0.00588951
17.485	-0.00588751
17.49	-0.00588371
17.495	-0.00587813
17.5	-0.00587076
17.505	-0.00586158
17.51	-0.00585058
17.515	-0.00583774
17.52	-0.00582303
17.525	-0.00580648
17.53	-0.00578811
17.535	-0.00576799
17.54	-0.00574616
17.545	-0.00572267
17.55	-0.00569752
17.555	-0.0056707
17.56	-0.00564222
17.565	-0.0056121
17.57	-0.00558036
17.575	-0.00554706
17.58	-0.00551221
17.585	-0.00547583
17.59	-0.0054379
17.595	-0.0053984
17.6	-0.00535734
17.605	-0.00531471
17.61	-0.00527054
17.615	-0.00522486
17.62	-0.00517769
17.625	-0.00512909
17.63	-0.0050791
17.635	-0.00502776
17.64	-0.00497511
17.645	-0.00492116
17.65	-0.00486591
17.655	-0.00480937
17.66	-0.00475158
17.665	-0.00469255
17.67	-0.00463233
17.675	-0.00457093
17.68	-0.00450836
17.685	-0.00444463
17.69	-0.00437972
17.695	-0.00431366
17.7	-0.00424647
17.705	-0.00417817
17.71	-0.00410882
17.715	-0.00403843
17.72	-0.00396707
17.725	-0.00389479
17.73	-0.00382163
17.735	-0.00374763
17.74	-0.00367279
17.745	-0.00359714
17.75	-0.00352066
17.755	-0.00344338
17.76	-0.00336533
17.765	-0.00328654
17.77	-0.00320704
17.775	-0.00312682
17.78	-0.00304588
17.785	-0.00296422
17.79	-0.00288189
17.795	-0.00279893
17.8	-0.00271541
17.805	-0.00263137
17.81	-0.00254687
17.815	-0.00246194
17.82	-0.00237662
17.825	-0.00229094
17.83	-0.00220491
17.835	-0.00211854
17.84	-0.00203182
17.845	-0.00194476
17.85	-0.00185737
17.855	-0.00176967
17.86	-0.0016817
17.865	-0.0015935
17.87	-0.00150509
17.875	-0.00141649
17.88	-0.00132773
17.885	-0.00123885
17.89	-0.0011499
17.895	-0.00106093
17.9	-0.000972006
17.905	-0.00088316
17.91	-0.000794415
17.915	-0.000705772
17.92	-0.000617219
17.925	-0.000528747
17.93	-0.000440353
17.935	-0.000352056
17.94	-0.000263887
17.945	-0.000175894
17.95	-8.81211e-05
17.955	-6.05102e-07
17.96	8.66309e-05
17.965	0.000173572
17.97	0.000260198
17.975	0.00034648
17.98	0.000432374
17.985	0.000517831
17.99	0.000602809
17.995	0.000687282
18	0.000771243
18.005	0.000854693
18.01	0.00093764
18.015	0.00102009
18.02	0.00110203
18.025	0.00118345
18.03	0.00126433
18.035	0.00134462
18.04	0.00142429
18.045	0.0015033
18.05	0.00158162
18.055	0.00165923
18.06	0.00173612
18.065	0.00181226
18.07	0.00188763
18.075	0.00196217
18.08	0.00203587
18.085	0.0021087
18.09	0.00218067
18.095	0.00225179
18.1	0.00232209
18.105	0.00239157
18.11	0.00246023
18.115	0.00252806
18.12	0.00259501
18.125	0.00266106
18.13	0.00272615
18.135	0.00279024
18.14	0.00285331
18.145	0.00291533
18.15	0.00297631
18.155	0.00303624
18.16	0.0030951
18.165	0.00315289
18.17	0.00320957
18.175	0.00326515
18.18	0.00331964
18.185	0.00337308
18.19	0.0034255
18.195	0.00347692
18.2	0.0035273
18.205	0.00357659
18.21	0.00362473
18.215	0.0036717
18.22	0.00371746
18.225	0.00376201
18.23	0.00380533
18.235	0.00384743
18.24	0.00388827
18.245	0.00392789
18.25	0.00396629
18.255	0.00400352
18.26	0.00403956
18.265	0.00407444
18.27	0.00410811
18.275	0.00414059
18.28	0.00417188
18.285	0.004202
18.29	0.00423095
18.295	0.0042587
18.3	0.00428522
18.305	0.00431044
18.31	0.00433433
18.315	0.0043569
18.32	0.00437817
18.325	0.00439817
18.33	0.00441692
18.335	0.00443442
18.34	0.00445069
18.345	0.00446573
18.35	0.00447958
18.355	0.00449225
18.36	0.00450374
18.365	0.00451404
18.37	0.00452313
18.375	0.00453101
18.38	0.00453766
18.385	0.00454311
18.39	0.00454733
18.395	0.00455031
18.4	0.00455201
18.405	0.00455243
18.41	0.00455158
18.415	0.0045495
18.42	0.00454625
18.425	0.00454186
18.43	0.00453634
18.435	0.00452971
18.44	0.00452196
18.445	0.00451312
18.45	0.00450319
18.455	0.00449217
18.46	0.00448006
18.465	0.00446683
18.47	0.00445246
18.475	0.00443696
18.48	0.00442034
18.485	0.0044026
18.49	0.00438374
18.495	0.00436377
18.5	0.00434269
18.505	0.00432054
18.51	0.00429738
18.515	0.00427329
18.52	0.0042483
18.525	0.00422242
18.53	0.00419562
18.535	0.00416788
18.54	0.00413919
18.545	0.00410955
18.55	0.00407899
18.555	0.00404752
18.56	0.00401514
18.565	0.00398183
18.57	0.00394759
18.575	0.00391242
18.58	0.00387635
18.585	0.00383942
18.59	0.00380168
18.595	0.00376316
18.6	0.00372392
18.605	0.00368398
18.61	0.00364337
18.615	0.00360211
18.62	0.00356019
18.625	0.00351758
18.63	0.00347426
18.635	0.00343023
18.64	0.00338548
18.645	0.00334005
18.65	0.00329397
18.655	0.00324725
18.66	0.00319992
18.665	0.00315198
18.67	0.00310345
18.675	0.00305437
18.68	0.00300476
18.685	0.00295469
18.69	0.00290418
18.695	0.00285327
18.7	0.00280199
18.705	0.00275032
18.71	0.00269826
18.715	0.00264578
18.72	0.00259288
18.725	0.00253956
18.73	0.00248583
18.735	0.00243174
18.74	0.00237729
18.745	0.00232253
18.75	0.00226746
18.755	0.0022121
18.76	0.00215649
18.765	0.00210065
18.77	0.00204462
18.775	0.00198844
18.78	0.00193213
18.785	0.00187572
18.79	0.00181921
18.795	0.00176262
18.8	0.00170593
18.805	0.00164914
18.81	0.00159223
18.815	0.00153522
18.82	0.00147812
18.825	0.00142094
18.83	0.00136373
18.835	0.0013065
18.84	0.00124927
18.845	0.00119207
18.85	0.00113494
18.855	0.0010779
18.86	0.001021
18.865	0.000964267
18.87	0.000907705
18.875	0.000851326
18.88	0.000795137
18.885	0.000739144
18.89	0.000683345
18.895	0.000627732
18.9	0.000572286
18.905	0.000516999
18.91	0.000461881
18.915	0.000406968
18.92	0.000352309
18.925	0.00029795
18.93	0.000243918
18.935	0.000190226
18.94	0.000136883
18.945	8.39062e-05
18.95	3.13275e-05
18.955	-2.08219e-05
18.96	-7.25247e-05
18.965	-0.000123785
18.97	-0.000174619
18.975	-0.000225041
18.98	-0.000275052
18.985	-0.000324645
18.99	-0.000373805
18.995	-0.00042253
19	-0.000470814
19.005	-0.000518646
19.01	-0.000565996
19.015	-0.00061282
19.02	-0.000659074
19.025	-0.000704731
19.03	-0.000749788
19.035	-0.000794256
19.04	-0.000838138
19.045	-0.000881423
19.05	-0.000924088
19.055	-0.000966112
19.06	-0.00100749
19.065	-0.00104823
19.07	-0.00108835
19.075	-0.00112787
19.08	-0.00116679
19.085	-0.00120511
19.09	-0.00124279
19.095	-0.00127984
19.1	-0.00131623
19.105	-0.00135193
19.11	-0.0013869
19.115	-0.00142113
19.12	-0.00145461
19.125	-0.00148733
19.13	-0.0015193
19.135	-0.00155051
19.14	-0.00158097
19.145	-0.00161065
19.15	-0.00163956
19.155	-0.00166771
19.16	-0.00169515
19.165	-0.00172189
19.17	-0.00174795
19.175	-0.00177332
19.18	-0.00179795
19.185	-0.00182184
19.19	-0.00184494
19.195	-0.00186723
19.2	-0.0018887
19.205	-0.00190932
19.21	-0.00192909
19.215	-0.00194801
19.22	-0.00196611
19.225	-0.0019834
19.23	-0.0019999
19.235	-0.00201561
19.24	-0.00203054
19.245	-0.0020447
19.25	-0.00205808
19.255	-0.00207073
19.26	-0.00208265
19.265	-0.00209384
19.27	-0.00210427
19.275	-0.00211391
19.28	-0.00212271
19.285	-0.00213066
19.29	-0.00213774
19.295	-0.00214398
19.3	-0.00214938
19.305	-0.00215396
19.31	-0.00215775
19.315	-0.00216077
19.32	-0.00216302
19.325	-0.00216453
19.33	-0.00216529
19.335	-0.0021653
19.34	-0.00216458
19.345	-0.00216314
19.35	-0.00216101
19.355	-0.00215816
19.36	-0.00215459
19.365	-0.00215026
19.37	-0.00214514
19.375	-0.00213922
19.38	-0.00213252
19.385	-0.00212504
19.39	-0.00211681
19.395	-0.00210784
19.4	-0.00209814
19.405	-0.00208775
19.41	-0.00207669
19.415	-0.00206499
19.42	-0.00205267
19.425	-0.00203973
19.43	-0.00202616
19.435	-0.00201196
19.44	-0.00199713
19.445	-0.00198167
19.45	-0.00196559
19.455	-0.00194886
19.46	-0.00193145
19.465	-0.00191335
19.47	-0.00189455
19.475	-0.00187509
19.48	-0.00185503
19.485	-0.00183439
19.49	-0.00181321
19.495	-0.0017915
19.5	-0.00176928
19.505	-0.00174656
19.51	-0.00172337
19.515	-0.00169972
19.52	-0.00167559
19.525	-0.00165097
19.53	-0.00162584
19.535	-0.00160021
19.54	-0.00157405
19.545	-0.00154739
19.55	-0.0015202
19.555	-0.00149251
19.56	-0.00146431
19.565	-0.00143564
19.57	-0.00140656
19.575	-0.00137711
19.58	-0.00134733
19.585	-0.00131723
19.59	-0.00128681
19.595	-0.00125607
19.6	-0.00122502
19.605	-0.00119365
19.61	-0.00116196
19.615	-0.00112994
19.62	-0.00109757
19.625	-0.00106485
19.63	-0.00103179
19.635	-0.000998408
19.64	-0.000964733
19.645	-0.00093077
19.65	-0.00089653
19.655	-0.000862034
19.66	-0.000827322
19.665	-0.000792447
19.67	-0.000757455
19.675	-0.000722366
19.68	-0.000687173
19.685	-0.000651848
19.69	-0.000616365
19.695	-0.000580711
19.7	-0.000544893
19.705	-0.000508922
19.71	-0.000472806
19.715	-0.000436549
19.72	-0.00040016
19.725	-0.000363653
19.73	-0.000327054
19.735	-0.000290392
19.74	-0.000253694
19.745	-0.000216983
19.75	-0.000180281
19.755	-0.000143613
19.76	-0.000107006
19.765	-7.04759e-05
19.77	-3.40202e-05
19.775	2.38103e-06
19.78	3.87554e-05
19.785	7.51231e-05
19.79	0.000111487
19.795	0.000147833
19.8	0.000184141
19.805	0.000220389
19.81	0.000256559
19.815	0.000292631
19.82	0.000328582
19.825	0.000364385
19.83	0.000400015
19.835	0.000435453
19.84	0.000470687
19.845	0.000505707
19.85	0.000540501
19.855	0.00057506
19.86	0.000609386
19.865	0.000643498
19.87	0.000677424
19.875	0.000711187
19.88	0.000744794
19.885	0.000778224
19.89	0.00081144
19.895	0.000844405
19.9	0.000877094
19.905	0.000909492
19.91	0.000941592
19.915	0.000973377
19.92	0.00100482
19.925	0.00103591
19.93	0.00106661
19.935	0.00109694
19.94	0.00112691
19.945	0.00115653
19.95	0.00118583
19.955	0.00121481
19.96	0.00124347
19.965	0.00127182
19.97	0.00129987
19.975	0.0013276
19.98	0.00135498
19.985	0.00138197
19.99	0.00140854
19.995	0.00143464
