0	0
0.005	0
0.01	0
0.015	0
0.02	0
0.025	0
0.03	0
0.035	0
0.04	0
0.045	0
0.05	0
0.055	0
0.06	0
0.065	0
0.07	0
0.075	0
0.08	0
0.085	0
0.09	0
0.095	0
0.1	0
0.105	0
0.11	0
0.115	0
0.12	0
0.125	0
0.13	0
0.135	0
0.14	0
0.145	0
0.15	0
0.155	0
0.16	0
0.165	0
0.17	0
0.175	0
0.18	0
0.185	0
0.19	0
0.195	0
0.2	0
0.205	0
0.21	0
0.215	0
0.22	0
0.225	0
0.23	0
0.235	0
0.24	0
0.245	0
0.25	0
0.255	0
0.26	0
0.265	0
0.27	0
0.275	0
0.28	0
0.285	0
0.29	0
0.295	0
0.3	0
0.305	0
0.31	0
0.315	0
0.32	0
0.325	0
0.33	0
0.335	0
0.34	0
0.345	0
0.35	0
0.355	0
0.36	0
0.365	0
0.37	0
0.375	0
0.38	0
0.385	0
0.39	0
0.395	0
0.4	0
0.405	0
0.41	0
0.415	0
0.42	0
0.425	0
0.43	0
0.435	0
0.44	0
0.445	0
0.45	-1.99148e-69
0.455	-2.39175e-67
0.46	-1.46134e-65
0.465	-6.05722e-64
0.47	-1.91531e-62
0.475	-4.92338e-61
0.48	-1.07028e-59
0.485	-2.02071e-58
0.49	-3.37697e-57
0.495	-5.0666e-56
0.5	-6.89958e-55
0.505	-8.60275e-54
0.51	-9.89162e-53
0.515	-1.05515e-51
0.52	-1.04953e-50
0.525	-9.77759e-50
0.53	-8.56448e-49
0.535	-7.07753e-48
0.54	-5.53459e-47
0.545	-4.10657e-46
0.55	-2.89803e-45
0.555	-1.94933e-44
0.56	-1.25215e-43
0.565	-7.6939e-43
0.57	-4.52904e-42
0.575	-2.55741e-41
0.58	-1.38679e-40
0.585	-7.22828e-40
0.59	-3.62399e-39
0.595	-1.74855e-38
0.6	-8.12105e-38
0.605	-3.63039e-37
0.61	-1.56132e-36
0.615	-6.4533e-36
0.62	-2.55883e-35
0.625	-9.70457e-35
0.63	-3.50315e-34
0.635	-1.1937e-33
0.64	-3.78269e-33
0.645	-1.0815e-32
0.65	-2.58612e-32
0.655	-3.79511e-32
0.66	7.8568e-32
0.665	1.06704e-30
0.67	6.51668e-30
0.675	3.19714e-29
0.68	1.40036e-28
0.685	5.69453e-28
0.69	2.19118e-27
0.695	8.06466e-27
0.7	2.85843e-26
0.705	9.80157e-26
0.71	3.26222e-25
0.715	1.05645e-24
0.72	3.33524e-24
0.725	1.02804e-23
0.73	3.09772e-23
0.735	9.13425e-23
0.74	2.6381e-22
0.745	7.46846e-22
0.75	2.0739e-21
0.755	5.65223e-21
0.76	1.51274e-20
0.765	3.97769e-20
0.77	1.02805e-19
0.775	2.61271e-19
0.78	6.53171e-19
0.785	1.60684e-18
0.79	3.89109e-18
0.795	9.27803e-18
0.8	2.17897e-17
0.805	5.0417e-17
0.81	1.14959e-16
0.815	2.58381e-16
0.82	5.72568e-16
0.825	1.25124e-15
0.83	2.69707e-15
0.835	5.73554e-15
0.84	1.20356e-14
0.845	2.49264e-14
0.85	5.09594e-14
0.855	1.02859e-13
0.86	2.05013e-13
0.865	4.0357e-13
0.87	7.84733e-13
0.875	1.5075e-12
0.88	2.86148e-12
0.885	5.36767e-12
0.89	9.95185e-12
0.895	1.82392e-11
0.9	3.30483e-11
0.905	5.92097e-11
0.91	1.04904e-10
0.915	1.83824e-10
0.92	3.18623e-10
0.925	5.4635e-10
0.93	9.26901e-10
0.935	1.55602e-09
0.94	2.58505e-09
0.945	4.25053e-09
0.95	6.91806e-09
0.955	1.11466e-08
0.96	1.77813e-08
0.965	2.80862e-08
0.97	4.39317e-08
0.975	6.80558e-08
0.98	1.04423e-07
0.985	1.58716e-07
0.99	2.38989e-07
0.995	3.56543e-07
1	5.27069e-07
1.005	7.72123e-07
1.01	1.12102e-06
1.015	1.6132e-06
1.02	2.3012e-06
1.025	3.25428e-06
1.03	4.56279e-06
1.035	6.34342e-06
1.04	8.74532e-06
1.045	1.19572e-05
1.05	1.62154e-05
1.055	2.18129e-05
1.06	2.9109e-05
1.065	3.85403e-05
1.07	5.06312e-05
1.075	6.60057e-05
1.08	8.53985e-05
1.085	0.000109666
1.09	0.000139794
1.095	0.00017691
1.1	0.000222285
1.105	0.000277339
1.11	0.000343644
1.115	0.000422917
1.12	0.000517017
1.125	0.000627936
1.13	0.000757782
1.135	0.000908766
1.14	0.00108318
1.145	0.00128339
1.15	0.00151179
1.155	0.00177079
1.16	0.00206281
1.165	0.00239024
1.17	0.00275544
1.175	0.00316071
1.18	0.00360833
1.185	0.0041005
1.19	0.00463936
1.195	0.00522704
1.2	0.00586563
1.205	0.00655721
1.21	0.00730389
1.215	0.00810777
1.22	0.00897104
1.225	0.00989595
1.23	0.0108848
1.235	0.01194
1.24	0.013064
1.245	0.0142594
1.25	0.0155288
1.255	0.0168749
1.26	0.0183004
1.265	0.0198079
1.27	0.0214002
1.275	0.0230798
1.28	0.0248494
1.285	0.0267114
1.29	0.0286681
1.295	0.030722
1.3	0.0328751
1.305	0.0351296
1.31	0.0374875
1.315	0.039951
1.32	0.042522
1.325	0.0452025
1.33	0.0479946
1.335	0.0509003
1.34	0.0539218
1.345	0.0570613
1.35	0.060321
1.355	0.0637032
1.36	0.0672101
1.365	0.070844
1.37	0.0746071
1.375	0.0785016
1.38	0.0825296
1.385	0.0866931
1.39	0.0909939
1.395	0.0954339
1.4	0.100015
1.405	0.104737
1.41	0.109604
1.415	0.114616
1.42	0.119774
1.425	0.125079
1.43	0.130534
1.435	0.136138
1.44	0.141893
1.445	0.147801
1.45	0.153862
1.455	0.160077
1.46	0.166449
1.465	0.172976
1.47	0.179662
1.475	0.186506
1.48	0.19351
1.485	0.200673
1.49	0.207997
1.495	0.215483
1.5	0.223129
1.505	0.230937
1.51	0.238907
1.515	0.247039
1.52	0.255332
1.525	0.263786
1.53	0.272402
1.535	0.28118
1.54	0.290118
1.545	0.299216
1.55	0.308474
1.555	0.317892
1.56	0.327469
1.565	0.337205
1.57	0.347097
1.575	0.357147
1.58	0.367352
1.585	0.377711
1.59	0.388223
1.595	0.398887
1.6	0.4097
1.605	0.420662
1.61	0.431771
1.615	0.443023
1.62	0.454419
1.625	0.465955
1.63	0.477629
1.635	0.489439
1.64	0.501382
1.645	0.513456
1.65	0.525658
1.655	0.537986
1.66	0.550436
1.665	0.563005
1.67	0.57569
1.675	0.588488
1.68	0.601395
1.685	0.614407
1.69	0.62752
1.695	0.640731
1.7	0.654035
1.705	0.667428
1.71	0.680906
1.715	0.694464
1.72	0.708098
1.725	0.721803
1.73	0.735575
1.735	0.749409
1.74	0.763299
1.745	0.777241
1.75	0.791229
1.755	0.805259
1.76	0.819325
1.765	0.833421
1.77	0.847542
1.775	0.861683
1.78	0.875837
1.785	0.889998
1.79	0.904161
1.795	0.91832
1.8	0.932469
1.805	0.946601
1.81	0.96071
1.815	0.97479
1.82	0.988835
1.825	1.00284
1.83	1.01679
1.835	1.03069
1.84	1.04453
1.845	1.05829
1.85	1.07199
1.855	1.0856
1.86	1.09912
1.865	1.11254
1.87	1.12586
1.875	1.13907
1.88	1.15216
1.885	1.16512
1.89	1.17795
1.895	1.19065
1.9	1.20319
1.905	1.21558
1.91	1.22781
1.915	1.23987
1.92	1.25176
1.925	1.26346
1.93	1.27497
1.935	1.28627
1.94	1.29738
1.945	1.30826
1.95	1.31893
1.955	1.32937
1.96	1.33957
1.965	1.34952
1.97	1.35922
1.975	1.36867
1.98	1.37784
1.985	1.38675
1.99	1.39537
1.995	1.4037
2	1.41174
2.005	1.41947
2.01	1.4269
2.015	1.434
2.02	1.44079
2.025	1.44724
2.03	1.45335
2.035	1.45912
2.04	1.46454
2.045	1.4696
2.05	1.47429
2.055	1.47861
2.06	1.48255
2.065	1.48611
2.07	1.48927
2.075	1.49204
2.08	1.4944
2.085	1.49636
2.09	1.4979
2.095	1.49902
2.1	1.49971
2.105	1.49998
2.11	1.4998
2.115	1.49919
2.12	1.49812
2.125	1.49661
2.13	1.49464
2.135	1.4922
2.14	1.4893
2.145	1.48593
2.15	1.48209
2.155	1.47776
2.16	1.47296
2.165	1.46767
2.17	1.46189
2.175	1.45561
2.18	1.44884
2.185	1.44157
2.19	1.43381
2.195	1.42553
2.2	1.41676
2.205	1.40747
2.21	1.39768
2.215	1.38737
2.22	1.37655
2.225	1.36522
2.23	1.35338
2.235	1.34102
2.24	1.32814
2.245	1.31475
2.25	1.30084
2.255	1.28642
2.26	1.27148
2.265	1.25602
2.27	1.24005
2.275	1.22357
2.28	1.20657
2.285	1.18906
2.29	1.17105
2.295	1.15253
2.3	1.1335
2.305	1.11398
2.31	1.09395
2.315	1.07344
2.32	1.05242
2.325	1.03092
2.33	1.00894
2.335	0.98647
2.34	0.963527
2.345	0.94011
2.35	0.916226
2.355	0.891878
2.36	0.867072
2.365	0.841813
2.37	0.816106
2.375	0.789958
2.38	0.763374
2.385	0.736361
2.39	0.708925
2.395	0.681072
2.4	0.65281
2.405	0.624146
2.41	0.595086
2.415	0.565639
2.42	0.535812
2.425	0.505614
2.43	0.475051
2.435	0.444133
2.44	0.412868
2.445	0.381265
2.45	0.349332
2.455	0.31708
2.46	0.284516
2.465	0.251652
2.47	0.218495
2.475	0.185057
2.48	0.151347
2.485	0.117375
2.49	0.083152
2.495	0.0486877
2.5	0.013993
2.505	-0.0209213
2.51	-0.0560444
2.515	-0.0913651
2.52	-0.126872
2.525	-0.162555
2.53	-0.198401
2.535	-0.234399
2.54	-0.270537
2.545	-0.306804
2.55	-0.343187
2.555	-0.379675
2.56	-0.416254
2.565	-0.452914
2.57	-0.489642
2.575	-0.526425
2.58	-0.56325
2.585	-0.600106
2.59	-0.63698
2.595	-0.673858
2.6	-0.710729
2.605	-0.747579
2.61	-0.784396
2.615	-0.821166
2.62	-0.857877
2.625	-0.894515
2.63	-0.931069
2.635	-0.967524
2.64	-1.00387
2.645	-1.04009
2.65	-1.07617
2.655	-1.1121
2.66	-1.14787
2.665	-1.18346
2.67	-1.21886
2.675	-1.25406
2.68	-1.28905
2.685	-1.32381
2.69	-1.35833
2.695	-1.39259
2.7	-1.42659
2.705	-1.46031
2.71	-1.49374
2.715	-1.52686
2.72	-1.55967
2.725	-1.59216
2.73	-1.6243
2.735	-1.65609
2.74	-1.68751
2.745	-1.71856
2.75	-1.74922
2.755	-1.77948
2.76	-1.80934
2.765	-1.83877
2.77	-1.86776
2.775	-1.89632
2.78	-1.92442
2.785	-1.95205
2.79	-1.97921
2.795	-2.00588
2.8	-2.03206
2.805	-2.05773
2.81	-2.08288
2.815	-2.10751
2.82	-2.1316
2.825	-2.15515
2.83	-2.17815
2.835	-2.20058
2.84	-2.22245
2.845	-2.24373
2.85	-2.26443
2.855	-2.28454
2.86	-2.30404
2.865	-2.32293
2.87	-2.34121
2.875	-2.35886
2.88	-2.37588
2.885	-2.39227
2.89	-2.40801
2.895	-2.4231
2.9	-2.43754
2.905	-2.45132
2.91	-2.46443
2.915	-2.47687
2.92	-2.48864
2.925	-2.49973
2.93	-2.51013
2.935	-2.51984
2.94	-2.52887
2.945	-2.53719
2.95	-2.54482
2.955	-2.55175
2.96	-2.55798
2.965	-2.5635
2.97	-2.56831
2.975	-2.57241
2.98	-2.57581
2.985	-2.57849
2.99	-2.58045
2.995	-2.58171
3	-2.58225
3.005	-2.58207
3.01	-2.58118
3.015	-2.57958
3.02	-2.57727
3.025	-2.57424
3.03	-2.5705
3.035	-2.56605
3.04	-2.5609
3.045	-2.55504
3.05	-2.54848
3.055	-2.54121
3.06	-2.53325
3.065	-2.5246
3.07	-2.51525
3.075	-2.50522
3.08	-2.49451
3.085	-2.48311
3.09	-2.47104
3.095	-2.4583
3.1	-2.44489
3.105	-2.43083
3.11	-2.4161
3.115	-2.40073
3.12	-2.38472
3.125	-2.36806
3.13	-2.35078
3.135	-2.33287
3.14	-2.31435
3.145	-2.29521
3.15	-2.27547
3.155	-2.25513
3.16	-2.2342
3.165	-2.21269
3.17	-2.19061
3.175	-2.16797
3.18	-2.14476
3.185	-2.12101
3.19	-2.09672
3.195	-2.0719
3.2	-2.04656
3.205	-2.0207
3.21	-1.99435
3.215	-1.9675
3.22	-1.94016
3.225	-1.91236
3.23	-1.88409
3.235	-1.85536
3.24	-1.82619
3.245	-1.79659
3.25	-1.76657
3.255	-1.73614
3.26	-1.7053
3.265	-1.67408
3.27	-1.64248
3.275	-1.6105
3.28	-1.57818
3.285	-1.5455
3.29	-1.5125
3.295	-1.47917
3.3	-1.44553
3.305	-1.41159
3.31	-1.37736
3.315	-1.34286
3.32	-1.3081
3.325	-1.27308
3.33	-1.23782
3.335	-1.20233
3.34	-1.16662
3.345	-1.13071
3.35	-1.09461
3.355	-1.05833
3.36	-1.02188
3.365	-0.985268
3.37	-0.948514
3.375	-0.911628
3.38	-0.874621
3.385	-0.837505
3.39	-0.800292
3.395	-0.762995
3.4	-0.725625
3.405	-0.688194
3.41	-0.650714
3.415	-0.613197
3.42	-0.575654
3.425	-0.538098
3.43	-0.500539
3.435	-0.46299
3.44	-0.425463
3.445	-0.387968
3.45	-0.350518
3.455	-0.313123
3.46	-0.275796
3.465	-0.238546
3.47	-0.201386
3.475	-0.164327
3.48	-0.127379
3.485	-0.0905528
3.49	-0.0538602
3.495	-0.0173113
3.5	0.0190832
3.505	0.055313
3.51	0.0913676
3.515	0.127237
3.52	0.16291
3.525	0.198378
3.53	0.233631
3.535	0.268658
3.54	0.30345
3.545	0.337997
3.55	0.37229
3.555	0.40632
3.56	0.440077
3.565	0.473552
3.57	0.506738
3.575	0.539624
3.58	0.572203
3.585	0.604466
3.59	0.636404
3.595	0.668011
3.6	0.699277
3.605	0.730196
3.61	0.760758
3.615	0.790958
3.62	0.820787
3.625	0.850237
3.63	0.879303
3.635	0.907977
3.64	0.936252
3.645	0.964122
3.65	0.99158
3.655	1.01862
3.66	1.04524
3.665	1.07142
3.67	1.09718
3.675	1.12249
3.68	1.14735
3.685	1.17176
3.69	1.19572
3.695	1.21921
3.7	1.24224
3.705	1.2648
3.71	1.28689
3.715	1.30849
3.72	1.32961
3.725	1.35025
3.73	1.37039
3.735	1.39004
3.74	1.40919
3.745	1.42784
3.75	1.44599
3.755	1.46363
3.76	1.48076
3.765	1.49738
3.77	1.51348
3.775	1.52907
3.78	1.54415
3.785	1.5587
3.79	1.57273
3.795	1.58624
3.8	1.59922
3.805	1.61168
3.81	1.62362
3.815	1.63502
3.82	1.6459
3.825	1.65625
3.83	1.66607
3.835	1.67537
3.84	1.68413
3.845	1.69237
3.85	1.70008
3.855	1.70726
3.86	1.71391
3.865	1.72004
3.87	1.72564
3.875	1.73072
3.88	1.73528
3.885	1.73932
3.89	1.74283
3.895	1.74583
3.9	1.74831
3.905	1.75028
3.91	1.75173
3.915	1.75268
3.92	1.75311
3.925	1.75304
3.93	1.75247
3.935	1.7514
3.94	1.74984
3.945	1.74777
3.95	1.74522
3.955	1.74219
3.96	1.73867
3.965	1.73467
3.97	1.73019
3.975	1.72524
3.98	1.71982
3.985	1.71394
3.99	1.7076
3.995	1.70081
4	1.69356
4.005	1.68586
4.01	1.67773
4.015	1.66915
4.02	1.66015
4.025	1.65071
4.03	1.64086
4.035	1.63059
4.04	1.6199
4.045	1.60881
4.05	1.59732
4.055	1.58544
4.06	1.57317
4.065	1.56051
4.07	1.54748
4.075	1.53407
4.08	1.5203
4.085	1.50618
4.09	1.4917
4.095	1.47687
4.1	1.4617
4.105	1.44621
4.11	1.43038
4.115	1.41424
4.12	1.39778
4.125	1.38102
4.13	1.36396
4.135	1.3466
4.14	1.32897
4.145	1.31105
4.15	1.29287
4.155	1.27442
4.16	1.25571
4.165	1.23676
4.17	1.21756
4.175	1.19813
4.18	1.17847
4.185	1.15859
4.19	1.13849
4.195	1.11819
4.2	1.09769
4.205	1.07699
4.21	1.0561
4.215	1.03503
4.22	1.01379
4.225	0.992377
4.23	0.970802
4.235	0.949071
4.24	0.927189
4.245	0.905163
4.25	0.882997
4.255	0.8607
4.26	0.838275
4.265	0.81573
4.27	0.79307
4.275	0.770302
4.28	0.747432
4.285	0.724466
4.29	0.701412
4.295	0.678274
4.3	0.655061
4.305	0.631777
4.31	0.608431
4.315	0.585029
4.32	0.561576
4.325	0.53808
4.33	0.514547
4.335	0.490982
4.34	0.467393
4.345	0.443785
4.35	0.420163
4.355	0.396535
4.36	0.372905
4.365	0.34928
4.37	0.325665
4.375	0.302066
4.38	0.27849
4.385	0.254941
4.39	0.231427
4.395	0.207953
4.4	0.184525
4.405	0.16115
4.41	0.137833
4.415	0.114581
4.42	0.0914004
4.425	0.0682962
4.43	0.0452749
4.435	0.0223422
4.44	-0.000496134
4.445	-0.0232344
4.45	-0.0458672
4.455	-0.0683891
4.46	-0.0907947
4.465	-0.113079
4.47	-0.135236
4.475	-0.157262
4.48	-0.179151
4.485	-0.200898
4.49	-0.222497
4.495	-0.243944
4.5	-0.265233
4.505	-0.28636
4.51	-0.307318
4.515	-0.328103
4.52	-0.348709
4.525	-0.369131
4.53	-0.389365
4.535	-0.409406
4.54	-0.429248
4.545	-0.448887
4.55	-0.468319
4.555	-0.487539
4.56	-0.506543
4.565	-0.525326
4.57	-0.543886
4.575	-0.562217
4.58	-0.580315
4.585	-0.598177
4.59	-0.615798
4.595	-0.633175
4.6	-0.650303
4.605	-0.66718
4.61	-0.6838
4.615	-0.700161
4.62	-0.716258
4.625	-0.732088
4.63	-0.747649
4.635	-0.762935
4.64	-0.777946
4.645	-0.792677
4.65	-0.807125
4.655	-0.821289
4.66	-0.835165
4.665	-0.84875
4.67	-0.862043
4.675	-0.875041
4.68	-0.88774
4.685	-0.90014
4.69	-0.912237
4.695	-0.92403
4.7	-0.935516
4.705	-0.946694
4.71	-0.957561
4.715	-0.968116
4.72	-0.978356
4.725	-0.988281
4.73	-0.997888
4.735	-1.00718
4.74	-1.01615
4.745	-1.02479
4.75	-1.03312
4.755	-1.04112
4.76	-1.0488
4.765	-1.05616
4.77	-1.06318
4.775	-1.06988
4.78	-1.07626
4.785	-1.0823
4.79	-1.08802
4.795	-1.0934
4.8	-1.09846
4.805	-1.10319
4.81	-1.10758
4.815	-1.11165
4.82	-1.11539
4.825	-1.11879
4.83	-1.12187
4.835	-1.12461
4.84	-1.12703
4.845	-1.12912
4.85	-1.13088
4.855	-1.13231
4.86	-1.13342
4.865	-1.1342
4.87	-1.13466
4.875	-1.13479
4.88	-1.1346
4.885	-1.13409
4.89	-1.13326
4.895	-1.13211
4.9	-1.13064
4.905	-1.12886
4.91	-1.12677
4.915	-1.12437
4.92	-1.12165
4.925	-1.11863
4.93	-1.1153
4.935	-1.11168
4.94	-1.10775
4.945	-1.10352
4.95	-1.099
4.955	-1.09418
4.96	-1.08907
4.965	-1.08367
4.97	-1.07799
4.975	-1.07203
4.98	-1.06579
4.985	-1.05927
4.99	-1.05248
4.995	-1.04541
5	-1.03808
5.005	-1.03049
5.01	-1.02264
5.015	-1.01453
5.02	-1.00617
5.025	-0.997554
5.03	-0.988696
5.035	-0.979596
5.04	-0.970257
5.045	-0.960683
5.05	-0.950877
5.055	-0.940844
5.06	-0.930588
5.065	-0.920112
5.07	-0.909421
5.075	-0.898519
5.08	-0.88741
5.085	-0.876099
5.09	-0.864589
5.095	-0.852885
5.1	-0.840992
5.105	-0.828914
5.11	-0.816655
5.115	-0.80422
5.12	-0.791613
5.125	-0.778839
5.13	-0.765902
5.135	-0.752806
5.14	-0.739557
5.145	-0.726158
5.15	-0.712615
5.155	-0.698932
5.16	-0.685113
5.165	-0.671164
5.17	-0.657089
5.175	-0.642892
5.18	-0.62858
5.185	-0.614156
5.19	-0.599625
5.195	-0.584993
5.2	-0.570263
5.205	-0.555441
5.21	-0.540532
5.215	-0.52554
5.22	-0.510469
5.225	-0.495326
5.23	-0.480114
5.235	-0.464838
5.24	-0.449502
5.245	-0.434112
5.25	-0.418672
5.255	-0.403187
5.26	-0.387662
5.265	-0.3721
5.27	-0.356508
5.275	-0.340889
5.28	-0.325248
5.285	-0.309591
5.29	-0.293921
5.295	-0.278244
5.3	-0.262564
5.305	-0.246886
5.31	-0.231214
5.315	-0.215553
5.32	-0.199908
5.325	-0.184283
5.33	-0.168683
5.335	-0.153111
5.34	-0.137573
5.345	-0.122072
5.35	-0.106614
5.355	-0.0912018
5.36	-0.0758401
5.365	-0.0605332
5.37	-0.0452854
5.375	-0.0301009
5.38	-0.0149838
5.385	6.15857e-05
5.39	0.0150311
5.395	0.0299205
5.4	0.0447258
5.405	0.0594429
5.41	0.0740677
5.415	0.0885963
5.42	0.103025
5.425	0.117349
5.43	0.131566
5.435	0.145672
5.44	0.159663
5.445	0.173536
5.45	0.187287
5.455	0.200913
5.46	0.21441
5.465	0.227775
5.47	0.241006
5.475	0.254098
5.48	0.267049
5.485	0.279855
5.49	0.292513
5.495	0.305022
5.5	0.317376
5.505	0.329574
5.51	0.341613
5.515	0.353491
5.52	0.365203
5.525	0.376749
5.53	0.388125
5.535	0.39933
5.54	0.410359
5.545	0.421213
5.55	0.431887
5.555	0.44238
5.56	0.45269
5.565	0.462815
5.57	0.472753
5.575	0.482502
5.58	0.492059
5.585	0.501425
5.59	0.510596
5.595	0.519571
5.6	0.528348
5.605	0.536927
5.61	0.545305
5.615	0.553482
5.62	0.561455
5.625	0.569225
5.63	0.576789
5.635	0.584148
5.64	0.591298
5.645	0.598241
5.65	0.604975
5.655	0.611498
5.66	0.617811
5.665	0.623912
5.67	0.629802
5.675	0.635478
5.68	0.640942
5.685	0.646191
5.69	0.651227
5.695	0.656049
5.7	0.660656
5.705	0.665048
5.71	0.669226
5.715	0.673188
5.72	0.676936
5.725	0.68047
5.73	0.683788
5.735	0.686892
5.74	0.689781
5.745	0.692456
5.75	0.694918
5.755	0.697166
5.76	0.6992
5.765	0.701022
5.77	0.702632
5.775	0.704031
5.78	0.705218
5.785	0.706196
5.79	0.706964
5.795	0.707524
5.8	0.707877
5.805	0.708023
5.81	0.707963
5.815	0.707698
5.82	0.70723
5.825	0.706559
5.83	0.705687
5.835	0.704615
5.84	0.703343
5.845	0.701874
5.85	0.700209
5.855	0.698348
5.86	0.696294
5.865	0.694048
5.87	0.691612
5.875	0.688987
5.88	0.686175
5.885	0.683178
5.89	0.679997
5.895	0.676635
5.9	0.673092
5.905	0.669372
5.91	0.665476
5.915	0.661405
5.92	0.657162
5.925	0.652749
5.93	0.648167
5.935	0.64342
5.94	0.638508
5.945	0.633434
5.95	0.6282
5.955	0.622809
5.96	0.617263
5.965	0.611564
5.97	0.605715
5.975	0.599718
5.98	0.593576
5.985	0.58729
5.99	0.580864
5.995	0.5743
6	0.567601
6.005	0.560768
6.01	0.553805
6.015	0.546714
6.02	0.539497
6.025	0.532157
6.03	0.524697
6.035	0.517119
6.04	0.509426
6.045	0.501621
6.05	0.493706
6.055	0.485685
6.06	0.47756
6.065	0.469334
6.07	0.46101
6.075	0.452591
6.08	0.444079
6.085	0.435478
6.09	0.42679
6.095	0.418018
6.1	0.409165
6.105	0.400233
6.11	0.391226
6.115	0.382147
6.12	0.372997
6.125	0.363781
6.13	0.354501
6.135	0.34516
6.14	0.335761
6.145	0.326308
6.15	0.316802
6.155	0.307247
6.16	0.297647
6.165	0.288003
6.17	0.278319
6.175	0.268598
6.18	0.258842
6.185	0.249055
6.19	0.239239
6.195	0.229398
6.2	0.219533
6.205	0.209649
6.21	0.199747
6.215	0.189832
6.22	0.179904
6.225	0.169969
6.23	0.160028
6.235	0.150085
6.24	0.140142
6.245	0.130202
6.25	0.120268
6.255	0.110344
6.26	0.100431
6.265	0.0905322
6.27	0.0806511
6.275	0.07079
6.28	0.0609516
6.285	0.0511386
6.29	0.0413538
6.295	0.0315999
6.3	0.0218793
6.305	0.012195
6.31	0.00254947
6.315	-0.00705461
6.32	-0.0166146
6.325	-0.0261279
6.33	-0.0355919
6.335	-0.0450042
6.34	-0.0543621
6.345	-0.0636631
6.35	-0.0729049
6.355	-0.0820851
6.36	-0.0912012
6.365	-0.100251
6.37	-0.109232
6.375	-0.118142
6.38	-0.126978
6.385	-0.135739
6.39	-0.144421
6.395	-0.153024
6.4	-0.161544
6.405	-0.169979
6.41	-0.178328
6.415	-0.186588
6.42	-0.194757
6.425	-0.202834
6.43	-0.210816
6.435	-0.218702
6.44	-0.22649
6.445	-0.234177
6.45	-0.241762
6.455	-0.249243
6.46	-0.256619
6.465	-0.263887
6.47	-0.271047
6.475	-0.278095
6.48	-0.285032
6.485	-0.291854
6.49	-0.298561
6.495	-0.305152
6.5	-0.311624
6.505	-0.317977
6.51	-0.324209
6.515	-0.330319
6.52	-0.336306
6.525	-0.342169
6.53	-0.347906
6.535	-0.353516
6.54	-0.358998
6.545	-0.364351
6.55	-0.369575
6.555	-0.374667
6.56	-0.379627
6.565	-0.384455
6.57	-0.389149
6.575	-0.393708
6.58	-0.398133
6.585	-0.402422
6.59	-0.406574
6.595	-0.41059
6.6	-0.414469
6.605	-0.418209
6.61	-0.421811
6.615	-0.425275
6.62	-0.428599
6.625	-0.431784
6.63	-0.434829
6.635	-0.437734
6.64	-0.440498
6.645	-0.443121
6.65	-0.445603
6.655	-0.447945
6.66	-0.450145
6.665	-0.452205
6.67	-0.454123
6.675	-0.455901
6.68	-0.457539
6.685	-0.459036
6.69	-0.460393
6.695	-0.46161
6.7	-0.462688
6.705	-0.463627
6.71	-0.464427
6.715	-0.465088
6.72	-0.465612
6.725	-0.465997
6.73	-0.466246
6.735	-0.466357
6.74	-0.466332
6.745	-0.466172
6.75	-0.465877
6.755	-0.465447
6.76	-0.464885
6.765	-0.464189
6.77	-0.463362
6.775	-0.462405
6.78	-0.461318
6.785	-0.460102
6.79	-0.458758
6.795	-0.457287
6.8	-0.45569
6.805	-0.453969
6.81	-0.452123
6.815	-0.450155
6.82	-0.448064
6.825	-0.445854
6.83	-0.443523
6.835	-0.441075
6.84	-0.43851
6.845	-0.435829
6.85	-0.433035
6.855	-0.430127
6.86	-0.427109
6.865	-0.423981
6.87	-0.420745
6.875	-0.417402
6.88	-0.413954
6.885	-0.410402
6.89	-0.406747
6.895	-0.402992
6.9	-0.399138
6.905	-0.395185
6.91	-0.391137
6.915	-0.386995
6.92	-0.382759
6.925	-0.378433
6.93	-0.374017
6.935	-0.369514
6.94	-0.364926
6.945	-0.360253
6.95	-0.355499
6.955	-0.350665
6.96	-0.345752
6.965	-0.340763
6.97	-0.335699
6.975	-0.330563
6.98	-0.325355
6.985	-0.320079
6.99	-0.314734
6.995	-0.309325
7	-0.303851
7.005	-0.298316
7.01	-0.292722
7.015	-0.287069
7.02	-0.281361
7.025	-0.275599
7.03	-0.269785
7.035	-0.263921
7.04	-0.258009
7.045	-0.252052
7.05	-0.246051
7.055	-0.240008
7.06	-0.233926
7.065	-0.227805
7.07	-0.221648
7.075	-0.215458
7.08	-0.209235
7.085	-0.202982
7.09	-0.196701
7.095	-0.190394
7.1	-0.184062
7.105	-0.177708
7.11	-0.171333
7.115	-0.16494
7.12	-0.158531
7.125	-0.152107
7.13	-0.145671
7.135	-0.139224
7.14	-0.132769
7.145	-0.126307
7.15	-0.119841
7.155	-0.113372
7.16	-0.106901
7.165	-0.100432
7.17	-0.0939651
7.175	-0.0875029
7.18	-0.0810471
7.185	-0.0745995
7.19	-0.0681619
7.195	-0.0617362
7.2	-0.0553241
7.205	-0.0489276
7.21	-0.0425483
7.215	-0.0361882
7.22	-0.0298489
7.225	-0.0235322
7.23	-0.0172398
7.235	-0.0109735
7.24	-0.00473478
7.245	0.00147458
7.25	0.007653
7.255	0.0137989
7.26	0.0199106
7.265	0.0259866
7.27	0.0320253
7.275	0.0380251
7.28	0.0439844
7.285	0.0499018
7.29	0.0557756
7.295	0.0616045
7.3	0.0673868
7.305	0.0731213
7.31	0.0788063
7.315	0.0844405
7.32	0.0900225
7.325	0.095551
7.33	0.101025
7.335	0.106442
7.34	0.111802
7.345	0.117104
7.35	0.122345
7.355	0.127525
7.36	0.132643
7.365	0.137698
7.37	0.142687
7.375	0.147611
7.38	0.152469
7.385	0.157258
7.39	0.161978
7.395	0.166628
7.4	0.171207
7.405	0.175714
7.41	0.180148
7.415	0.184508
7.42	0.188793
7.425	0.193003
7.43	0.197136
7.435	0.201191
7.44	0.205169
7.445	0.209068
7.45	0.212887
7.455	0.216625
7.46	0.220283
7.465	0.223859
7.47	0.227352
7.475	0.230763
7.48	0.23409
7.485	0.237333
7.49	0.240492
7.495	0.243566
7.5	0.246553
7.505	0.249456
7.51	0.252271
7.515	0.255
7.52	0.257642
7.525	0.260196
7.53	0.262663
7.535	0.265041
7.54	0.267331
7.545	0.269532
7.55	0.271644
7.555	0.273667
7.56	0.275601
7.565	0.277446
7.57	0.279201
7.575	0.280867
7.58	0.282443
7.585	0.28393
7.59	0.285327
7.595	0.286635
7.6	0.287854
7.605	0.288983
7.61	0.290024
7.615	0.290975
7.62	0.291836
7.625	0.292609
7.63	0.293293
7.635	0.293889
7.64	0.294396
7.645	0.294815
7.65	0.295146
7.655	0.29539
7.66	0.295547
7.665	0.295618
7.67	0.295603
7.675	0.295501
7.68	0.295315
7.685	0.295044
7.69	0.294689
7.695	0.294249
7.7	0.293726
7.705	0.29312
7.71	0.292432
7.715	0.291662
7.72	0.29081
7.725	0.289878
7.73	0.288865
7.735	0.287773
7.74	0.286603
7.745	0.285355
7.75	0.28403
7.755	0.282628
7.76	0.281151
7.765	0.279599
7.77	0.277974
7.775	0.276275
7.78	0.274504
7.785	0.272661
7.79	0.270747
7.795	0.268764
7.8	0.266711
7.805	0.26459
7.81	0.262402
7.815	0.260148
7.82	0.257828
7.825	0.255444
7.83	0.252997
7.835	0.250488
7.84	0.247917
7.845	0.245286
7.85	0.242597
7.855	0.239849
7.86	0.237044
7.865	0.234184
7.87	0.231269
7.875	0.228299
7.88	0.225278
7.885	0.222204
7.89	0.21908
7.895	0.215907
7.9	0.212685
7.905	0.209416
7.91	0.206101
7.915	0.202742
7.92	0.199339
7.925	0.195894
7.93	0.192408
7.935	0.188883
7.94	0.185319
7.945	0.181718
7.95	0.178081
7.955	0.174409
7.96	0.170703
7.965	0.166964
7.97	0.163194
7.975	0.159394
7.98	0.155565
7.985	0.151708
7.99	0.147825
7.995	0.143917
8	0.139985
8.005	0.13603
8.01	0.132055
8.015	0.12806
8.02	0.124046
8.025	0.120015
8.03	0.115967
8.035	0.111905
8.04	0.107829
8.045	0.10374
8.05	0.0996403
8.055	0.0955302
8.06	0.0914113
8.065	0.0872847
8.07	0.0831517
8.075	0.0790137
8.08	0.0748719
8.085	0.0707276
8.09	0.066582
8.095	0.0624364
8.1	0.0582921
8.105	0.0541501
8.11	0.0500117
8.115	0.0458781
8.12	0.0417503
8.125	0.0376295
8.13	0.0335168
8.135	0.0294135
8.14	0.0253205
8.145	0.0212391
8.15	0.0171703
8.155	0.0131155
8.16	0.00907562
8.165	0.00505191
8.17	0.00104547
8.175	-0.00294256
8.18	-0.00691109
8.185	-0.010859
8.19	-0.0147853
8.195	-0.0186889
8.2	-0.0225687
8.205	-0.0264239
8.21	-0.0302534
8.215	-0.0340562
8.22	-0.0378315
8.225	-0.0415782
8.23	-0.0452954
8.235	-0.0489822
8.24	-0.0526376
8.245	-0.0562606
8.25	-0.0598503
8.255	-0.0634057
8.26	-0.066926
8.265	-0.0704102
8.27	-0.0738575
8.275	-0.0772671
8.28	-0.0806381
8.285	-0.0839697
8.29	-0.0872612
8.295	-0.0905118
8.3	-0.0937209
8.305	-0.0968877
8.31	-0.100012
8.315	-0.103092
8.32	-0.106127
8.325	-0.109118
8.33	-0.112063
8.335	-0.114961
8.34	-0.117812
8.345	-0.120616
8.35	-0.123371
8.355	-0.126076
8.36	-0.128733
8.365	-0.131339
8.37	-0.133895
8.375	-0.136399
8.38	-0.138853
8.385	-0.141254
8.39	-0.143603
8.395	-0.145899
8.4	-0.148142
8.405	-0.150331
8.41	-0.152466
8.415	-0.154546
8.42	-0.156572
8.425	-0.158542
8.43	-0.160457
8.435	-0.162316
8.44	-0.164119
8.445	-0.165866
8.45	-0.167556
8.455	-0.169189
8.46	-0.170765
8.465	-0.172284
8.47	-0.173746
8.475	-0.175151
8.48	-0.176498
8.485	-0.177787
8.49	-0.179019
8.495	-0.180193
8.5	-0.181308
8.505	-0.182366
8.51	-0.183365
8.515	-0.184307
8.52	-0.18519
8.525	-0.186015
8.53	-0.186782
8.535	-0.187491
8.54	-0.188142
8.545	-0.188735
8.55	-0.189271
8.555	-0.18975
8.56	-0.190171
8.565	-0.190534
8.57	-0.190841
8.575	-0.191091
8.58	-0.191284
8.585	-0.191421
8.59	-0.191502
8.595	-0.191526
8.6	-0.191495
8.605	-0.191408
8.61	-0.191266
8.615	-0.191068
8.62	-0.190817
8.625	-0.190511
8.63	-0.190151
8.635	-0.189738
8.64	-0.189272
8.645	-0.188753
8.65	-0.188182
8.655	-0.187559
8.66	-0.186885
8.665	-0.186159
8.67	-0.185384
8.675	-0.184558
8.68	-0.183682
8.685	-0.182757
8.69	-0.181784
8.695	-0.180763
8.7	-0.179694
8.705	-0.178578
8.71	-0.177415
8.715	-0.176206
8.72	-0.174953
8.725	-0.173654
8.73	-0.172312
8.735	-0.170926
8.74	-0.169497
8.745	-0.168026
8.75	-0.166513
8.755	-0.16496
8.76	-0.163366
8.765	-0.161732
8.77	-0.16006
8.775	-0.158349
8.78	-0.1566
8.785	-0.154814
8.79	-0.152992
8.795	-0.151134
8.8	-0.149241
8.805	-0.147314
8.81	-0.145354
8.815	-0.143361
8.82	-0.141337
8.825	-0.139281
8.83	-0.137195
8.835	-0.13508
8.84	-0.132935
8.845	-0.130763
8.85	-0.128563
8.855	-0.126336
8.86	-0.124084
8.865	-0.121806
8.87	-0.119504
8.875	-0.117178
8.88	-0.11483
8.885	-0.11246
8.89	-0.110068
8.895	-0.107657
8.9	-0.105226
8.905	-0.102776
8.91	-0.100309
8.915	-0.0978248
8.92	-0.0953243
8.925	-0.0928084
8.93	-0.0902779
8.935	-0.0877335
8.94	-0.0851761
8.945	-0.0826063
8.95	-0.0800249
8.955	-0.0774329
8.96	-0.074831
8.965	-0.0722199
8.97	-0.0696006
8.975	-0.0669739
8.98	-0.0643406
8.985	-0.0617015
8.99	-0.0590576
8.995	-0.0564095
9	-0.0537581
9.005	-0.0511042
9.01	-0.0484486
9.015	-0.0457918
9.02	-0.0431348
9.025	-0.0404782
9.03	-0.0378227
9.035	-0.0351691
9.04	-0.0325181
9.045	-0.0298705
9.05	-0.0272271
9.055	-0.0245885
9.06	-0.0219557
9.065	-0.0193295
9.07	-0.0167105
9.075	-0.0140996
9.08	-0.0114975
9.085	-0.00890502
9.09	-0.00632274
9.095	-0.00375136
9.1	-0.00119151
9.105	0.00135618
9.11	0.00389107
9.115	0.00641257
9.12	0.00892002
9.125	0.0114128
9.13	0.0138902
9.135	0.0163516
9.14	0.0187962
9.145	0.0212235
9.15	0.0236327
9.155	0.0260231
9.16	0.0283941
9.165	0.0307451
9.17	0.0330755
9.175	0.0353847
9.18	0.0376723
9.185	0.0399377
9.19	0.0421804
9.195	0.0443999
9.2	0.0465958
9.205	0.0487676
9.21	0.0509146
9.215	0.0530365
9.22	0.0551326
9.225	0.0572025
9.23	0.0592456
9.235	0.0612614
9.24	0.0632494
9.245	0.0652091
9.25	0.06714
9.255	0.0690419
9.26	0.0709142
9.265	0.0727566
9.27	0.0745688
9.275	0.0763504
9.28	0.0781011
9.285	0.0798206
9.29	0.0815085
9.295	0.0831645
9.3	0.0847883
9.305	0.0863794
9.31	0.0879376
9.315	0.0894625
9.32	0.0909537
9.325	0.0924111
9.33	0.0938342
9.335	0.0952229
9.34	0.0965769
9.345	0.097896
9.35	0.09918
9.355	0.100429
9.36	0.101642
9.365	0.10282
9.37	0.103962
9.375	0.105068
9.38	0.106138
9.385	0.107172
9.39	0.10817
9.395	0.109131
9.4	0.110056
9.405	0.110944
9.41	0.111795
9.415	0.112609
9.42	0.113386
9.425	0.114125
9.43	0.114828
9.435	0.115494
9.44	0.116123
9.445	0.116715
9.45	0.117269
9.455	0.117787
9.46	0.118268
9.465	0.118712
9.47	0.11912
9.475	0.11949
9.48	0.119823
9.485	0.12012
9.49	0.12038
9.495	0.120603
9.5	0.12079
9.505	0.12094
9.51	0.121054
9.515	0.121132
9.52	0.121174
9.525	0.12118
9.53	0.121151
9.535	0.121087
9.54	0.120988
9.545	0.120853
9.55	0.120684
9.555	0.120481
9.56	0.120243
9.565	0.11997
9.57	0.119664
9.575	0.119324
9.58	0.11895
9.585	0.118543
9.59	0.118103
9.595	0.11763
9.6	0.117125
9.605	0.116589
9.61	0.11602
9.615	0.115421
9.62	0.11479
9.625	0.114129
9.63	0.113438
9.635	0.112717
9.64	0.111966
9.645	0.111186
9.65	0.110376
9.655	0.109538
9.66	0.108672
9.665	0.107777
9.67	0.106855
9.675	0.105906
9.68	0.10493
9.685	0.103929
9.69	0.102901
9.695	0.101848
9.7	0.10077
9.705	0.0996684
9.71	0.0985425
9.715	0.097393
9.72	0.0962203
9.725	0.095025
9.73	0.0938073
9.735	0.0925678
9.74	0.0913067
9.745	0.0900247
9.75	0.0887221
9.755	0.0873994
9.76	0.0860572
9.765	0.0846959
9.77	0.0833162
9.775	0.0819185
9.78	0.0805035
9.785	0.0790716
9.79	0.0776234
9.795	0.0761593
9.8	0.0746798
9.805	0.0731854
9.81	0.0716766
9.815	0.0701537
9.82	0.0686174
9.825	0.067068
9.83	0.065506
9.835	0.0639319
9.84	0.0623463
9.845	0.0607497
9.85	0.0591426
9.855	0.0575257
9.86	0.0558996
9.865	0.0542647
9.87	0.0526217
9.875	0.0509711
9.88	0.0493134
9.885	0.0476491
9.89	0.0459787
9.895	0.0443026
9.9	0.0426213
9.905	0.0409352
9.91	0.0392449
9.915	0.0375508
9.92	0.0358534
9.925	0.0341533
9.93	0.032451
9.935	0.0307471
9.94	0.029042
9.945	0.0273365
9.95	0.025631
9.955	0.023926
9.96	0.0222221
9.965	0.0205198
9.97	0.0188195
9.975	0.0171216
9.98	0.0154265
9.985	0.0137349
9.99	0.0120469
9.995	0.0103632
10	0.00868405
10.005	0.00701009
10.01	0.00534173
10.015	0.00367948
10.02	0.00202382
10.025	0.000375244
10.03	-0.00126576
10.035	-0.00289872
10.04	-0.00452316
10.045	-0.00613864
10.05	-0.00774474
10.055	-0.00934106
10.06	-0.0109272
10.065	-0.0125028
10.07	-0.0140674
10.075	-0.0156208
10.08	-0.0171625
10.085	-0.0186921
10.09	-0.0202093
10.095	-0.0217136
10.1	-0.0232047
10.105	-0.0246822
10.11	-0.0261456
10.115	-0.0275947
10.12	-0.0290289
10.125	-0.030448
10.13	-0.0318516
10.135	-0.0332393
10.14	-0.0346108
10.145	-0.0359658
10.15	-0.037304
10.155	-0.0386251
10.16	-0.0399289
10.165	-0.041215
10.17	-0.0424833
10.175	-0.0437335
10.18	-0.0449652
10.185	-0.0461781
10.19	-0.0473721
10.195	-0.0485468
10.2	-0.0497019
10.205	-0.0508372
10.21	-0.0519524
10.215	-0.0530472
10.22	-0.0541214
10.225	-0.0551749
10.23	-0.0562073
10.235	-0.0572185
10.24	-0.0582084
10.245	-0.0591769
10.25	-0.0601237
10.255	-0.0610487
10.26	-0.0619518
10.265	-0.0628327
10.27	-0.0636914
10.275	-0.0645277
10.28	-0.0653414
10.285	-0.0661323
10.29	-0.0669003
10.295	-0.0676453
10.3	-0.0683671
10.305	-0.0690656
10.31	-0.0697408
10.315	-0.0703925
10.32	-0.0710207
10.325	-0.0716255
10.33	-0.0722066
10.335	-0.0727642
10.34	-0.0732982
10.345	-0.0738085
10.35	-0.0742951
10.355	-0.074758
10.36	-0.0751972
10.365	-0.0756125
10.37	-0.0760039
10.375	-0.0763714
10.38	-0.0767151
10.385	-0.0770349
10.39	-0.0773307
10.395	-0.0776028
10.4	-0.077851
10.405	-0.0780755
10.41	-0.0782764
10.415	-0.0784537
10.42	-0.0786076
10.425	-0.0787381
10.43	-0.0788452
10.435	-0.0789292
10.44	-0.0789899
10.445	-0.0790276
10.45	-0.0790423
10.455	-0.079034
10.46	-0.0790028
10.465	-0.0789489
10.47	-0.0788724
10.475	-0.0787733
10.48	-0.0786519
10.485	-0.0785082
10.49	-0.0783425
10.495	-0.0781549
10.5	-0.0779457
10.505	-0.0777149
10.51	-0.0774629
10.515	-0.0771898
10.52	-0.0768958
10.525	-0.076581
10.53	-0.0762456
10.535	-0.0758899
10.54	-0.0755138
10.545	-0.0751177
10.55	-0.0747018
10.555	-0.0742661
10.56	-0.0738109
10.565	-0.0733365
10.57	-0.072843
10.575	-0.0723308
10.58	-0.0718002
10.585	-0.0712514
10.59	-0.0706846
10.595	-0.0701003
10.6	-0.0694986
10.605	-0.0688798
10.61	-0.0682442
10.615	-0.0675919
10.62	-0.0669233
10.625	-0.0662386
10.63	-0.0655379
10.635	-0.0648216
10.64	-0.0640898
10.645	-0.0633429
10.65	-0.0625812
10.655	-0.0618049
10.66	-0.0610144
10.665	-0.0602101
10.67	-0.0593923
10.675	-0.0585614
10.68	-0.0577177
10.685	-0.0568615
10.69	-0.0559931
10.695	-0.0551128
10.7	-0.0542209
10.705	-0.0533177
10.71	-0.0524033
10.715	-0.0514782
10.72	-0.0505425
10.725	-0.0495966
10.73	-0.0486408
10.735	-0.0476754
10.74	-0.0467008
10.745	-0.0457173
10.75	-0.0447254
10.755	-0.0437254
10.76	-0.0427177
10.765	-0.0417027
10.77	-0.0406807
10.775	-0.039652
10.78	-0.0386169
10.785	-0.0375758
10.79	-0.0365288
10.795	-0.0354763
10.8	-0.0344186
10.805	-0.0333559
10.81	-0.0322886
10.815	-0.031217
10.82	-0.0301415
10.825	-0.0290623
10.83	-0.02798
10.835	-0.0268949
10.84	-0.0258073
10.845	-0.0247177
10.85	-0.0236263
10.855	-0.0225336
10.86	-0.0214398
10.865	-0.0203452
10.87	-0.0192501
10.875	-0.0181548
10.88	-0.0170595
10.885	-0.0159646
10.89	-0.0148703
10.895	-0.0137768
10.9	-0.0126847
10.905	-0.011594
10.91	-0.0105053
10.915	-0.00941878
10.92	-0.00833487
10.925	-0.0072539
10.93	-0.00617623
10.935	-0.00510217
10.94	-0.00403204
10.945	-0.00296611
10.95	-0.00190465
10.955	-0.000847901
10.96	0.00020389
10.965	0.00125049
10.97	0.00229168
10.975	0.0033272
10.98	0.0043568
10.985	0.00538021
10.99	0.00639714
10.995	0.00740731
11	0.00841041
11.005	0.00940614
11.01	0.0103942
11.015	0.0113742
11.02	0.012346
11.025	0.0133093
11.03	0.0142638
11.035	0.0152093
11.04	0.0161457
11.045	0.0170727
11.05	0.0179903
11.055	0.0188982
11.06	0.0197963
11.065	0.0206843
11.07	0.0215621
11.075	0.0224294
11.08	0.023286
11.085	0.0241316
11.09	0.024966
11.095	0.0257889
11.1	0.0266001
11.105	0.0273993
11.11	0.0281865
11.115	0.0289615
11.12	0.0297241
11.125	0.0304741
11.13	0.0312117
11.135	0.0319365
11.14	0.0326485
11.145	0.0333477
11.15	0.0340338
11.155	0.0347068
11.16	0.0353663
11.165	0.0360124
11.17	0.0366447
11.175	0.0372631
11.18	0.0378675
11.185	0.0384577
11.19	0.0390336
11.195	0.0395952
11.2	0.0401423
11.205	0.0406748
11.21	0.0411928
11.215	0.0416962
11.22	0.042185
11.225	0.0426591
11.23	0.0431186
11.235	0.0435633
11.24	0.0439931
11.245	0.0444081
11.25	0.044808
11.255	0.0451928
11.26	0.0455623
11.265	0.0459167
11.27	0.0462557
11.275	0.0465793
11.28	0.0468876
11.285	0.0471805
11.29	0.0474581
11.295	0.0477204
11.3	0.0479674
11.305	0.0481992
11.31	0.0484157
11.315	0.0486171
11.32	0.0488034
11.325	0.0489746
11.33	0.0491306
11.335	0.0492714
11.34	0.049397
11.345	0.0495075
11.35	0.0496028
11.355	0.0496829
11.36	0.0497479
11.365	0.0497978
11.37	0.0498328
11.375	0.0498529
11.38	0.0498582
11.385	0.0498488
11.39	0.0498249
11.395	0.0497866
11.4	0.049734
11.405	0.049667
11.41	0.049586
11.415	0.0494908
11.42	0.0493815
11.425	0.0492581
11.43	0.0491208
11.435	0.0489695
11.44	0.0488045
11.445	0.0486257
11.45	0.0484334
11.455	0.0482277
11.46	0.0480087
11.465	0.0477767
11.47	0.0475318
11.475	0.0472742
11.48	0.047004
11.485	0.0467214
11.49	0.0464265
11.495	0.0461194
11.5	0.0458003
11.505	0.0454692
11.51	0.0451263
11.515	0.0447716
11.52	0.0444052
11.525	0.0440274
11.53	0.0436384
11.535	0.0432382
11.54	0.0428272
11.545	0.0424055
11.55	0.0419734
11.555	0.0415311
11.56	0.0410787
11.565	0.0406166
11.57	0.0401447
11.575	0.0396634
11.58	0.0391728
11.585	0.0386729
11.59	0.0381641
11.595	0.0376463
11.6	0.0371198
11.605	0.0365848
11.61	0.0360414
11.615	0.0354898
11.62	0.0349304
11.625	0.0343632
11.63	0.0337886
11.635	0.0332069
11.64	0.0326182
11.645	0.0320227
11.65	0.0314208
11.655	0.0308125
11.66	0.0301982
11.665	0.0295778
11.67	0.0289518
11.675	0.0283201
11.68	0.027683
11.685	0.0270407
11.69	0.0263934
11.695	0.0257411
11.7	0.0250843
11.705	0.0244231
11.71	0.0237577
11.715	0.0230885
11.72	0.0224156
11.725	0.0217394
11.73	0.0210601
11.735	0.0203778
11.74	0.0196929
11.745	0.0190054
11.75	0.0183157
11.755	0.0176238
11.76	0.0169299
11.765	0.0162342
11.77	0.015537
11.775	0.0148383
11.78	0.0141384
11.785	0.0134374
11.79	0.0127357
11.795	0.0120335
11.8	0.011331
11.805	0.0106284
11.81	0.00992607
11.815	0.00922417
11.82	0.00852293
11.825	0.00782255
11.83	0.00712321
11.835	0.00642508
11.84	0.00572833
11.845	0.00503311
11.85	0.00433959
11.855	0.00364792
11.86	0.00295827
11.865	0.00227083
11.87	0.00158579
11.875	0.000903361
11.88	0.000223752
11.885	-0.000452808
11.89	-0.00112609
11.895	-0.00179589
11.9	-0.00246198
11.905	-0.00312418
11.91	-0.00378231
11.915	-0.00443621
11.92	-0.00508573
11.925	-0.00573075
11.93	-0.00637113
11.935	-0.00700675
11.94	-0.00763747
11.945	-0.00826315
11.95	-0.00888365
11.955	-0.0094988
11.96	-0.0101084
11.965	-0.0107124
11.97	-0.0113105
11.975	-0.0119025
11.98	-0.0124883
11.985	-0.0130677
11.99	-0.0136405
11.995	-0.0142066
12	-0.0147659
12.005	-0.0153183
12.01	-0.0158636
12.015	-0.0164018
12.02	-0.0169327
12.025	-0.0174564
12.03	-0.0179726
12.035	-0.0184814
12.04	-0.0189825
12.045	-0.0194759
12.05	-0.0199614
12.055	-0.0204389
12.06	-0.0209083
12.065	-0.0213695
12.07	-0.0218223
12.075	-0.0222666
12.08	-0.0227023
12.085	-0.0231292
12.09	-0.0235475
12.095	-0.0239569
12.1	-0.0243574
12.105	-0.024749
12.11	-0.0251317
12.115	-0.0255055
12.12	-0.0258702
12.125	-0.0262258
12.13	-0.0265723
12.135	-0.0269095
12.14	-0.0272375
12.145	-0.027556
12.15	-0.0278652
12.155	-0.0281647
12.16	-0.0284547
12.165	-0.028735
12.17	-0.0290056
12.175	-0.0292664
12.18	-0.0295175
12.185	-0.0297588
12.19	-0.0299904
12.195	-0.0302123
12.2	-0.0304245
12.205	-0.030627
12.21	-0.0308199
12.215	-0.031003
12.22	-0.0311764
12.225	-0.0313401
12.23	-0.0314939
12.235	-0.031638
12.24	-0.0317722
12.245	-0.0318965
12.25	-0.0320109
12.255	-0.0321155
12.26	-0.0322101
12.265	-0.032295
12.27	-0.0323701
12.275	-0.0324355
12.28	-0.0324912
12.285	-0.0325374
12.29	-0.0325741
12.295	-0.0326014
12.3	-0.0326192
12.305	-0.0326276
12.31	-0.0326266
12.315	-0.0326163
12.32	-0.0325965
12.325	-0.0325674
12.33	-0.032529
12.335	-0.0324813
12.34	-0.0324243
12.345	-0.0323582
12.35	-0.0322829
12.355	-0.0321986
12.36	-0.0321055
12.365	-0.0320036
12.37	-0.031893
12.375	-0.0317739
12.38	-0.0316463
12.385	-0.0315102
12.39	-0.0313659
12.395	-0.0312132
12.4	-0.0310523
12.405	-0.0308832
12.41	-0.0307059
12.415	-0.0305205
12.42	-0.0303271
12.425	-0.0301258
12.43	-0.0299166
12.435	-0.0296998
12.44	-0.0294753
12.445	-0.0292435
12.45	-0.0290044
12.455	-0.0287582
12.46	-0.0285049
12.465	-0.0282449
12.47	-0.027978
12.475	-0.0277044
12.48	-0.0274242
12.485	-0.0271375
12.49	-0.0268442
12.495	-0.0265446
12.5	-0.0262387
12.505	-0.0259265
12.51	-0.0256082
12.515	-0.025284
12.52	-0.024954
12.525	-0.0246184
12.53	-0.0242773
12.535	-0.0239309
12.54	-0.0235794
12.545	-0.023223
12.55	-0.0228617
12.555	-0.0224957
12.56	-0.022125
12.565	-0.0217498
12.57	-0.0213702
12.575	-0.0209861
12.58	-0.0205978
12.585	-0.0202053
12.59	-0.0198087
12.595	-0.0194083
12.6	-0.019004
12.605	-0.0185963
12.61	-0.0181851
12.615	-0.0177707
12.62	-0.0173533
12.625	-0.0169331
12.63	-0.0165101
12.635	-0.0160846
12.64	-0.0156567
12.645	-0.0152263
12.65	-0.0147938
12.655	-0.014359
12.66	-0.0139222
12.665	-0.0134834
12.67	-0.0130427
12.675	-0.0126002
12.68	-0.0121562
12.685	-0.0117107
12.69	-0.011264
12.695	-0.0108163
12.7	-0.0103677
12.705	-0.00991841
12.71	-0.0094686
12.715	-0.00901841
12.72	-0.00856796
12.725	-0.00811736
12.73	-0.00766669
12.735	-0.00721606
12.74	-0.00676554
12.745	-0.00631521
12.75	-0.00586516
12.755	-0.00541551
12.76	-0.00496638
12.765	-0.00451792
12.77	-0.00407031
12.775	-0.0036237
12.78	-0.00317829
12.785	-0.00273424
12.79	-0.00229171
12.795	-0.00185086
12.8	-0.00141179
12.805	-0.00097462
12.81	-0.000539432
12.815	-0.000106302
12.82	0.000324694
12.825	0.000753486
12.83	0.00118
12.835	0.00160414
12.84	0.00202582
12.845	0.00244494
12.85	0.00286135
12.855	0.00327491
12.86	0.00368548
12.865	0.00409289
12.87	0.004497
12.875	0.00489767
12.88	0.00529478
12.885	0.00568824
12.89	0.00607797
12.895	0.00646389
12.9	0.00684595
12.905	0.0072241
12.91	0.00759828
12.915	0.00796845
12.92	0.00833454
12.925	0.00869647
12.93	0.00905416
12.935	0.00940751
12.94	0.00975639
12.945	0.0101007
12.95	0.0104403
12.955	0.010775
12.96	0.0111048
12.965	0.0114296
12.97	0.0117494
12.975	0.0120639
12.98	0.0123733
12.985	0.0126775
12.99	0.0129764
12.995	0.0132701
13	0.0135585
13.005	0.0138415
13.01	0.0141192
13.015	0.0143915
13.02	0.0146583
13.025	0.0149194
13.03	0.0151749
13.035	0.0154246
13.04	0.0156685
13.045	0.0159064
13.05	0.0161383
13.055	0.0163643
13.06	0.0165842
13.065	0.016798
13.07	0.0170059
13.075	0.0172077
13.08	0.0174035
13.085	0.0175932
13.09	0.0177769
13.095	0.0179546
13.1	0.0181262
13.105	0.0182916
13.11	0.0184509
13.115	0.0186039
13.12	0.0187506
13.125	0.018891
13.13	0.019025
13.135	0.0191527
13.14	0.019274
13.145	0.0193889
13.15	0.0194975
13.155	0.0195997
13.16	0.0196957
13.165	0.0197854
13.17	0.0198689
13.175	0.0199462
13.18	0.0200173
13.185	0.0200822
13.19	0.020141
13.195	0.0201934
13.2	0.0202397
13.205	0.0202797
13.21	0.0203134
13.215	0.0203409
13.22	0.0203621
13.225	0.0203771
13.23	0.0203859
13.235	0.0203887
13.24	0.0203853
13.245	0.0203759
13.25	0.0203606
13.255	0.0203394
13.26	0.0203124
13.265	0.0202795
13.27	0.0202409
13.275	0.0201965
13.28	0.0201464
13.285	0.0200905
13.29	0.0200288
13.295	0.0199615
13.3	0.0198885
13.305	0.0198099
13.31	0.0197258
13.315	0.0196361
13.32	0.019541
13.325	0.0194405
13.33	0.0193348
13.335	0.0192239
13.34	0.0191078
13.345	0.0189868
13.35	0.0188607
13.355	0.0187298
13.36	0.0185939
13.365	0.0184532
13.37	0.0183077
13.375	0.0181574
13.38	0.0180023
13.385	0.0178426
13.39	0.0176783
13.395	0.0175095
13.4	0.0173362
13.405	0.0171585
13.41	0.0169766
13.415	0.0167906
13.42	0.0166004
13.425	0.0164063
13.43	0.0162083
13.435	0.0160065
13.44	0.015801
13.445	0.0155918
13.45	0.015379
13.455	0.0151626
13.46	0.0149427
13.465	0.0147193
13.47	0.0144925
13.475	0.0142625
13.48	0.0140292
13.485	0.0137928
13.49	0.0135533
13.495	0.013311
13.5	0.0130658
13.505	0.0128179
13.51	0.0125675
13.515	0.0123145
13.52	0.0120592
13.525	0.0118015
13.53	0.0115416
13.535	0.0112794
13.54	0.0110152
13.545	0.0107488
13.55	0.0104805
13.555	0.0102102
13.56	0.00993809
13.565	0.00966419
13.57	0.00938863
13.575	0.00911151
13.58	0.00883293
13.585	0.00855302
13.59	0.0082719
13.595	0.00798967
13.6	0.00770644
13.605	0.00742231
13.61	0.00713736
13.615	0.00685164
13.62	0.00656524
13.625	0.00627819
13.63	0.00599056
13.635	0.0057024
13.64	0.00541379
13.645	0.00512481
13.65	0.00483553
13.655	0.00454607
13.66	0.00425652
13.665	0.003967
13.67	0.00367762
13.675	0.0033885
13.68	0.00309975
13.685	0.00281146
13.69	0.00252372
13.695	0.00223662
13.7	0.0019502
13.705	0.00166452
13.71	0.00137962
13.715	0.00109556
13.72	0.000812376
13.725	0.000530139
13.73	0.000248918
13.735	-3.12077e-05
13.74	-0.000310148
13.745	-0.000587807
13.75	-0.000864079
13.755	-0.00113886
13.76	-0.00141204
13.765	-0.00168354
13.77	-0.00195325
13.775	-0.0022211
13.78	-0.00248704
13.785	-0.00275101
13.79	-0.00301297
13.795	-0.0032729
13.8	-0.00353075
13.805	-0.00378649
13.81	-0.00404007
13.815	-0.00429144
13.82	-0.00454054
13.825	-0.00478728
13.83	-0.0050316
13.835	-0.00527339
13.84	-0.00551258
13.845	-0.00574906
13.85	-0.00598277
13.855	-0.00621361
13.86	-0.00644153
13.865	-0.0066665
13.87	-0.00688846
13.875	-0.0071074
13.88	-0.0073233
13.885	-0.00753615
13.89	-0.00774594
13.895	-0.00795264
13.9	-0.00815622
13.905	-0.00835663
13.91	-0.00855381
13.915	-0.0087477
13.92	-0.00893824
13.925	-0.00912534
13.93	-0.00930893
13.935	-0.00948895
13.94	-0.00966533
13.945	-0.00983803
13.95	-0.010007
13.955	-0.0101723
13.96	-0.0103339
13.965	-0.0104918
13.97	-0.010646
13.975	-0.0107964
13.98	-0.0109432
13.985	-0.0110863
13.99	-0.0112257
13.995	-0.0113613
14	-0.0114931
14.005	-0.011621
14.01	-0.011745
14.015	-0.011865
14.02	-0.011981
14.025	-0.0120929
14.03	-0.0122007
14.035	-0.0123045
14.04	-0.0124042
14.045	-0.0124998
14.05	-0.0125914
14.055	-0.012679
14.06	-0.0127627
14.065	-0.0128424
14.07	-0.0129182
14.075	-0.0129901
14.08	-0.0130579
14.085	-0.0131218
14.09	-0.0131816
14.095	-0.0132374
14.1	-0.0132891
14.105	-0.0133367
14.11	-0.0133801
14.115	-0.0134194
14.12	-0.0134546
14.125	-0.0134858
14.13	-0.0135129
14.135	-0.013536
14.14	-0.0135551
14.145	-0.0135704
14.15	-0.0135818
14.155	-0.0135894
14.16	-0.0135931
14.165	-0.013593
14.17	-0.0135891
14.175	-0.0135814
14.18	-0.0135697
14.185	-0.0135543
14.19	-0.0135349
14.195	-0.0135117
14.2	-0.0134846
14.205	-0.0134538
14.21	-0.0134191
14.215	-0.0133808
14.22	-0.0133388
14.225	-0.0132932
14.23	-0.0132442
14.235	-0.0131916
14.24	-0.0131356
14.245	-0.0130763
14.25	-0.0130135
14.255	-0.0129475
14.26	-0.012878
14.265	-0.0128052
14.27	-0.012729
14.275	-0.0126495
14.28	-0.0125666
14.285	-0.0124805
14.29	-0.0123911
14.295	-0.0122985
14.3	-0.0122029
14.305	-0.0121042
14.31	-0.0120026
14.315	-0.0118981
14.32	-0.0117908
14.325	-0.0116808
14.33	-0.011568
14.335	-0.0114525
14.34	-0.0113344
14.345	-0.0112137
14.35	-0.0110902
14.355	-0.0109642
14.36	-0.0108355
14.365	-0.0107043
14.37	-0.0105706
14.375	-0.0104344
14.38	-0.0102958
14.385	-0.010155
14.39	-0.010012
14.395	-0.00986686
14.4	-0.00971968
14.405	-0.00957052
14.41	-0.00941943
14.415	-0.00926647
14.42	-0.00911167
14.425	-0.00895505
14.43	-0.00879665
14.435	-0.00863648
14.44	-0.00847457
14.445	-0.00831095
14.45	-0.00814567
14.455	-0.0079788
14.46	-0.00781041
14.465	-0.00764059
14.47	-0.00746941
14.475	-0.00729696
14.48	-0.00712333
14.485	-0.00694858
14.49	-0.00677279
14.495	-0.006596
14.5	-0.00641826
14.505	-0.00623962
14.51	-0.0060601
14.515	-0.00587975
14.52	-0.00569858
14.525	-0.00551663
14.53	-0.00533394
14.535	-0.00515056
14.54	-0.00496655
14.545	-0.00478198
14.55	-0.00459693
14.555	-0.00441149
14.56	-0.00422575
14.565	-0.00403977
14.57	-0.00385363
14.575	-0.00366739
14.58	-0.00348111
14.585	-0.00329483
14.59	-0.00310858
14.595	-0.00292241
14.6	-0.00273634
14.605	-0.0025504
14.61	-0.00236461
14.615	-0.00217903
14.62	-0.00199369
14.625	-0.00180864
14.63	-0.00162397
14.635	-0.00143974
14.64	-0.00125603
14.645	-0.00107292
14.65	-0.000890495
14.655	-0.000708808
14.66	-0.000527917
14.665	-0.000347867
14.67	-0.000168698
14.675	9.56235e-06
14.68	0.000186887
14.685	0.000363254
14.69	0.000538641
14.695	0.000713022
14.7	0.000886364
14.705	0.00105863
14.71	0.00122976
14.715	0.0013997
14.72	0.00156839
14.725	0.00173575
14.73	0.00190171
14.735	0.0020662
14.74	0.00222918
14.745	0.0023906
14.75	0.00255042
14.755	0.00270862
14.76	0.00286518
14.765	0.00302008
14.77	0.00317332
14.775	0.00332487
14.78	0.00347472
14.785	0.00362284
14.79	0.0037692
14.795	0.00391376
14.8	0.00405647
14.805	0.00419726
14.81	0.0043361
14.815	0.00447291
14.82	0.00460766
14.825	0.0047403
14.83	0.00487079
14.835	0.00499911
14.84	0.00512526
14.845	0.00524923
14.85	0.00537101
14.855	0.00549059
14.86	0.00560799
14.865	0.00572317
14.87	0.00583613
14.875	0.00594684
14.88	0.00605527
14.885	0.0061614
14.89	0.00626518
14.895	0.00636656
14.9	0.00646552
14.905	0.00656203
14.91	0.00665604
14.915	0.00674755
14.92	0.00683655
14.925	0.00692302
14.93	0.00700696
14.935	0.0070884
14.94	0.00716734
14.945	0.00724378
14.95	0.00731773
14.955	0.00738918
14.96	0.00745813
14.965	0.00752456
14.97	0.00758844
14.975	0.00764977
14.98	0.00770852
14.985	0.00776466
14.99	0.00781817
14.995	0.00786905
15	0.00791727
15.005	0.00796285
15.01	0.00800578
15.015	0.00804607
15.02	0.00808376
15.025	0.00811886
15.03	0.0081514
15.035	0.00818139
15.04	0.00820885
15.045	0.00823377
15.05	0.00825616
15.055	0.00827602
15.06	0.00829332
15.065	0.00830806
15.07	0.00832023
15.075	0.00832983
15.08	0.00833685
15.085	0.00834129
15.09	0.00834317
15.095	0.00834251
15.1	0.00833932
15.105	0.00833365
15.11	0.00832553
15.115	0.008315
15.12	0.00830207
15.125	0.00828679
15.13	0.00826915
15.135	0.00824918
15.14	0.00822687
15.145	0.00820222
15.15	0.00817523
15.155	0.00814591
15.16	0.00811426
15.165	0.0080803
15.17	0.00804404
15.175	0.0080055
15.18	0.00796472
15.185	0.00792173
15.19	0.00787656
15.195	0.00782927
15.2	0.00777989
15.205	0.00772847
15.21	0.00767503
15.215	0.00761959
15.22	0.00756219
15.225	0.00750282
15.23	0.00744151
15.235	0.00737825
15.24	0.00731307
15.245	0.00724599
15.25	0.00717701
15.255	0.00710618
15.26	0.00703351
15.265	0.00695904
15.27	0.00688282
15.275	0.0068049
15.28	0.00672531
15.285	0.0066441
15.29	0.00656133
15.295	0.00647703
15.3	0.00639123
15.305	0.00630397
15.31	0.00621526
15.315	0.00612512
15.32	0.00603357
15.325	0.00594063
15.33	0.00584631
15.335	0.00575064
15.34	0.00565366
15.345	0.00555539
15.35	0.00545587
15.355	0.00535516
15.36	0.0052533
15.365	0.00515034
15.37	0.00504634
15.375	0.00494135
15.38	0.00483541
15.385	0.00472857
15.39	0.00462084
15.395	0.00451227
15.4	0.00440287
15.405	0.00429265
15.41	0.00418163
15.415	0.00406983
15.42	0.00395728
15.425	0.00384401
15.43	0.00373006
15.435	0.00361546
15.44	0.00350027
15.445	0.00338455
15.45	0.00326835
15.455	0.00315173
15.46	0.00303474
15.465	0.00291742
15.47	0.00279981
15.475	0.00268195
15.48	0.00256385
15.485	0.00244553
15.49	0.002327
15.495	0.00220829
15.5	0.0020894
15.505	0.00197037
15.51	0.00185121
15.515	0.00173198
15.52	0.00161271
15.525	0.00149347
15.53	0.0013743
15.535	0.00125527
15.54	0.00113643
15.545	0.00101782
15.55	0.000899493
15.555	0.00078147
15.56	0.000663779
15.565	0.000546437
15.57	0.000429454
15.575	0.000312842
15.58	0.00019661
15.585	8.07773e-05
15.59	-3.46354e-05
15.595	-0.000149598
15.6	-0.000264073
15.605	-0.000378016
15.61	-0.000491377
15.615	-0.000604101
15.62	-0.000716137
15.625	-0.000827436
15.63	-0.000937959
15.635	-0.00104767
15.64	-0.00115656
15.645	-0.00126459
15.65	-0.00137177
15.655	-0.00147807
15.66	-0.0015835
15.665	-0.00168805
15.67	-0.00179171
15.675	-0.00189446
15.68	-0.00199627
15.685	-0.00209711
15.69	-0.00219695
15.695	-0.00229574
15.7	-0.00239343
15.705	-0.00248999
15.71	-0.00258537
15.715	-0.00267954
15.72	-0.00277247
15.725	-0.00286414
15.73	-0.00295454
15.735	-0.00304368
15.74	-0.00313154
15.745	-0.00321813
15.75	-0.00330345
15.755	-0.00338749
15.76	-0.00347025
15.765	-0.00355172
15.77	-0.00363186
15.775	-0.00371065
15.78	-0.00378805
15.785	-0.00386403
15.79	-0.00393855
15.795	-0.00401156
15.8	-0.00408305
15.805	-0.00415299
15.81	-0.00422138
15.815	-0.0042882
15.82	-0.00435348
15.825	-0.00441722
15.83	-0.00447942
15.835	-0.00454011
15.84	-0.00459929
15.845	-0.00465695
15.85	-0.0047131
15.855	-0.00476771
15.86	-0.00482075
15.865	-0.0048722
15.87	-0.00492203
15.875	-0.0049702
15.88	-0.00501669
15.885	-0.00506148
15.89	-0.00510455
15.895	-0.00514592
15.9	-0.00518559
15.905	-0.00522359
15.91	-0.00525992
15.915	-0.00529463
15.92	-0.00532772
15.925	-0.0053592
15.93	-0.00538908
15.935	-0.00541735
15.94	-0.005444
15.945	-0.00546902
15.95	-0.00549238
15.955	-0.00551405
15.96	-0.00553402
15.965	-0.00555228
15.97	-0.00556882
15.975	-0.00558363
15.98	-0.00559675
15.985	-0.00560818
15.99	-0.00561796
15.995	-0.0056261
16	-0.00563264
16.005	-0.00563759
16.01	-0.00564098
16.015	-0.0056428
16.02	-0.00564307
16.025	-0.00564178
16.03	-0.00563891
16.035	-0.00563447
16.04	-0.00562843
16.045	-0.00562079
16.05	-0.00561155
16.055	-0.0056007
16.06	-0.00558827
16.065	-0.00557428
16.07	-0.00555874
16.075	-0.00554168
16.08	-0.00552314
16.085	-0.00550315
16.09	-0.00548173
16.095	-0.0054589
16.1	-0.00543468
16.105	-0.00540909
16.11	-0.00538212
16.115	-0.00535378
16.12	-0.00532407
16.125	-0.00529297
16.13	-0.0052605
16.135	-0.00522664
16.14	-0.00519142
16.145	-0.00515485
16.15	-0.00511695
16.155	-0.00507776
16.16	-0.0050373
16.165	-0.00499561
16.17	-0.00495273
16.175	-0.0049087
16.18	-0.00486352
16.185	-0.00481725
16.19	-0.00476987
16.195	-0.00472142
16.2	-0.00467188
16.205	-0.00462126
16.21	-0.00456956
16.215	-0.00451679
16.22	-0.00446295
16.225	-0.00440806
16.23	-0.00435214
16.235	-0.00429522
16.24	-0.00423735
16.245	-0.00417854
16.25	-0.00411886
16.255	-0.00405832
16.26	-0.00399698
16.265	-0.00393485
16.27	-0.00387195
16.275	-0.00380831
16.28	-0.00374393
16.285	-0.00367882
16.29	-0.00361299
16.295	-0.00354644
16.3	-0.00347918
16.305	-0.00341122
16.31	-0.0033426
16.315	-0.00327333
16.32	-0.00320345
16.325	-0.003133
16.33	-0.00306202
16.335	-0.00299054
16.34	-0.0029186
16.345	-0.00284622
16.35	-0.00277344
16.355	-0.00270027
16.36	-0.00262673
16.365	-0.00255283
16.37	-0.00247859
16.375	-0.00240402
16.38	-0.00232912
16.385	-0.00225391
16.39	-0.00217842
16.395	-0.00210266
16.4	-0.00202666
16.405	-0.00195046
16.41	-0.00187408
16.415	-0.00179757
16.42	-0.00172095
16.425	-0.00164425
16.43	-0.0015675
16.435	-0.00149073
16.44	-0.00141396
16.445	-0.0013372
16.45	-0.00126048
16.455	-0.00118379
16.46	-0.00110717
16.465	-0.00103061
16.47	-0.000954145
16.475	-0.000877781
16.48	-0.00080154
16.485	-0.000725447
16.49	-0.000649527
16.495	-0.00057381
16.5	-0.000498326
16.505	-0.000423103
16.51	-0.00034817
16.515	-0.000273551
16.52	-0.000199272
16.525	-0.000125352
16.53	-5.18095e-05
16.535	2.13412e-05
16.54	9.40888e-05
16.545	0.000166423
16.55	0.000238335
16.555	0.000309813
16.56	0.000380842
16.565	0.000451407
16.57	0.000521487
16.575	0.00059106
16.58	0.000660101
16.585	0.000728583
16.59	0.00079648
16.595	0.000863767
16.6	0.000930421
16.605	0.000996422
16.61	0.00106175
16.615	0.0011264
16.62	0.00119036
16.625	0.00125363
16.63	0.00131619
16.635	0.00137804
16.64	0.00143918
16.645	0.00149959
16.65	0.00155926
16.655	0.00161817
16.66	0.00167631
16.665	0.00173365
16.67	0.00179017
16.675	0.00184585
16.68	0.00190067
16.685	0.00195462
16.69	0.00200768
16.695	0.00205984
16.7	0.0021111
16.705	0.00216144
16.71	0.00221088
16.715	0.00225941
16.72	0.00230702
16.725	0.00235371
16.73	0.00239947
16.735	0.0024443
16.74	0.00248818
16.745	0.0025311
16.75	0.00257304
16.755	0.002614
16.76	0.00265394
16.765	0.00269288
16.77	0.00273078
16.775	0.00276765
16.78	0.00280349
16.785	0.00283828
16.79	0.00287204
16.795	0.00290475
16.8	0.00293643
16.805	0.00296708
16.81	0.00299669
16.815	0.00302526
16.82	0.0030528
16.825	0.0030793
16.83	0.00310475
16.835	0.00312914
16.84	0.00315246
16.845	0.00317471
16.85	0.00319588
16.855	0.00321596
16.86	0.00323496
16.865	0.00325287
16.87	0.00326968
16.875	0.00328542
16.88	0.00330008
16.885	0.00331367
16.89	0.0033262
16.895	0.00333769
16.9	0.00334813
16.905	0.00335753
16.91	0.00336588
16.915	0.00337319
16.92	0.00337946
16.925	0.00338468
16.93	0.00338884
16.935	0.00339194
16.94	0.00339399
16.945	0.00339498
16.95	0.00339491
16.955	0.0033938
16.96	0.00339166
16.965	0.00338849
16.97	0.00338432
16.975	0.00337916
16.98	0.00337302
16.985	0.00336592
16.99	0.00335785
16.995	0.00334883
17	0.00333886
17.005	0.00332793
17.01	0.00331604
17.015	0.00330321
17.02	0.00328941
17.025	0.00327467
17.03	0.00325898
17.035	0.00324236
17.04	0.00322481
17.045	0.00320636
17.05	0.00318703
17.055	0.00316683
17.06	0.00314579
17.065	0.00312391
17.07	0.00310122
17.075	0.00307772
17.08	0.00305342
17.085	0.00302832
17.09	0.00300244
17.095	0.00297576
17.1	0.0029483
17.105	0.00292005
17.11	0.00289102
17.115	0.00286123
17.12	0.00283069
17.125	0.00279942
17.13	0.00276743
17.135	0.00273476
17.14	0.00270142
17.145	0.00266744
17.15	0.00263282
17.155	0.0025976
17.16	0.00256178
17.165	0.00252537
17.17	0.00248837
17.175	0.00245079
17.18	0.00241264
17.185	0.00237392
17.19	0.00233463
17.195	0.00229479
17.2	0.00225441
17.205	0.00221351
17.21	0.0021721
17.215	0.00213022
17.22	0.00208789
17.225	0.00204513
17.23	0.00200197
17.235	0.00195842
17.24	0.0019145
17.245	0.00187021
17.25	0.00182558
17.255	0.00178061
17.26	0.0017353
17.265	0.00168966
17.27	0.00164369
17.275	0.00159741
17.28	0.00155082
17.285	0.00150394
17.29	0.00145679
17.295	0.00140938
17.3	0.00136176
17.305	0.00131394
17.31	0.00126594
17.315	0.0012178
17.32	0.00116953
17.325	0.00112114
17.33	0.00107264
17.335	0.00102405
17.34	0.000975372
17.345	0.000926604
17.35	0.000877755
17.355	0.000828829
17.36	0.000779837
17.365	0.000730788
17.37	0.000681699
17.375	0.000632587
17.38	0.000583478
17.385	0.000534396
17.39	0.00048537
17.395	0.000436426
17.4	0.000387587
17.405	0.000338868
17.41	0.000290282
17.415	0.000241835
17.42	0.000193531
17.425	0.000145374
17.43	9.73647e-05
17.435	4.95068e-05
17.44	1.80475e-06
17.445	-4.57335e-05
17.45	-9.30959e-05
17.455	-0.000140265
17.46	-0.000187221
17.465	-0.000233939
17.47	-0.000280394
17.475	-0.000326562
17.48	-0.000372419
17.485	-0.000417948
17.49	-0.000463133
17.495	-0.000507969
17.5	-0.000552451
17.505	-0.000596582
17.51	-0.000640363
17.515	-0.000683796
17.52	-0.000726878
17.525	-0.000769602
17.53	-0.00081196
17.535	-0.000853938
17.54	-0.000895521
17.545	-0.000936689
17.55	-0.000977421
17.555	-0.0010177
17.56	-0.00105749
17.565	-0.00109679
17.57	-0.00113558
17.575	-0.00117386
17.58	-0.00121162
17.585	-0.00124886
17.59	-0.00128558
17.595	-0.00132179
17.6	-0.00135748
17.605	-0.00139267
17.61	-0.00142734
17.615	-0.00146149
17.62	-0.0014951
17.625	-0.00152816
17.63	-0.00156066
17.635	-0.00159258
17.64	-0.0016239
17.645	-0.00165461
17.65	-0.0016847
17.655	-0.00171415
17.66	-0.00174297
17.665	-0.00177114
17.67	-0.00179868
17.675	-0.00182559
17.68	-0.00185188
17.685	-0.00187754
17.69	-0.00190259
17.695	-0.00192702
17.7	-0.00195082
17.705	-0.001974
17.71	-0.00199654
17.715	-0.00201843
17.72	-0.00203965
17.725	-0.00206019
17.73	-0.00208004
17.735	-0.00209919
17.74	-0.00211764
17.745	-0.00213539
17.75	-0.00215244
17.755	-0.0021688
17.76	-0.00218447
17.765	-0.00219947
17.77	-0.00221379
17.775	-0.00222746
17.78	-0.00224047
17.785	-0.00225281
17.79	-0.0022645
17.795	-0.00227551
17.8	-0.00228584
17.805	-0.00229547
17.81	-0.0023044
17.815	-0.00231263
17.82	-0.00232014
17.825	-0.00232694
17.83	-0.00233303
17.835	-0.00233843
17.84	-0.00234314
17.845	-0.00234717
17.85	-0.00235054
17.855	-0.00235325
17.86	-0.00235531
17.865	-0.00235673
17.87	-0.0023575
17.875	-0.00235763
17.88	-0.00235711
17.885	-0.00235594
17.89	-0.0023541
17.895	-0.00235159
17.9	-0.00234841
17.905	-0.00234456
17.91	-0.00234005
17.915	-0.00233489
17.92	-0.0023291
17.925	-0.00232267
17.93	-0.00231564
17.935	-0.002308
17.94	-0.00229977
17.945	-0.00229095
17.95	-0.00228155
17.955	-0.00227158
17.96	-0.00226102
17.965	-0.0022499
17.97	-0.00223819
17.975	-0.0022259
17.98	-0.00221303
17.985	-0.00219958
17.99	-0.00218556
17.995	-0.00217098
18	-0.00215585
18.005	-0.00214019
18.01	-0.002124
18.015	-0.00210731
18.02	-0.00209012
18.025	-0.00207244
18.03	-0.00205428
18.035	-0.00203565
18.04	-0.00201655
18.045	-0.00199698
18.05	-0.00197696
18.055	-0.00195647
18.06	-0.00193553
18.065	-0.00191414
18.07	-0.0018923
18.075	-0.00187002
18.08	-0.00184731
18.085	-0.00182419
18.09	-0.00180067
18.095	-0.00177676
18.1	-0.00175248
18.105	-0.00172785
18.11	-0.00170286
18.115	-0.00167754
18.12	-0.00165188
18.125	-0.00162589
18.13	-0.00159958
18.135	-0.00157295
18.14	-0.00154602
18.145	-0.00151878
18.15	-0.00149124
18.155	-0.0014634
18.16	-0.00143528
18.165	-0.00140689
18.17	-0.00137824
18.175	-0.00134935
18.18	-0.00132023
18.185	-0.0012909
18.19	-0.00126136
18.195	-0.00123164
18.2	-0.00120173
18.205	-0.00117165
18.21	-0.0011414
18.215	-0.00111098
18.22	-0.00108041
18.225	-0.00104968
18.23	-0.00101881
18.235	-0.000987801
18.24	-0.000956662
18.245	-0.000925405
18.25	-0.000894041
18.255	-0.000862584
18.26	-0.000831049
18.265	-0.00079945
18.27	-0.000767801
18.275	-0.000736115
18.28	-0.000704401
18.285	-0.000672668
18.29	-0.00064092
18.295	-0.000609161
18.3	-0.000577394
18.305	-0.000545627
18.31	-0.000513865
18.315	-0.000482118
18.32	-0.000450393
18.325	-0.000418701
18.33	-0.000387052
18.335	-0.000355458
18.34	-0.000323932
18.345	-0.000292487
18.35	-0.000261135
18.355	-0.000229887
18.36	-0.000198752
18.365	-0.00016774
18.37	-0.000136857
18.375	-0.000106109
18.38	-7.55006e-05
18.385	-4.50346e-05
18.39	-1.47154e-05
18.395	1.54517e-05
18.4	4.54594e-05
18.405	7.52987e-05
18.41	0.00010496
18.415	0.000134432
18.42	0.000163707
18.425	0.000192774
18.43	0.000221624
18.435	0.000250247
18.44	0.000278634
18.445	0.000306775
18.45	0.000334662
18.455	0.000362288
18.46	0.000389649
18.465	0.000416741
18.47	0.000443562
18.475	0.00047011
18.48	0.000496382
18.485	0.000522374
18.49	0.000548082
18.495	0.000573497
18.5	0.000598611
18.505	0.000623415
18.51	0.000647901
18.515	0.00067206
18.52	0.000695883
18.525	0.000719363
18.53	0.000742491
18.535	0.00076526
18.54	0.000787667
18.545	0.000809708
18.55	0.000831382
18.555	0.000852689
18.56	0.000873631
18.565	0.000894208
18.57	0.000914421
18.575	0.000934268
18.58	0.000953743
18.585	0.000972839
18.59	0.000991546
18.595	0.00100986
18.6	0.00102776
18.605	0.00104525
18.61	0.00106233
18.615	0.00107898
18.62	0.00109521
18.625	0.00111101
18.63	0.00112638
18.635	0.00114133
18.64	0.00115585
18.645	0.00116995
18.65	0.00118364
18.655	0.00119691
18.66	0.00120977
18.665	0.00122222
18.67	0.00123424
18.675	0.00124583
18.68	0.00125699
18.685	0.0012677
18.69	0.00127797
18.695	0.00128778
18.7	0.00129714
18.705	0.00130604
18.71	0.00131449
18.715	0.00132249
18.72	0.00133004
18.725	0.00133715
18.73	0.00134382
18.735	0.00135007
18.74	0.00135588
18.745	0.00136128
18.75	0.00136625
18.755	0.0013708
18.76	0.00137492
18.765	0.0013786
18.77	0.00138184
18.775	0.00138464
18.78	0.00138698
18.785	0.00138888
18.79	0.00139033
18.795	0.00139133
18.8	0.00139189
18.805	0.00139203
18.81	0.00139173
18.815	0.00139103
18.82	0.00138992
18.825	0.0013884
18.83	0.0013865
18.835	0.0013842
18.84	0.00138151
18.845	0.00137843
18.85	0.00137495
18.855	0.00137106
18.86	0.00136676
18.865	0.00136205
18.87	0.00135692
18.875	0.00135139
18.88	0.00134545
18.885	0.00133912
18.89	0.00133241
18.895	0.00132533
18.9	0.00131789
18.905	0.0013101
18.91	0.00130198
18.915	0.00129351
18.92	0.00128472
18.925	0.0012756
18.93	0.00126614
18.935	0.00125635
18.94	0.00124621
18.945	0.00123573
18.95	0.00122491
18.955	0.00121374
18.96	0.00120222
18.965	0.00119038
18.97	0.00117822
18.975	0.00116575
18.98	0.00115299
18.985	0.00113995
18.99	0.00112665
18.995	0.00111309
19	0.00109928
19.005	0.00108522
19.01	0.00107092
19.015	0.00105636
19.02	0.00104156
19.025	0.0010265
19.03	0.00101119
19.035	0.00099561
19.04	0.000979777
19.045	0.000963693
19.05	0.000947369
19.055	0.000930817
19.06	0.000914054
19.065	0.000897095
19.07	0.000879956
19.075	0.000862653
19.08	0.000845192
19.085	0.000827582
19.09	0.000809822
19.095	0.000791914
19.1	0.000773855
19.105	0.000755644
19.11	0.000737277
19.115	0.000718752
19.12	0.000700066
19.125	0.000681223
19.13	0.00066223
19.135	0.000643098
19.14	0.000623842
19.145	0.000604479
19.15	0.000585025
19.155	0.000565498
19.16	0.000545911
19.165	0.000526275
19.17	0.000506597
19.175	0.000486876
19.18	0.000467111
19.185	0.000447297
19.19	0.00042743
19.195	0.000407507
19.2	0.000387528
19.205	0.000367492
19.21	0.000347404
19.215	0.00032727
19.22	0.0003071
19.225	0.000286911
19.23	0.000266719
19.235	0.000246543
19.24	0.0002264
19.245	0.000206302
19.25	0.000186259
19.255	0.000166276
19.26	0.000146353
19.265	0.000126486
19.27	0.000106669
19.275	8.6896e-05
19.28	6.71632e-05
19.285	4.74687e-05
19.29	2.78143e-05
19.295	8.20487e-06
19.3	-1.13513e-05
19.305	-3.08429e-05
19.31	-5.02557e-05
19.315	-6.95732e-05
19.32	-8.87783e-05
19.325	-0.000107855
19.33	-0.000126792
19.335	-0.000145579
19.34	-0.000164215
19.345	-0.000182701
19.35	-0.000201043
19.355	-0.000219247
19.36	-0.000237322
19.365	-0.000255273
19.37	-0.000273103
19.375	-0.000290809
19.38	-0.000308386
19.385	-0.000325825
19.39	-0.000343113
19.395	-0.000360237
19.4	-0.000377182
19.405	-0.000393933
19.41	-0.000410477
19.415	-0.000426801
19.42	-0.000442901
19.425	-0.000458776
19.43	-0.00047443
19.435	-0.000489869
19.44	-0.000505103
19.445	-0.000520138
19.45	-0.000534984
19.455	-0.000549642
19.46	-0.000564112
19.465	-0.000578388
19.47	-0.00059246
19.475	-0.000606315
19.48	-0.000619939
19.485	-0.000633321
19.49	-0.000646447
19.495	-0.000659309
19.5	-0.000671898
19.505	-0.000684209
19.51	-0.000696243
19.515	-0.000708006
19.52	-0.000719507
19.525	-0.000730755
19.53	-0.000741761
19.535	-0.000752531
19.54	-0.000763068
19.545	-0.000773372
19.55	-0.00078344
19.555	-0.000793262
19.56	-0.000802827
19.565	-0.000812122
19.57	-0.000821133
19.575	-0.000829851
19.58	-0.000838269
19.585	-0.000846382
19.59	-0.000854192
19.595	-0.0008617
19.6	-0.000868912
19.605	-0.000875836
19.61	-0.000882484
19.615	-0.000888866
19.62	-0.000894992
19.625	-0.000900865
19.63	-0.000906487
19.635	-0.000911853
19.64	-0.000916956
19.645	-0.000921786
19.65	-0.00092633
19.655	-0.000930578
19.66	-0.000934522
19.665	-0.000938155
19.67	-0.000941475
19.675	-0.000944486
19.68	-0.000947194
19.685	-0.000949606
19.69	-0.000951734
19.695	-0.000953587
19.7	-0.000955177
19.705	-0.000956511
19.71	-0.000957597
19.715	-0.000958436
19.72	-0.000959025
19.725	-0.000959358
19.73	-0.000959425
19.735	-0.000959216
19.74	-0.000958721
19.745	-0.000957932
19.75	-0.000956847
19.755	-0.000955465
19.76	-0.000953792
19.765	-0.000951837
19.77	-0.00094961
19.775	-0.000947123
19.78	-0.000944388
19.785	-0.000941414
19.79	-0.000938211
19.795	-0.000934784
19.8	-0.000931134
19.805	-0.000927262
19.81	-0.00092316
19.815	-0.000918821
19.82	-0.000914235
19.825	-0.000909395
19.83	-0.000904295
19.835	-0.000898934
19.84	-0.000893313
19.845	-0.000887441
19.85	-0.000881326
19.855	-0.000874982
19.86	-0.000868423
19.865	-0.00086166
19.87	-0.000854704
19.875	-0.00084756
19.88	-0.000840235
19.885	-0.000832729
19.89	-0.000825042
19.895	-0.000817171
19.9	-0.000809109
19.905	-0.000800848
19.91	-0.000792382
19.915	-0.000783707
19.92	-0.000774823
19.925	-0.000765734
19.93	-0.000756448
19.935	-0.000746977
19.94	-0.000737332
19.945	-0.000727527
19.95	-0.000717574
19.955	-0.000707484
19.96	-0.000697265
19.965	-0.000686921
19.97	-0.000676454
19.975	-0.000665861
19.98	-0.00065514
19.985	-0.000644285
19.99	-0.000633293
19.995	-0.000622159
