0	0
0.005	0
0.01	0
0.015	0
0.02	0
0.025	0
0.03	0
0.035	0
0.04	0
0.045	0
0.05	0
0.055	0
0.06	0
0.065	0
0.07	0
0.075	0
0.08	0
0.085	0
0.09	0
0.095	0
0.1	0
0.105	0
0.11	0
0.115	0
0.12	0
0.125	0
0.13	0
0.135	0
0.14	0
0.145	0
0.15	0
0.155	0
0.16	0
0.165	0
0.17	0
0.175	0
0.18	0
0.185	0
0.19	0
0.195	0
0.2	0
0.205	0
0.21	0
0.215	0
0.22	0
0.225	0
0.23	0
0.235	0
0.24	0
0.245	0
0.25	0
0.255	0
0.26	0
0.265	0
0.27	0
0.275	0
0.28	0
0.285	0
0.29	0
0.295	0
0.3	0
0.305	0
0.31	0
0.315	0
0.32	0
0.325	0
0.33	0
0.335	0
0.34	0
0.345	0
0.35	0
0.355	0
0.36	0
0.365	0
0.37	0
0.375	0
0.38	0
0.385	0
0.39	0
0.395	0
0.4	0
0.405	0
0.41	0
0.415	0
0.42	0
0.425	0
0.43	0
0.435	0
0.44	0
0.445	0
0.45	0
0.455	0
0.46	0
0.465	0
0.47	0
0.475	0
0.48	0
0.485	0
0.49	0
0.495	0
0.5	0
0.505	0
0.51	0
0.515	0
0.52	0
0.525	0
0.53	0
0.535	0
0.54	0
0.545	0
0.55	0
0.555	0
0.56	0
0.565	0
0.57	0
0.575	0
0.58	0
0.585	0
0.59	0
0.595	0
0.6	-1.10149e-89
0.605	-1.7552e-87
0.61	-1.42462e-85
0.615	-7.85165e-84
0.62	-3.30306e-82
0.625	-1.12989e-80
0.63	-3.26846e-79
0.635	-8.20931e-78
0.64	-1.82435e-76
0.645	-3.63804e-75
0.65	-6.58157e-74
0.655	-1.08969e-72
0.66	-1.66311e-71
0.665	-2.35411e-70
0.67	-3.10657e-69
0.675	-3.83929e-68
0.68	-4.46133e-67
0.685	-4.89165e-66
0.69	-5.07683e-65
0.695	-5.00157e-64
0.7	-4.68926e-63
0.705	-4.19363e-62
0.71	-3.5849e-61
0.715	-2.93491e-60
0.72	-2.30517e-59
0.725	-1.73977e-58
0.73	-1.26357e-57
0.735	-8.84319e-57
0.74	-5.97106e-56
0.745	-3.89419e-55
0.75	-2.45559e-54
0.755	-1.49856e-53
0.76	-8.85829e-53
0.765	-5.07595e-52
0.77	-2.82151e-51
0.775	-1.52234e-50
0.78	-7.97709e-50
0.785	-4.06141e-49
0.79	-2.00988e-48
0.795	-9.67033e-48
0.8	-4.5244e-47
0.805	-2.05847e-46
0.81	-9.10619e-46
0.815	-3.9156e-45
0.82	-1.63561e-44
0.825	-6.63109e-44
0.83	-2.6056e-43
0.835	-9.90243e-43
0.84	-3.62842e-42
0.845	-1.27559e-41
0.85	-4.26845e-41
0.855	-1.34086e-40
0.86	-3.84831e-40
0.865	-9.45954e-40
0.87	-1.57607e-39
0.875	1.49408e-39
0.88	3.20061e-38
0.885	2.09255e-37
0.89	1.06873e-36
0.895	4.84732e-36
0.9	2.04132e-35
0.905	8.15004e-35
0.91	3.12076e-34
0.915	1.15425e-33
0.92	4.14315e-33
0.925	1.44807e-32
0.93	4.94009e-32
0.935	1.64808e-31
0.94	5.38461e-31
0.945	1.72495e-30
0.95	5.42332e-30
0.955	1.67486e-29
0.96	5.08414e-29
0.965	1.51791e-28
0.97	4.45957e-28
0.975	1.28992e-27
0.98	3.67487e-27
0.985	1.03155e-26
0.99	2.85407e-26
0.995	7.78568e-26
1	2.09467e-25
1.005	5.55956e-25
1.01	1.45606e-24
1.015	3.76388e-24
1.02	9.60516e-24
1.025	2.42035e-23
1.03	6.0234e-23
1.035	1.48073e-22
1.04	3.59633e-22
1.045	8.63109e-22
1.05	2.04722e-21
1.055	4.7998e-21
1.06	1.11252e-20
1.065	2.54962e-20
1.07	5.77818e-20
1.075	1.29512e-19
1.08	2.87137e-19
1.085	6.29765e-19
1.09	1.36657e-18
1.095	2.93428e-18
1.1	6.23492e-18
1.105	1.3112e-17
1.11	2.72938e-17
1.115	5.62416e-17
1.12	1.14734e-16
1.125	2.31746e-16
1.13	4.63505e-16
1.135	9.18042e-16
1.14	1.80083e-15
1.145	3.49884e-15
1.15	6.73369e-15
1.155	1.28379e-14
1.16	2.42486e-14
1.165	4.53796e-14
1.17	8.41496e-14
1.175	1.5463e-13
1.18	2.81589e-13
1.185	5.08221e-13
1.19	9.09148e-13
1.195	1.6121e-12
1.2	2.8337e-12
1.205	4.93799e-12
1.21	8.53121e-12
1.215	1.46138e-11
1.22	2.48219e-11
1.225	4.18074e-11
1.23	6.98307e-11
1.235	1.15675e-10
1.24	1.90047e-10
1.245	3.09696e-10
1.25	5.00596e-10
1.255	8.02682e-10
1.26	1.27681e-09
1.265	2.01495e-09
1.27	3.15486e-09
1.275	4.90113e-09
1.28	7.55505e-09
1.285	1.15565e-08
1.29	1.75424e-08
1.295	2.64268e-08
1.3	3.95111e-08
1.305	5.8632e-08
1.31	8.636e-08
1.315	1.26263e-07
1.32	1.83251e-07
1.325	2.64027e-07
1.33	3.77661e-07
1.335	5.36328e-07
1.34	7.56232e-07
1.345	1.05876e-06
1.35	1.47191e-06
1.355	2.03202e-06
1.36	2.78585e-06
1.365	3.79312e-06
1.37	5.12937e-06
1.375	6.88945e-06
1.38	9.19138e-06
1.385	1.21808e-05
1.39	1.60359e-05
1.395	2.09728e-05
1.4	2.72514e-05
1.405	3.51819e-05
1.41	4.51304e-05
1.415	5.75264e-05
1.42	7.28685e-05
1.425	9.17305e-05
1.43	0.000114767
1.435	0.000142719
1.44	0.000176416
1.445	0.000216779
1.45	0.000264821
1.455	0.000321645
1.46	0.000388444
1.465	0.000466492
1.47	0.000557139
1.475	0.000661802
1.48	0.000781954
1.485	0.00091911
1.49	0.00107482
1.495	0.00125064
1.5	0.00144814
1.505	0.00166888
1.51	0.0019144
1.515	0.0021862
1.52	0.00248576
1.525	0.0028145
1.53	0.00317381
1.535	0.00356503
1.54	0.00398949
1.545	0.00444847
1.55	0.00494325
1.555	0.00547509
1.56	0.00604529
1.565	0.00665514
1.57	0.00730598
1.575	0.00799922
1.58	0.00873629
1.585	0.00951868
1.59	0.010348
1.595	0.0112257
1.6	0.0121537
1.605	0.0131335
1.61	0.0141668
1.615	0.0152554
1.62	0.0164009
1.625	0.0176051
1.63	0.0188696
1.635	0.0201959
1.64	0.0215855
1.645	0.0230399
1.65	0.0245604
1.655	0.0261484
1.66	0.027805
1.665	0.0295316
1.67	0.0313292
1.675	0.0331991
1.68	0.0351424
1.685	0.0371604
1.69	0.0392542
1.695	0.0414251
1.7	0.0436745
1.705	0.0460036
1.71	0.0484138
1.715	0.0509066
1.72	0.0534833
1.725	0.0561452
1.73	0.0588937
1.735	0.0617301
1.74	0.0646556
1.745	0.0676712
1.75	0.0707782
1.755	0.0739773
1.76	0.0772694
1.765	0.0806554
1.77	0.0841358
1.775	0.0877113
1.78	0.0913826
1.785	0.0951501
1.79	0.0990145
1.795	0.102976
1.8	0.107036
1.805	0.111194
1.81	0.115451
1.815	0.119808
1.82	0.124266
1.825	0.128824
1.83	0.133484
1.835	0.138245
1.84	0.143109
1.845	0.148075
1.85	0.153145
1.855	0.158317
1.86	0.163593
1.865	0.168971
1.87	0.174453
1.875	0.180037
1.88	0.185723
1.885	0.191511
1.89	0.197401
1.895	0.203391
1.9	0.209483
1.905	0.215674
1.91	0.221965
1.915	0.228355
1.92	0.234843
1.925	0.24143
1.93	0.248113
1.935	0.254892
1.94	0.261767
1.945	0.268736
1.95	0.275799
1.955	0.282954
1.96	0.2902
1.965	0.297535
1.97	0.304958
1.975	0.312468
1.98	0.320062
1.985	0.32774
1.99	0.335498
1.995	0.343336
2	0.351252
2.005	0.359242
2.01	0.367306
2.015	0.375441
2.02	0.383645
2.025	0.391916
2.03	0.400251
2.035	0.408647
2.04	0.417103
2.045	0.425616
2.05	0.434183
2.055	0.4428
2.06	0.451466
2.065	0.460177
2.07	0.46893
2.075	0.477721
2.08	0.486548
2.085	0.495408
2.09	0.504296
2.095	0.51321
2.1	0.522146
2.105	0.531101
2.11	0.540071
2.115	0.549053
2.12	0.558043
2.125	0.567037
2.13	0.576032
2.135	0.585024
2.14	0.594009
2.145	0.602983
2.15	0.611942
2.155	0.620882
2.16	0.629798
2.165	0.638687
2.17	0.647545
2.175	0.656366
2.18	0.665147
2.185	0.673884
2.19	0.682571
2.195	0.691205
2.2	0.699782
2.205	0.708296
2.21	0.716743
2.215	0.72512
2.22	0.73342
2.225	0.741641
2.23	0.749776
2.235	0.757821
2.24	0.765772
2.245	0.773624
2.25	0.781371
2.255	0.78901
2.26	0.796536
2.265	0.803943
2.27	0.811227
2.275	0.818383
2.28	0.825406
2.285	0.832292
2.29	0.839035
2.295	0.845632
2.3	0.852077
2.305	0.858366
2.31	0.864493
2.315	0.870455
2.32	0.876246
2.325	0.881862
2.33	0.887297
2.335	0.892549
2.34	0.89761
2.345	0.902478
2.35	0.907148
2.355	0.911614
2.36	0.915873
2.365	0.91992
2.37	0.923751
2.375	0.927361
2.38	0.930746
2.385	0.933901
2.39	0.936824
2.395	0.939509
2.4	0.941952
2.405	0.944149
2.41	0.946097
2.415	0.947791
2.42	0.949227
2.425	0.950402
2.43	0.951312
2.435	0.951954
2.44	0.952323
2.445	0.952417
2.45	0.952231
2.455	0.951764
2.46	0.951011
2.465	0.94997
2.47	0.948638
2.475	0.947012
2.48	0.945088
2.485	0.942865
2.49	0.94034
2.495	0.937509
2.5	0.934372
2.505	0.930925
2.51	0.927166
2.515	0.923093
2.52	0.918704
2.525	0.913998
2.53	0.908973
2.535	0.903627
2.54	0.89796
2.545	0.891969
2.55	0.885655
2.555	0.879015
2.56	0.87205
2.565	0.864758
2.57	0.85714
2.575	0.849195
2.58	0.840922
2.585	0.832321
2.59	0.823393
2.595	0.814137
2.6	0.804553
2.605	0.794643
2.61	0.784407
2.615	0.773844
2.62	0.762958
2.625	0.751747
2.63	0.740215
2.635	0.728362
2.64	0.716189
2.645	0.703699
2.65	0.690894
2.655	0.677776
2.66	0.664346
2.665	0.650607
2.67	0.636562
2.675	0.622214
2.68	0.607564
2.685	0.592616
2.69	0.577373
2.695	0.561838
2.7	0.546014
2.705	0.529905
2.71	0.513514
2.715	0.496845
2.72	0.479902
2.725	0.462689
2.73	0.44521
2.735	0.42747
2.74	0.409473
2.745	0.391224
2.75	0.372727
2.755	0.353987
2.76	0.33501
2.765	0.3158
2.77	0.296363
2.775	0.276705
2.78	0.256831
2.785	0.236746
2.79	0.216456
2.795	0.195968
2.8	0.175287
2.805	0.154419
2.81	0.133372
2.815	0.11215
2.82	0.0907606
2.825	0.0692105
2.83	0.0475061
2.835	0.0256542
2.84	0.0036617
2.845	-0.0184645
2.85	-0.0407173
2.855	-0.0630897
2.86	-0.0855742
2.865	-0.108164
2.87	-0.130851
2.875	-0.153628
2.88	-0.176488
2.885	-0.199422
2.89	-0.222423
2.895	-0.245484
2.9	-0.268596
2.905	-0.291752
2.91	-0.314943
2.915	-0.338162
2.92	-0.361401
2.925	-0.384651
2.93	-0.407904
2.935	-0.431153
2.94	-0.454389
2.945	-0.477604
2.95	-0.500789
2.955	-0.523937
2.96	-0.547039
2.965	-0.570087
2.97	-0.593073
2.975	-0.615988
2.98	-0.638823
2.985	-0.661571
2.99	-0.684224
2.995	-0.706772
3	-0.729208
3.005	-0.751523
3.01	-0.773709
3.015	-0.795758
3.02	-0.817661
3.025	-0.839411
3.03	-0.860999
3.035	-0.882417
3.04	-0.903658
3.045	-0.924713
3.05	-0.945574
3.055	-0.966233
3.06	-0.986683
3.065	-1.00692
3.07	-1.02692
3.075	-1.0467
3.08	-1.06624
3.085	-1.08552
3.09	-1.10456
3.095	-1.12333
3.1	-1.14183
3.105	-1.16006
3.11	-1.178
3.115	-1.19565
3.12	-1.21301
3.125	-1.23006
3.13	-1.2468
3.135	-1.26322
3.14	-1.27933
3.145	-1.2951
3.15	-1.31054
3.155	-1.32563
3.16	-1.34038
3.165	-1.35478
3.17	-1.36882
3.175	-1.38249
3.18	-1.3958
3.185	-1.40873
3.19	-1.42128
3.195	-1.43345
3.2	-1.44523
3.205	-1.45662
3.21	-1.46761
3.215	-1.4782
3.22	-1.48838
3.225	-1.49815
3.23	-1.50751
3.235	-1.51646
3.24	-1.52498
3.245	-1.53308
3.25	-1.54075
3.255	-1.548
3.26	-1.55481
3.265	-1.56118
3.27	-1.56712
3.275	-1.57262
3.28	-1.57768
3.285	-1.5823
3.29	-1.58647
3.295	-1.59019
3.3	-1.59347
3.305	-1.59629
3.31	-1.59867
3.315	-1.6006
3.32	-1.60207
3.325	-1.60309
3.33	-1.60366
3.335	-1.60378
3.34	-1.60345
3.345	-1.60267
3.35	-1.60143
3.355	-1.59974
3.36	-1.5976
3.365	-1.59502
3.37	-1.59198
3.375	-1.5885
3.38	-1.58458
3.385	-1.58021
3.39	-1.5754
3.395	-1.57015
3.4	-1.56446
3.405	-1.55834
3.41	-1.55178
3.415	-1.54479
3.42	-1.53738
3.425	-1.52955
3.43	-1.52129
3.435	-1.51261
3.44	-1.50352
3.445	-1.49402
3.45	-1.48412
3.455	-1.47381
3.46	-1.4631
3.465	-1.452
3.47	-1.4405
3.475	-1.42863
3.48	-1.41636
3.485	-1.40373
3.49	-1.39072
3.495	-1.37735
3.5	-1.36361
3.505	-1.34952
3.51	-1.33508
3.515	-1.32029
3.52	-1.30516
3.525	-1.2897
3.53	-1.27392
3.535	-1.25781
3.54	-1.24138
3.545	-1.22465
3.55	-1.20761
3.555	-1.19028
3.56	-1.17265
3.565	-1.15474
3.57	-1.13656
3.575	-1.1181
3.58	-1.09938
3.585	-1.08041
3.59	-1.06118
3.595	-1.04171
3.6	-1.02201
3.605	-1.00208
3.61	-0.981923
3.615	-0.961555
3.62	-0.940981
3.625	-0.920209
3.63	-0.899244
3.635	-0.878095
3.64	-0.856769
3.645	-0.835274
3.65	-0.813617
3.655	-0.791806
3.66	-0.769848
3.665	-0.747752
3.67	-0.725524
3.675	-0.703173
3.68	-0.680706
3.685	-0.658131
3.69	-0.635455
3.695	-0.612687
3.7	-0.589834
3.705	-0.566903
3.71	-0.543903
3.715	-0.520841
3.72	-0.497725
3.725	-0.474562
3.73	-0.45136
3.735	-0.428127
3.74	-0.40487
3.745	-0.381596
3.75	-0.358314
3.755	-0.335031
3.76	-0.311753
3.765	-0.288489
3.77	-0.265246
3.775	-0.242032
3.78	-0.218853
3.785	-0.195716
3.79	-0.17263
3.795	-0.1496
3.8	-0.126635
3.805	-0.103741
3.81	-0.0809246
3.815	-0.0581932
3.82	-0.0355534
3.825	-0.0130119
3.83	0.00942456
3.835	0.0317495
3.84	0.0539564
3.845	0.0760388
3.85	0.0979903
3.855	0.119805
3.86	0.141476
3.865	0.162997
3.87	0.184363
3.875	0.205568
3.88	0.226605
3.885	0.247469
3.89	0.268155
3.895	0.288656
3.9	0.308968
3.905	0.329085
3.91	0.349001
3.915	0.368713
3.92	0.388213
3.925	0.407499
3.93	0.426564
3.935	0.445404
3.94	0.464014
3.945	0.48239
3.95	0.500527
3.955	0.518421
3.96	0.536068
3.965	0.553463
3.97	0.570603
3.975	0.587483
3.98	0.6041
3.985	0.62045
3.99	0.63653
3.995	0.652336
4	0.667865
4.005	0.683113
4.01	0.698078
4.015	0.712756
4.02	0.727145
4.025	0.741241
4.03	0.755043
4.035	0.768547
4.04	0.781751
4.045	0.794652
4.05	0.807249
4.055	0.81954
4.06	0.831521
4.065	0.843193
4.07	0.854551
4.075	0.865597
4.08	0.876326
4.085	0.886739
4.09	0.896833
4.095	0.906608
4.1	0.916063
4.105	0.925196
4.11	0.934006
4.115	0.942493
4.12	0.950656
4.125	0.958494
4.13	0.966007
4.135	0.973195
4.14	0.980057
4.145	0.986594
4.15	0.992804
4.155	0.998689
4.16	1.00425
4.165	1.00948
4.17	1.01439
4.175	1.01898
4.18	1.02324
4.185	1.02717
4.19	1.03079
4.195	1.03408
4.2	1.03705
4.205	1.0397
4.21	1.04203
4.215	1.04405
4.22	1.04575
4.225	1.04713
4.23	1.0482
4.235	1.04896
4.24	1.04941
4.245	1.04955
4.25	1.04938
4.255	1.04891
4.26	1.04813
4.265	1.04705
4.27	1.04568
4.275	1.04401
4.28	1.04204
4.285	1.03978
4.29	1.03724
4.295	1.0344
4.3	1.03128
4.305	1.02788
4.31	1.0242
4.315	1.02024
4.32	1.01601
4.325	1.01151
4.33	1.00674
4.335	1.00171
4.34	0.996418
4.345	0.990865
4.35	0.985058
4.355	0.979
4.36	0.972692
4.365	0.96614
4.37	0.959347
4.375	0.952315
4.38	0.945049
4.385	0.937553
4.39	0.929829
4.395	0.921882
4.4	0.913715
4.405	0.905333
4.41	0.89674
4.415	0.887939
4.42	0.878934
4.425	0.86973
4.43	0.86033
4.435	0.850739
4.44	0.840961
4.445	0.831
4.45	0.82086
4.455	0.810545
4.46	0.800061
4.465	0.78941
4.47	0.778598
4.475	0.767628
4.48	0.756506
4.485	0.745235
4.49	0.733821
4.495	0.722267
4.5	0.710578
4.505	0.698758
4.51	0.686811
4.515	0.674743
4.52	0.662557
4.525	0.650257
4.53	0.637848
4.535	0.625333
4.54	0.612717
4.545	0.600004
4.55	0.587197
4.555	0.5743
4.56	0.561317
4.565	0.548252
4.57	0.535108
4.575	0.521889
4.58	0.508598
4.585	0.49524
4.59	0.481817
4.595	0.468333
4.6	0.454791
4.605	0.441196
4.61	0.427549
4.615	0.413856
4.62	0.40012
4.625	0.386344
4.63	0.372532
4.635	0.358688
4.64	0.344815
4.645	0.330917
4.65	0.316998
4.655	0.303063
4.66	0.289113
4.665	0.275155
4.67	0.26119
4.675	0.247223
4.68	0.233258
4.685	0.219298
4.69	0.205346
4.695	0.191406
4.7	0.177481
4.705	0.163574
4.71	0.149689
4.715	0.135829
4.72	0.121997
4.725	0.108196
4.73	0.0944292
4.735	0.0807001
4.74	0.0670118
4.745	0.0533678
4.75	0.0397713
4.755	0.0262258
4.76	0.0127347
4.765	-0.000698566
4.77	-0.0140706
4.775	-0.027378
4.78	-0.0406176
4.785	-0.0537859
4.79	-0.0668799
4.795	-0.0798965
4.8	-0.0928327
4.805	-0.105685
4.81	-0.118452
4.815	-0.13113
4.82	-0.143716
4.825	-0.156208
4.83	-0.168602
4.835	-0.180898
4.84	-0.19309
4.845	-0.205178
4.85	-0.217159
4.855	-0.229028
4.86	-0.240785
4.865	-0.252426
4.87	-0.263948
4.875	-0.275349
4.88	-0.286626
4.885	-0.297776
4.89	-0.308796
4.895	-0.319685
4.9	-0.330439
4.905	-0.341057
4.91	-0.351537
4.915	-0.361875
4.92	-0.37207
4.925	-0.382121
4.93	-0.392025
4.935	-0.40178
4.94	-0.411385
4.945	-0.420837
4.95	-0.430135
4.955	-0.439278
4.96	-0.448262
4.965	-0.457087
4.97	-0.465751
4.975	-0.474251
4.98	-0.482587
4.985	-0.490756
4.99	-0.498757
4.995	-0.506588
5	-0.514248
5.005	-0.521736
5.01	-0.529049
5.015	-0.536188
5.02	-0.54315
5.025	-0.549936
5.03	-0.556543
5.035	-0.562971
5.04	-0.569218
5.045	-0.575285
5.05	-0.58117
5.055	-0.586873
5.06	-0.592392
5.065	-0.597726
5.07	-0.602876
5.075	-0.607839
5.08	-0.612616
5.085	-0.617206
5.09	-0.621608
5.095	-0.625822
5.1	-0.629846
5.105	-0.633681
5.11	-0.637327
5.115	-0.640782
5.12	-0.644047
5.125	-0.647122
5.13	-0.650007
5.135	-0.6527
5.14	-0.655203
5.145	-0.657516
5.15	-0.659637
5.155	-0.661568
5.16	-0.663308
5.165	-0.664857
5.17	-0.666216
5.175	-0.667385
5.18	-0.668364
5.185	-0.669153
5.19	-0.669752
5.195	-0.670163
5.2	-0.670386
5.205	-0.670421
5.21	-0.670269
5.215	-0.669931
5.22	-0.669408
5.225	-0.6687
5.23	-0.667809
5.235	-0.666735
5.24	-0.665479
5.245	-0.664043
5.25	-0.662427
5.255	-0.660633
5.26	-0.658662
5.265	-0.656515
5.27	-0.654192
5.275	-0.651696
5.28	-0.649028
5.285	-0.64619
5.29	-0.643182
5.295	-0.640006
5.3	-0.636664
5.305	-0.633158
5.31	-0.629489
5.315	-0.625659
5.32	-0.62167
5.325	-0.617523
5.33	-0.613221
5.335	-0.608764
5.34	-0.604156
5.345	-0.599398
5.35	-0.594492
5.355	-0.58944
5.36	-0.584244
5.365	-0.578905
5.37	-0.573427
5.375	-0.567811
5.38	-0.56206
5.385	-0.556176
5.39	-0.55016
5.395	-0.544016
5.4	-0.537746
5.405	-0.531352
5.41	-0.524836
5.415	-0.518201
5.42	-0.51145
5.425	-0.504585
5.43	-0.497608
5.435	-0.490523
5.44	-0.48333
5.445	-0.476034
5.45	-0.468636
5.455	-0.46114
5.46	-0.453547
5.465	-0.445861
5.47	-0.438084
5.475	-0.430219
5.48	-0.422268
5.485	-0.414235
5.49	-0.406122
5.495	-0.397931
5.5	-0.389666
5.505	-0.381329
5.51	-0.372923
5.515	-0.364451
5.52	-0.355915
5.525	-0.347318
5.53	-0.338663
5.535	-0.329953
5.54	-0.321191
5.545	-0.312379
5.55	-0.30352
5.555	-0.294617
5.56	-0.285673
5.565	-0.276691
5.57	-0.267673
5.575	-0.258622
5.58	-0.249542
5.585	-0.240434
5.59	-0.231301
5.595	-0.222147
5.6	-0.212973
5.605	-0.203783
5.61	-0.194579
5.615	-0.185364
5.62	-0.176141
5.625	-0.166912
5.63	-0.15768
5.635	-0.148448
5.64	-0.139219
5.645	-0.129996
5.65	-0.12078
5.655	-0.111576
5.66	-0.102385
5.665	-0.0932099
5.67	-0.084054
5.675	-0.0749197
5.68	-0.0658094
5.685	-0.0567256
5.69	-0.0476709
5.695	-0.0386478
5.7	-0.0296586
5.705	-0.0207059
5.71	-0.0117921
5.715	-0.00291966
5.72	0.00590901
5.725	0.0146914
5.73	0.0234252
5.735	0.0321078
5.74	0.0407369
5.745	0.04931
5.75	0.0578249
5.755	0.0662792
5.76	0.0746707
5.765	0.0829971
5.77	0.0912563
5.775	0.0994461
5.78	0.107565
5.785	0.115609
5.79	0.123579
5.795	0.131471
5.8	0.139284
5.805	0.147016
5.81	0.154664
5.815	0.162228
5.82	0.169705
5.825	0.177094
5.83	0.184392
5.835	0.191599
5.84	0.198712
5.845	0.20573
5.85	0.212652
5.855	0.219475
5.86	0.226198
5.865	0.232821
5.87	0.23934
5.875	0.245756
5.88	0.252066
5.885	0.25827
5.89	0.264365
5.895	0.270351
5.9	0.276227
5.905	0.281992
5.91	0.287644
5.915	0.293182
5.92	0.298605
5.925	0.303913
5.93	0.309105
5.935	0.314179
5.94	0.319135
5.945	0.323973
5.95	0.32869
5.955	0.333288
5.96	0.337764
5.965	0.342119
5.97	0.346352
5.975	0.350462
5.98	0.354448
5.985	0.358311
5.99	0.362049
5.995	0.365662
6	0.369151
6.005	0.372513
6.01	0.375751
6.015	0.378862
6.02	0.381846
6.025	0.384705
6.03	0.387437
6.035	0.390043
6.04	0.392522
6.045	0.394874
6.05	0.3971
6.055	0.399199
6.06	0.401172
6.065	0.403019
6.07	0.404739
6.075	0.406334
6.08	0.407802
6.085	0.409145
6.09	0.410362
6.095	0.411454
6.1	0.412421
6.105	0.413264
6.11	0.413983
6.115	0.414578
6.12	0.41505
6.125	0.415399
6.13	0.415627
6.135	0.415732
6.14	0.415717
6.145	0.415582
6.15	0.415326
6.155	0.414952
6.16	0.41446
6.165	0.413849
6.17	0.413122
6.175	0.412279
6.18	0.411321
6.185	0.410248
6.19	0.409061
6.195	0.407763
6.2	0.406352
6.205	0.404831
6.21	0.4032
6.215	0.40146
6.22	0.399613
6.225	0.397659
6.23	0.395599
6.235	0.393435
6.24	0.391168
6.245	0.388798
6.25	0.386328
6.255	0.383758
6.26	0.381089
6.265	0.378323
6.27	0.37546
6.275	0.372504
6.28	0.369453
6.285	0.366311
6.29	0.363079
6.295	0.359757
6.3	0.356347
6.305	0.352851
6.31	0.34927
6.315	0.345605
6.32	0.341858
6.325	0.33803
6.33	0.334123
6.335	0.330139
6.34	0.326078
6.345	0.321942
6.35	0.317733
6.355	0.313453
6.36	0.309102
6.365	0.304683
6.37	0.300197
6.375	0.295645
6.38	0.29103
6.385	0.286353
6.39	0.281615
6.395	0.276819
6.4	0.271965
6.405	0.267056
6.41	0.262094
6.415	0.257078
6.42	0.252013
6.425	0.246898
6.43	0.241737
6.435	0.23653
6.44	0.231279
6.445	0.225986
6.45	0.220653
6.455	0.215281
6.46	0.209872
6.465	0.204427
6.47	0.198949
6.475	0.193439
6.48	0.187899
6.485	0.18233
6.49	0.176735
6.495	0.171114
6.5	0.16547
6.505	0.159804
6.51	0.154118
6.515	0.148414
6.52	0.142694
6.525	0.136958
6.53	0.131209
6.535	0.125449
6.54	0.119679
6.545	0.113901
6.55	0.108117
6.555	0.102328
6.56	0.0965351
6.565	0.0907411
6.57	0.0849471
6.575	0.0791549
6.58	0.0733659
6.585	0.067582
6.59	0.0618046
6.595	0.0560354
6.6	0.0502761
6.605	0.0445283
6.61	0.0387935
6.615	0.0330735
6.62	0.0273698
6.625	0.021684
6.63	0.0160176
6.635	0.0103722
6.64	0.00474921
6.645	-0.00084978
6.65	-0.00642335
6.655	-0.01197
6.66	-0.0174884
6.665	-0.0229771
6.67	-0.0284346
6.675	-0.0338595
6.68	-0.0392504
6.685	-0.044606
6.69	-0.0499247
6.695	-0.0552052
6.7	-0.0604461
6.705	-0.0656461
6.71	-0.0708037
6.715	-0.0759176
6.72	-0.0809867
6.725	-0.0860095
6.73	-0.0909849
6.735	-0.0959116
6.74	-0.100788
6.745	-0.105614
6.75	-0.110388
6.755	-0.115109
6.76	-0.119775
6.765	-0.124385
6.77	-0.12894
6.775	-0.133436
6.78	-0.137874
6.785	-0.142253
6.79	-0.14657
6.795	-0.150826
6.8	-0.155019
6.805	-0.159148
6.81	-0.163213
6.815	-0.167212
6.82	-0.171145
6.825	-0.175011
6.83	-0.178809
6.835	-0.182538
6.84	-0.186197
6.845	-0.189787
6.85	-0.193305
6.855	-0.196752
6.86	-0.200126
6.865	-0.203428
6.87	-0.206656
6.875	-0.20981
6.88	-0.212889
6.885	-0.215893
6.89	-0.218821
6.895	-0.221672
6.9	-0.224447
6.905	-0.227144
6.91	-0.229763
6.915	-0.232304
6.92	-0.234767
6.925	-0.23715
6.93	-0.239455
6.935	-0.24168
6.94	-0.243825
6.945	-0.24589
6.95	-0.247875
6.955	-0.249779
6.96	-0.251603
6.965	-0.253346
6.97	-0.255008
6.975	-0.256588
6.98	-0.258087
6.985	-0.259505
6.99	-0.260841
6.995	-0.262096
7	-0.26327
7.005	-0.264362
7.01	-0.265372
7.015	-0.266302
7.02	-0.26715
7.025	-0.267918
7.03	-0.268604
7.035	-0.26921
7.04	-0.269736
7.045	-0.270181
7.05	-0.270547
7.055	-0.270832
7.06	-0.271038
7.065	-0.271164
7.07	-0.271211
7.075	-0.27118
7.08	-0.271071
7.085	-0.270883
7.09	-0.270618
7.095	-0.270276
7.1	-0.269857
7.105	-0.269362
7.11	-0.268791
7.115	-0.268145
7.12	-0.267425
7.125	-0.266631
7.13	-0.265763
7.135	-0.264822
7.14	-0.263809
7.145	-0.262724
7.15	-0.261568
7.155	-0.260342
7.16	-0.259046
7.165	-0.257681
7.17	-0.256247
7.175	-0.254746
7.18	-0.253178
7.185	-0.251545
7.19	-0.249846
7.195	-0.248082
7.2	-0.246255
7.205	-0.244365
7.21	-0.242413
7.215	-0.2404
7.22	-0.238327
7.225	-0.236195
7.23	-0.234003
7.235	-0.231755
7.24	-0.22945
7.245	-0.227089
7.25	-0.224673
7.255	-0.222204
7.26	-0.219682
7.265	-0.217108
7.27	-0.214484
7.275	-0.21181
7.28	-0.209087
7.285	-0.206317
7.29	-0.203501
7.295	-0.200638
7.3	-0.197732
7.305	-0.194781
7.31	-0.191789
7.315	-0.188755
7.32	-0.185681
7.325	-0.182568
7.33	-0.179416
7.335	-0.176228
7.34	-0.173004
7.345	-0.169746
7.35	-0.166454
7.355	-0.16313
7.36	-0.159775
7.365	-0.156389
7.37	-0.152975
7.375	-0.149533
7.38	-0.146064
7.385	-0.14257
7.39	-0.139051
7.395	-0.13551
7.4	-0.131945
7.405	-0.12836
7.41	-0.124756
7.415	-0.121132
7.42	-0.117491
7.425	-0.113834
7.43	-0.110162
7.435	-0.106475
7.44	-0.102776
7.445	-0.0990658
7.45	-0.0953446
7.455	-0.091614
7.46	-0.0878752
7.465	-0.0841291
7.47	-0.080377
7.475	-0.0766199
7.48	-0.0728588
7.485	-0.0690951
7.49	-0.0653296
7.495	-0.0615637
7.5	-0.0577983
7.505	-0.0540347
7.51	-0.0502739
7.515	-0.0465171
7.52	-0.0427653
7.525	-0.0390197
7.53	-0.0352813
7.535	-0.0315512
7.54	-0.0278304
7.545	-0.0241198
7.55	-0.0204206
7.555	-0.0167337
7.56	-0.01306
7.565	-0.00940061
7.57	-0.00575645
7.575	-0.00212853
7.58	0.00148217
7.585	0.00507465
7.59	0.00864792
7.595	0.012201
7.6	0.0157329
7.605	0.0192428
7.61	0.0227296
7.615	0.0261924
7.62	0.0296304
7.625	0.0330426
7.63	0.0364283
7.635	0.0397865
7.64	0.0431165
7.645	0.0464175
7.65	0.0496886
7.655	0.0529291
7.66	0.0561382
7.665	0.0593151
7.67	0.062459
7.675	0.0655691
7.68	0.0686447
7.685	0.071685
7.69	0.0746892
7.695	0.0776567
7.7	0.0805868
7.705	0.0834787
7.71	0.0863319
7.715	0.0891456
7.72	0.0919194
7.725	0.0946525
7.73	0.0973446
7.735	0.0999948
7.74	0.102603
7.745	0.105168
7.75	0.10769
7.755	0.110168
7.76	0.112601
7.765	0.11499
7.77	0.117333
7.775	0.119631
7.78	0.121882
7.785	0.124086
7.79	0.126243
7.795	0.128352
7.8	0.130414
7.805	0.132427
7.81	0.134391
7.815	0.136307
7.82	0.138173
7.825	0.13999
7.83	0.141757
7.835	0.143474
7.84	0.145141
7.845	0.146757
7.85	0.148322
7.855	0.149836
7.86	0.151299
7.865	0.15271
7.87	0.15407
7.875	0.155378
7.88	0.156634
7.885	0.157839
7.89	0.158991
7.895	0.160091
7.9	0.161139
7.905	0.162134
7.91	0.163078
7.915	0.163969
7.92	0.164808
7.925	0.165595
7.93	0.166329
7.935	0.167011
7.94	0.167641
7.945	0.168219
7.95	0.168745
7.955	0.169219
7.96	0.169642
7.965	0.170012
7.97	0.170331
7.975	0.170599
7.98	0.170815
7.985	0.170981
7.99	0.171095
7.995	0.171159
8	0.171173
8.005	0.171136
8.01	0.17105
8.015	0.170914
8.02	0.170729
8.025	0.170494
8.03	0.170211
8.035	0.169879
8.04	0.1695
8.045	0.169072
8.05	0.168597
8.055	0.168075
8.06	0.167506
8.065	0.166891
8.07	0.16623
8.075	0.165523
8.08	0.164771
8.085	0.163975
8.09	0.163134
8.095	0.16225
8.1	0.161323
8.105	0.160353
8.11	0.15934
8.115	0.158286
8.12	0.15719
8.125	0.156054
8.13	0.154877
8.135	0.15366
8.14	0.152404
8.145	0.151109
8.15	0.149777
8.155	0.148406
8.16	0.146999
8.165	0.145556
8.17	0.144076
8.175	0.142562
8.18	0.141013
8.185	0.13943
8.19	0.137814
8.195	0.136165
8.2	0.134484
8.205	0.132772
8.21	0.131029
8.215	0.129255
8.22	0.127453
8.225	0.125621
8.23	0.123761
8.235	0.121874
8.24	0.11996
8.245	0.11802
8.25	0.116054
8.255	0.114064
8.26	0.11205
8.265	0.110013
8.27	0.107953
8.275	0.105871
8.28	0.103768
8.285	0.101645
8.29	0.0995015
8.295	0.0973393
8.3	0.0951587
8.305	0.0929606
8.31	0.0907456
8.315	0.0885144
8.32	0.0862678
8.325	0.0840064
8.33	0.0817311
8.335	0.0794426
8.34	0.0771416
8.345	0.0748289
8.35	0.0725052
8.355	0.0701712
8.36	0.0678276
8.365	0.0654752
8.37	0.0631147
8.375	0.0607468
8.38	0.0583723
8.385	0.0559917
8.39	0.053606
8.395	0.0512156
8.4	0.0488215
8.405	0.0464242
8.41	0.0440245
8.415	0.0416232
8.42	0.0392209
8.425	0.0368184
8.43	0.0344165
8.435	0.0320157
8.44	0.0296169
8.445	0.0272206
8.45	0.0248276
8.455	0.0224385
8.46	0.0200539
8.465	0.0176747
8.47	0.0153013
8.475	0.0129345
8.48	0.0105749
8.485	0.00822322
8.49	0.00588003
8.495	0.00354601
8.5	0.00122181
8.505	-0.0010919
8.51	-0.00339449
8.515	-0.00568532
8.52	-0.00796378
8.525	-0.0102293
8.53	-0.0124812
8.535	-0.0147189
8.54	-0.016942
8.545	-0.0191497
8.55	-0.0213415
8.555	-0.0235169
8.56	-0.0256754
8.565	-0.0278163
8.57	-0.0299391
8.575	-0.0320432
8.58	-0.0341283
8.585	-0.0361937
8.59	-0.0382389
8.595	-0.0402634
8.6	-0.0422667
8.605	-0.0442483
8.61	-0.0462078
8.615	-0.0481446
8.62	-0.0500583
8.625	-0.0519485
8.63	-0.0538146
8.635	-0.0556564
8.64	-0.0574733
8.645	-0.0592649
8.65	-0.0610308
8.655	-0.0627707
8.66	-0.0644842
8.665	-0.0661708
8.67	-0.0678302
8.675	-0.0694621
8.68	-0.0710662
8.685	-0.072642
8.69	-0.0741893
8.695	-0.0757077
8.7	-0.0771969
8.705	-0.0786566
8.71	-0.0800865
8.715	-0.0814864
8.72	-0.082856
8.725	-0.084195
8.73	-0.0855032
8.735	-0.0867803
8.74	-0.0880262
8.745	-0.0892405
8.75	-0.0904232
8.755	-0.0915739
8.76	-0.0926925
8.765	-0.0937788
8.77	-0.0948327
8.775	-0.095854
8.78	-0.0968426
8.785	-0.0977984
8.79	-0.0987212
8.795	-0.0996109
8.8	-0.100467
8.805	-0.101291
8.81	-0.102081
8.815	-0.102837
8.82	-0.103561
8.825	-0.10425
8.83	-0.104906
8.835	-0.105528
8.84	-0.106117
8.845	-0.106672
8.85	-0.107193
8.855	-0.107681
8.86	-0.108135
8.865	-0.108555
8.87	-0.108942
8.875	-0.109295
8.88	-0.109615
8.885	-0.109901
8.89	-0.110154
8.895	-0.110374
8.9	-0.110561
8.905	-0.110715
8.91	-0.110836
8.915	-0.110924
8.92	-0.11098
8.925	-0.111003
8.93	-0.110993
8.935	-0.110952
8.94	-0.110878
8.945	-0.110772
8.95	-0.110634
8.955	-0.110466
8.96	-0.110265
8.965	-0.110034
8.97	-0.109772
8.975	-0.109479
8.98	-0.109156
8.985	-0.108803
8.99	-0.108419
8.995	-0.108006
9	-0.107564
9.005	-0.107093
9.01	-0.106592
9.015	-0.106063
9.02	-0.105506
9.025	-0.104921
9.03	-0.104308
9.035	-0.103667
9.04	-0.103
9.045	-0.102305
9.05	-0.101585
9.055	-0.100838
9.06	-0.100066
9.065	-0.099268
9.07	-0.0984453
9.075	-0.097598
9.08	-0.0967265
9.085	-0.095831
9.09	-0.094912
9.095	-0.0939698
9.1	-0.0930048
9.105	-0.0920174
9.11	-0.0910079
9.115	-0.0899767
9.12	-0.0889244
9.125	-0.0878512
9.13	-0.0867577
9.135	-0.0856443
9.14	-0.0845113
9.145	-0.0833594
9.15	-0.0821887
9.155	-0.0809999
9.16	-0.0797934
9.165	-0.0785695
9.17	-0.0773287
9.175	-0.0760715
9.18	-0.0747982
9.185	-0.0735094
9.19	-0.0722053
9.195	-0.0708865
9.2	-0.0695534
9.205	-0.0682065
9.21	-0.0668463
9.215	-0.0654732
9.22	-0.0640878
9.225	-0.0626905
9.23	-0.0612818
9.235	-0.0598622
9.24	-0.0584321
9.245	-0.056992
9.25	-0.0555423
9.255	-0.0540835
9.26	-0.0526161
9.265	-0.0511405
9.27	-0.0496571
9.275	-0.0481665
9.28	-0.046669
9.285	-0.0451653
9.29	-0.0436556
9.295	-0.0421406
9.3	-0.0406208
9.305	-0.0390965
9.31	-0.0375683
9.315	-0.0360366
9.32	-0.034502
9.325	-0.0329648
9.33	-0.0314255
9.335	-0.0298846
9.34	-0.0283425
9.345	-0.0267996
9.35	-0.0252564
9.355	-0.0237134
9.36	-0.022171
9.365	-0.0206295
9.37	-0.0190895
9.375	-0.0175515
9.38	-0.0160157
9.385	-0.0144828
9.39	-0.0129532
9.395	-0.0114272
9.4	-0.00990541
9.405	-0.00838816
9.41	-0.00687588
9.415	-0.00536899
9.42	-0.00386789
9.425	-0.00237297
9.43	-0.000884631
9.435	0.000596733
9.44	0.00207074
9.445	0.00353699
9.45	0.00499511
9.455	0.00644472
9.46	0.00788543
9.465	0.00931685
9.47	0.0107386
9.475	0.0121503
9.48	0.0135516
9.485	0.014942
9.49	0.0163214
9.495	0.0176892
9.5	0.0190451
9.505	0.0203889
9.51	0.0217203
9.515	0.0230388
9.52	0.0243442
9.525	0.0256362
9.53	0.0269145
9.535	0.0281788
9.54	0.0294287
9.545	0.030664
9.55	0.0318843
9.555	0.0330894
9.56	0.034279
9.565	0.0354528
9.57	0.0366105
9.575	0.0377519
9.58	0.0388766
9.585	0.0399845
9.59	0.0410753
9.595	0.0421489
9.6	0.0432049
9.605	0.0442432
9.61	0.0452637
9.615	0.046266
9.62	0.0472499
9.625	0.0482153
9.63	0.049162
9.635	0.0500897
9.64	0.0509983
9.645	0.0518876
9.65	0.0527574
9.655	0.0536075
9.66	0.0544377
9.665	0.055248
9.67	0.0560382
9.675	0.0568082
9.68	0.0575578
9.685	0.058287
9.69	0.0589956
9.695	0.0596836
9.7	0.0603509
9.705	0.0609974
9.71	0.0616229
9.715	0.0622275
9.72	0.0628109
9.725	0.0633732
9.73	0.0639141
9.735	0.0644338
9.74	0.064932
9.745	0.0654089
9.75	0.0658642
9.755	0.066298
9.76	0.0667103
9.765	0.0671011
9.77	0.0674704
9.775	0.0678182
9.78	0.0681445
9.785	0.0684493
9.79	0.0687328
9.795	0.0689947
9.8	0.0692353
9.805	0.0694545
9.81	0.0696523
9.815	0.0698288
9.82	0.069984
9.825	0.0701178
9.83	0.0702305
9.835	0.070322
9.84	0.0703925
9.845	0.0704419
9.85	0.0704705
9.855	0.0704783
9.86	0.0704654
9.865	0.070432
9.87	0.0703781
9.875	0.070304
9.88	0.0702097
9.885	0.0700954
9.89	0.0699611
9.895	0.069807
9.9	0.0696332
9.905	0.0694398
9.91	0.0692269
9.915	0.0689948
9.92	0.0687435
9.925	0.0684731
9.93	0.068184
9.935	0.0678762
9.94	0.0675499
9.945	0.0672054
9.95	0.0668429
9.955	0.0664625
9.96	0.0660646
9.965	0.0656493
9.97	0.0652167
9.975	0.0647672
9.98	0.0643009
9.985	0.063818
9.99	0.0633187
9.995	0.0628031
10	0.0622715
10.005	0.0617241
10.01	0.0611612
10.015	0.0605829
10.02	0.0599896
10.025	0.0593815
10.03	0.0587588
10.035	0.0581219
10.04	0.057471
10.045	0.0568064
10.05	0.0561284
10.055	0.0554371
10.06	0.054733
10.065	0.0540162
10.07	0.053287
10.075	0.0525455
10.08	0.0517922
10.085	0.0510272
10.09	0.0502508
10.095	0.0494632
10.1	0.0486648
10.105	0.0478559
10.11	0.0470367
10.115	0.0462076
10.12	0.0453689
10.125	0.0445208
10.13	0.0436638
10.135	0.042798
10.14	0.0419238
10.145	0.0410415
10.15	0.0401514
10.155	0.0392537
10.16	0.0383488
10.165	0.0374368
10.17	0.0365181
10.175	0.035593
10.18	0.0346617
10.185	0.0337246
10.19	0.032782
10.195	0.0318342
10.2	0.0308815
10.205	0.0299242
10.21	0.0289626
10.215	0.0279971
10.22	0.027028
10.225	0.0260556
10.23	0.0250801
10.235	0.0241019
10.24	0.0231212
10.245	0.0221384
10.25	0.0211536
10.255	0.0201673
10.26	0.0191796
10.265	0.0181908
10.27	0.0172013
10.275	0.0162113
10.28	0.0152212
10.285	0.0142312
10.29	0.0132418
10.295	0.012253
10.3	0.0112654
10.305	0.0102791
10.31	0.00929447
10.315	0.00831173
10.32	0.00733117
10.325	0.00635305
10.33	0.00537763
10.335	0.00440516
10.34	0.00343588
10.345	0.00247007
10.35	0.00150797
10.355	0.000549847
10.36	-0.000404016
10.365	-0.00135335
10.37	-0.00229786
10.375	-0.00323728
10.38	-0.00417134
10.385	-0.0050998
10.39	-0.0060224
10.395	-0.00693891
10.4	-0.00784912
10.405	-0.00875278
10.41	-0.0096497
10.415	-0.0105396
10.42	-0.0114224
10.425	-0.0122978
10.43	-0.0131655
10.435	-0.0140255
10.44	-0.0148774
10.445	-0.015721
10.45	-0.0165561
10.455	-0.0173826
10.46	-0.0182001
10.465	-0.0190085
10.47	-0.0198075
10.475	-0.020597
10.48	-0.0213768
10.485	-0.0221467
10.49	-0.0229066
10.495	-0.0236563
10.5	-0.0243957
10.505	-0.0251245
10.51	-0.0258426
10.515	-0.02655
10.52	-0.0272463
10.525	-0.0279316
10.53	-0.0286055
10.535	-0.029268
10.54	-0.0299189
10.545	-0.0305581
10.55	-0.0311854
10.555	-0.0318006
10.56	-0.0324037
10.565	-0.0329946
10.57	-0.033573
10.575	-0.0341391
10.58	-0.0346925
10.585	-0.0352333
10.59	-0.0357614
10.595	-0.0362767
10.6	-0.036779
10.605	-0.0372684
10.61	-0.0377447
10.615	-0.0382078
10.62	-0.0386577
10.625	-0.0390943
10.63	-0.0395175
10.635	-0.0399272
10.64	-0.0403234
10.645	-0.040706
10.65	-0.041075
10.655	-0.0414303
10.66	-0.0417719
10.665	-0.0420997
10.67	-0.0424139
10.675	-0.0427143
10.68	-0.043001
10.685	-0.0432739
10.69	-0.043533
10.695	-0.0437783
10.7	-0.0440098
10.705	-0.0442275
10.71	-0.0444313
10.715	-0.0446213
10.72	-0.0447974
10.725	-0.0449597
10.73	-0.0451082
10.735	-0.0452429
10.74	-0.0453638
10.745	-0.045471
10.75	-0.0455645
10.755	-0.0456445
10.76	-0.0457108
10.765	-0.0457637
10.77	-0.0458031
10.775	-0.0458291
10.78	-0.0458417
10.785	-0.045841
10.79	-0.0458271
10.795	-0.0457999
10.8	-0.0457596
10.805	-0.0457062
10.81	-0.0456399
10.815	-0.0455606
10.82	-0.0454685
10.825	-0.0453637
10.83	-0.0452463
10.835	-0.0451163
10.84	-0.0449739
10.845	-0.0448192
10.85	-0.0446523
10.855	-0.0444732
10.86	-0.0442823
10.865	-0.0440794
10.87	-0.0438647
10.875	-0.0436384
10.88	-0.0434006
10.885	-0.0431512
10.89	-0.0428906
10.895	-0.0426189
10.9	-0.0423361
10.905	-0.0420423
10.91	-0.0417378
10.915	-0.0414227
10.92	-0.0410971
10.925	-0.0407612
10.93	-0.0404152
10.935	-0.0400591
10.94	-0.0396932
10.945	-0.0393176
10.95	-0.0389324
10.955	-0.0385379
10.96	-0.038134
10.965	-0.0377211
10.97	-0.0372993
10.975	-0.0368686
10.98	-0.0364293
10.985	-0.0359816
10.99	-0.0355257
10.995	-0.0350616
11	-0.0345896
11.005	-0.0341099
11.01	-0.0336227
11.015	-0.0331281
11.02	-0.0326263
11.025	-0.0321176
11.03	-0.031602
11.035	-0.0310798
11.04	-0.0305512
11.045	-0.0300162
11.05	-0.0294752
11.055	-0.0289282
11.06	-0.0283755
11.065	-0.0278172
11.07	-0.0272535
11.075	-0.0266847
11.08	-0.0261109
11.085	-0.0255323
11.09	-0.0249492
11.095	-0.0243616
11.1	-0.0237699
11.105	-0.0231743
11.11	-0.0225748
11.115	-0.0219717
11.12	-0.0213652
11.125	-0.0207555
11.13	-0.0201428
11.135	-0.0195272
11.14	-0.0189089
11.145	-0.0182882
11.15	-0.0176651
11.155	-0.0170399
11.16	-0.0164129
11.165	-0.0157841
11.17	-0.0151538
11.175	-0.0145222
11.18	-0.0138895
11.185	-0.0132559
11.19	-0.0126216
11.195	-0.0119867
11.2	-0.0113515
11.205	-0.0107161
11.21	-0.0100808
11.215	-0.00944563
11.22	-0.00881085
11.225	-0.00817662
11.23	-0.0075431
11.235	-0.00691046
11.24	-0.00627888
11.245	-0.00564855
11.25	-0.00501965
11.255	-0.00439238
11.26	-0.00376691
11.265	-0.00314345
11.27	-0.00252217
11.275	-0.00190324
11.28	-0.00128684
11.285	-0.000673115
11.29	-6.22408e-05
11.295	0.000545627
11.3	0.00115033
11.305	0.00175173
11.31	0.00234966
11.315	0.00294399
11.32	0.00353457
11.325	0.00412126
11.33	0.00470389
11.335	0.00528232
11.34	0.00585637
11.345	0.00642589
11.35	0.0069907
11.355	0.00755066
11.36	0.00810561
11.365	0.00865543
11.37	0.00919998
11.375	0.00973913
11.38	0.0102728
11.385	0.0108008
11.39	0.011323
11.395	0.0118394
11.4	0.0123498
11.405	0.0128541
11.41	0.0133522
11.415	0.013844
11.42	0.0143294
11.425	0.0148082
11.43	0.0152804
11.435	0.0157457
11.44	0.0162041
11.445	0.0166554
11.45	0.0170996
11.455	0.0175366
11.46	0.0179663
11.465	0.0183885
11.47	0.0188033
11.475	0.0192106
11.48	0.0196103
11.485	0.0200022
11.49	0.0203864
11.495	0.0207628
11.5	0.0211313
11.505	0.0214918
11.51	0.0218443
11.515	0.0221887
11.52	0.0225249
11.525	0.0228527
11.53	0.0231723
11.535	0.0234833
11.54	0.023786
11.545	0.0240801
11.55	0.0243657
11.555	0.0246428
11.56	0.0249112
11.565	0.0251711
11.57	0.0254223
11.575	0.0256649
11.58	0.0258988
11.585	0.026124
11.59	0.0263404
11.595	0.0265481
11.6	0.026747
11.605	0.026937
11.61	0.0271182
11.615	0.0272904
11.62	0.0274537
11.625	0.0276082
11.63	0.0277537
11.635	0.0278903
11.64	0.028018
11.645	0.0281369
11.65	0.028247
11.655	0.0283483
11.66	0.0284408
11.665	0.0285245
11.67	0.0285995
11.675	0.0286657
11.68	0.0287231
11.685	0.0287719
11.69	0.0288119
11.695	0.0288432
11.7	0.0288658
11.705	0.0288798
11.71	0.0288852
11.715	0.028882
11.72	0.0288702
11.725	0.0288501
11.73	0.0288215
11.735	0.0287846
11.74	0.0287395
11.745	0.0286862
11.75	0.0286248
11.755	0.0285552
11.76	0.0284776
11.765	0.028392
11.77	0.0282984
11.775	0.0281969
11.78	0.0280876
11.785	0.0279705
11.79	0.0278457
11.795	0.0277132
11.8	0.0275731
11.805	0.0274256
11.81	0.0272707
11.815	0.0271085
11.82	0.0269391
11.825	0.0267626
11.83	0.0265792
11.835	0.0263889
11.84	0.0261917
11.845	0.0259878
11.85	0.0257773
11.855	0.0255601
11.86	0.0253364
11.865	0.0251062
11.87	0.0248697
11.875	0.024627
11.88	0.0243781
11.885	0.0241231
11.89	0.0238623
11.895	0.0235956
11.9	0.0233233
11.905	0.0230454
11.91	0.0227621
11.915	0.0224735
11.92	0.0221797
11.925	0.0218809
11.93	0.021577
11.935	0.0212682
11.94	0.0209546
11.945	0.0206362
11.95	0.0203133
11.955	0.0199858
11.96	0.0196539
11.965	0.0193177
11.97	0.0189774
11.975	0.0186331
11.98	0.0182849
11.985	0.017933
11.99	0.0175775
11.995	0.0172186
12	0.0168563
12.005	0.0164909
12.01	0.0161223
12.015	0.0157508
12.02	0.0153764
12.025	0.0149992
12.03	0.0146193
12.035	0.0142368
12.04	0.0138518
12.045	0.0134646
12.05	0.0130751
12.055	0.0126836
12.06	0.0122901
12.065	0.0118949
12.07	0.011498
12.075	0.0110996
12.08	0.0106999
12.085	0.0102989
12.09	0.00989687
12.095	0.00949381
12.1	0.00908987
12.105	0.00868515
12.11	0.00827975
12.115	0.00787377
12.12	0.00746732
12.125	0.00706049
12.13	0.00665343
12.135	0.00624625
12.14	0.00583909
12.145	0.00543209
12.15	0.00502536
12.155	0.00461905
12.16	0.00421329
12.165	0.0038082
12.17	0.00340391
12.175	0.00300053
12.18	0.00259819
12.185	0.00219698
12.19	0.00179701
12.195	0.00139835
12.2	0.0010011
12.205	0.00060534
12.21	0.000211176
12.215	-0.000181291
12.22	-0.000571948
12.225	-0.000960679
12.23	-0.00134736
12.235	-0.00173189
12.24	-0.00211412
12.245	-0.00249396
12.25	-0.00287129
12.255	-0.003246
12.26	-0.00361801
12.265	-0.0039872
12.27	-0.00435351
12.275	-0.00471684
12.28	-0.00507712
12.285	-0.00543428
12.29	-0.00578824
12.295	-0.00613894
12.3	-0.00648629
12.305	-0.00683021
12.31	-0.00717059
12.315	-0.00750735
12.32	-0.00784037
12.325	-0.00816956
12.33	-0.00849485
12.335	-0.00881613
12.34	-0.00913334
12.345	-0.00944639
12.35	-0.00975524
12.355	-0.0100598
12.36	-0.01036
12.365	-0.0106559
12.37	-0.0109473
12.375	-0.0112341
12.38	-0.0115165
12.385	-0.0117942
12.39	-0.0120673
12.395	-0.0123356
12.4	-0.0125991
12.405	-0.0128578
12.41	-0.0131115
12.415	-0.0133603
12.42	-0.013604
12.425	-0.0138426
12.43	-0.014076
12.435	-0.0143043
12.44	-0.0145274
12.445	-0.0147452
12.45	-0.0149577
12.455	-0.015165
12.46	-0.0153668
12.465	-0.0155633
12.47	-0.0157545
12.475	-0.0159402
12.48	-0.0161204
12.485	-0.0162952
12.49	-0.0164645
12.495	-0.0166282
12.5	-0.0167863
12.505	-0.0169388
12.51	-0.0170857
12.515	-0.0172269
12.52	-0.0173625
12.525	-0.0174924
12.53	-0.0176166
12.535	-0.0177352
12.54	-0.0178481
12.545	-0.0179553
12.55	-0.0180568
12.555	-0.0181527
12.56	-0.0182429
12.565	-0.0183274
12.57	-0.0184062
12.575	-0.0184794
12.58	-0.0185469
12.585	-0.0186087
12.59	-0.0186649
12.595	-0.0187153
12.6	-0.0187601
12.605	-0.0187992
12.61	-0.0188327
12.615	-0.0188607
12.62	-0.018883
12.625	-0.0188998
12.63	-0.018911
12.635	-0.0189168
12.64	-0.0189171
12.645	-0.018912
12.65	-0.0189014
12.655	-0.0188854
12.66	-0.0188641
12.665	-0.0188375
12.67	-0.0188055
12.675	-0.0187682
12.68	-0.0187257
12.685	-0.0186779
12.69	-0.018625
12.695	-0.0185669
12.7	-0.0185037
12.705	-0.0184355
12.71	-0.0183624
12.715	-0.0182842
12.72	-0.0182012
12.725	-0.0181134
12.73	-0.0180207
12.735	-0.0179233
12.74	-0.0178212
12.745	-0.0177145
12.75	-0.0176031
12.755	-0.0174873
12.76	-0.0173669
12.765	-0.017242
12.77	-0.0171128
12.775	-0.0169792
12.78	-0.0168413
12.785	-0.0166993
12.79	-0.0165531
12.795	-0.0164028
12.8	-0.0162485
12.805	-0.0160903
12.81	-0.0159282
12.815	-0.0157623
12.82	-0.0155927
12.825	-0.0154194
12.83	-0.0152425
12.835	-0.0150621
12.84	-0.0148781
12.845	-0.0146908
12.85	-0.0145001
12.855	-0.0143061
12.86	-0.0141089
12.865	-0.0139086
12.87	-0.0137051
12.875	-0.0134988
12.88	-0.0132895
12.885	-0.0130774
12.89	-0.0128626
12.895	-0.0126451
12.9	-0.012425
12.905	-0.0122025
12.91	-0.0119775
12.915	-0.0117502
12.92	-0.0115205
12.925	-0.0112887
12.93	-0.0110547
12.935	-0.0108186
12.94	-0.0105805
12.945	-0.0103405
12.95	-0.0100986
12.955	-0.00985503
12.96	-0.00960977
12.965	-0.00936293
12.97	-0.0091146
12.975	-0.00886487
12.98	-0.00861382
12.985	-0.00836154
12.99	-0.0081081
12.995	-0.00785357
13	-0.00759802
13.005	-0.00734151
13.01	-0.00708412
13.015	-0.00682591
13.02	-0.00656698
13.025	-0.0063074
13.03	-0.00604724
13.035	-0.0057866
13.04	-0.00552555
13.045	-0.00526418
13.05	-0.00500258
13.055	-0.00474083
13.06	-0.00447901
13.065	-0.00421721
13.07	-0.00395551
13.075	-0.00369399
13.08	-0.00343271
13.085	-0.00317173
13.09	-0.00291111
13.095	-0.00265091
13.1	-0.00239119
13.105	-0.00213204
13.11	-0.00187353
13.115	-0.00161573
13.12	-0.00135873
13.125	-0.00110259
13.13	-0.00084741
13.135	-0.000593253
13.14	-0.000340198
13.145	-8.83223e-05
13.15	0.000162301
13.155	0.000411604
13.16	0.00065952
13.165	0.000905993
13.17	0.00115097
13.175	0.0013944
13.18	0.00163624
13.185	0.00187643
13.19	0.00211492
13.195	0.00235163
13.2	0.00258651
13.205	0.00281948
13.21	0.00305046
13.215	0.0032794
13.22	0.00350623
13.225	0.00373089
13.23	0.00395331
13.235	0.00417345
13.24	0.00439124
13.245	0.00460664
13.25	0.00481961
13.255	0.0050301
13.26	0.00523808
13.265	0.00544352
13.27	0.00564637
13.275	0.00584659
13.28	0.00604415
13.285	0.00623898
13.29	0.00643103
13.295	0.00662024
13.3	0.00680655
13.305	0.00698992
13.31	0.00717031
13.315	0.00734766
13.32	0.00752195
13.325	0.00769315
13.33	0.00786122
13.335	0.00802613
13.34	0.00818786
13.345	0.0083464
13.35	0.00850172
13.355	0.0086538
13.36	0.00880262
13.365	0.00894815
13.37	0.00909037
13.375	0.00922922
13.38	0.00936468
13.385	0.0094967
13.39	0.00962524
13.395	0.00975028
13.4	0.0098718
13.405	0.00998978
13.41	0.0101042
13.415	0.0102151
13.42	0.0103224
13.425	0.0104261
13.43	0.0105263
13.435	0.0106229
13.44	0.0107159
13.445	0.0108053
13.45	0.0108912
13.455	0.0109734
13.46	0.0110521
13.465	0.011127
13.47	0.0111984
13.475	0.011266
13.48	0.01133
13.485	0.0113902
13.49	0.0114467
13.495	0.0114996
13.5	0.0115488
13.505	0.0115943
13.51	0.0116362
13.515	0.0116745
13.52	0.0117092
13.525	0.0117402
13.53	0.0117677
13.535	0.0117916
13.54	0.011812
13.545	0.0118287
13.55	0.0118419
13.555	0.0118515
13.56	0.0118575
13.565	0.01186
13.57	0.0118589
13.575	0.0118542
13.58	0.0118461
13.585	0.0118344
13.59	0.0118193
13.595	0.0118008
13.6	0.0117789
13.605	0.0117537
13.61	0.0117251
13.615	0.0116933
13.62	0.0116582
13.625	0.0116198
13.63	0.0115781
13.635	0.0115333
13.64	0.0114852
13.645	0.0114339
13.65	0.0113795
13.655	0.0113219
13.66	0.0112612
13.665	0.0111974
13.67	0.0111306
13.675	0.0110608
13.68	0.0109881
13.685	0.0109125
13.69	0.0108341
13.695	0.0107529
13.7	0.0106689
13.705	0.0105821
13.71	0.0104927
13.715	0.0104006
13.72	0.0103058
13.725	0.0102084
13.73	0.0101085
13.735	0.010006
13.74	0.00990095
13.745	0.00979346
13.75	0.00968355
13.755	0.00957126
13.76	0.00945665
13.765	0.00933979
13.77	0.00922075
13.775	0.00909956
13.78	0.00897629
13.785	0.00885098
13.79	0.00872366
13.795	0.00859437
13.8	0.00846315
13.805	0.00833003
13.81	0.00819504
13.815	0.00805824
13.82	0.00791966
13.825	0.00777936
13.83	0.00763738
13.835	0.00749377
13.84	0.00734858
13.845	0.00720189
13.85	0.00705375
13.855	0.00690424
13.86	0.0067534
13.865	0.0066013
13.87	0.006448
13.875	0.00629352
13.88	0.0061379
13.885	0.0059812
13.89	0.00582343
13.895	0.00566465
13.9	0.0055049
13.905	0.00534423
13.91	0.00518269
13.915	0.00502034
13.92	0.00485723
13.925	0.00469341
13.93	0.00452895
13.935	0.00436391
13.94	0.00419834
13.945	0.00403231
13.95	0.00386589
13.955	0.00369911
13.96	0.00353202
13.965	0.00336467
13.97	0.0031971
13.975	0.00302933
13.98	0.00286141
13.985	0.00269339
13.99	0.00252531
13.995	0.00235721
14	0.00218916
14.005	0.00202121
14.01	0.0018534
14.015	0.0016858
14.02	0.00151845
14.025	0.00135142
14.03	0.00118475
14.035	0.00101851
14.04	0.000852749
14.045	0.000687506
14.05	0.000522825
14.055	0.000358742
14.06	0.000195288
14.065	3.24938e-05
14.07	-0.000129608
14.075	-0.00029098
14.08	-0.000451576
14.085	-0.00061135
14.09	-0.000770252
14.095	-0.000928233
14.1	-0.00108524
14.105	-0.00124124
14.11	-0.00139617
14.115	-0.00155
14.12	-0.00170266
14.125	-0.00185413
14.13	-0.00200435
14.135	-0.0021533
14.14	-0.00230094
14.145	-0.00244725
14.15	-0.00259221
14.155	-0.00273579
14.16	-0.00287797
14.165	-0.00301871
14.17	-0.00315798
14.175	-0.00329573
14.18	-0.00343193
14.185	-0.00356653
14.19	-0.0036995
14.195	-0.00383079
14.2	-0.00396038
14.205	-0.00408823
14.21	-0.0042143
14.215	-0.00433858
14.22	-0.00446103
14.225	-0.00458162
14.23	-0.00470034
14.235	-0.00481717
14.24	-0.00493211
14.245	-0.00504513
14.25	-0.00515621
14.255	-0.00526534
14.26	-0.0053725
14.265	-0.00547764
14.27	-0.00558073
14.275	-0.00568176
14.28	-0.00578069
14.285	-0.0058775
14.29	-0.00597217
14.295	-0.00606469
14.3	-0.00615502
14.305	-0.00624317
14.31	-0.0063291
14.315	-0.00641281
14.32	-0.00649429
14.325	-0.00657354
14.33	-0.00665056
14.335	-0.00672535
14.34	-0.00679789
14.345	-0.00686819
14.35	-0.00693623
14.355	-0.00700198
14.36	-0.00706543
14.365	-0.00712657
14.37	-0.00718537
14.375	-0.00724183
14.38	-0.00729593
14.385	-0.00734769
14.39	-0.00739708
14.395	-0.00744412
14.4	-0.00748879
14.405	-0.00753111
14.41	-0.00757107
14.415	-0.0076087
14.42	-0.00764399
14.425	-0.00767697
14.43	-0.00770763
14.435	-0.00773597
14.44	-0.007762
14.445	-0.00778569
14.45	-0.00780705
14.455	-0.00782606
14.46	-0.00784274
14.465	-0.00785707
14.47	-0.00786907
14.475	-0.00787875
14.48	-0.00788612
14.485	-0.00789119
14.49	-0.00789398
14.495	-0.0078945
14.5	-0.00789277
14.505	-0.00788882
14.51	-0.00788265
14.515	-0.00787429
14.52	-0.00786375
14.525	-0.00785104
14.53	-0.00783616
14.535	-0.00781912
14.54	-0.00779991
14.545	-0.00777856
14.55	-0.00775506
14.555	-0.00772944
14.56	-0.00770172
14.565	-0.00767191
14.57	-0.00764005
14.575	-0.00760616
14.58	-0.00757026
14.585	-0.00753238
14.59	-0.00749255
14.595	-0.00745078
14.6	-0.00740712
14.605	-0.00736157
14.61	-0.00731416
14.615	-0.00726491
14.62	-0.00721384
14.625	-0.00716094
14.63	-0.00710624
14.635	-0.00704976
14.64	-0.00699151
14.645	-0.00693152
14.65	-0.00686982
14.655	-0.00680646
14.66	-0.00674146
14.665	-0.00667485
14.67	-0.00660668
14.675	-0.00653697
14.68	-0.00646575
14.685	-0.00639305
14.69	-0.0063189
14.695	-0.00624332
14.7	-0.00616635
14.705	-0.00608801
14.71	-0.0060083
14.715	-0.00592725
14.72	-0.00584488
14.725	-0.00576122
14.73	-0.0056763
14.735	-0.00559016
14.74	-0.00550283
14.745	-0.00541437
14.75	-0.00532481
14.755	-0.00523418
14.76	-0.00514254
14.765	-0.0050499
14.77	-0.00495629
14.775	-0.00486175
14.78	-0.00476629
14.785	-0.00466995
14.79	-0.00457275
14.795	-0.00447472
14.8	-0.00437589
14.805	-0.00427628
14.81	-0.00417592
14.815	-0.00407484
14.82	-0.00397309
14.825	-0.00387069
14.83	-0.00376771
14.835	-0.00366419
14.84	-0.00356016
14.845	-0.00345566
14.85	-0.00335073
14.855	-0.00324538
14.86	-0.00313963
14.865	-0.00303353
14.87	-0.00292708
14.875	-0.00282033
14.88	-0.00271329
14.885	-0.00260601
14.89	-0.00249852
14.895	-0.00239083
14.9	-0.00228299
14.905	-0.00217503
14.91	-0.00206699
14.915	-0.00195891
14.92	-0.00185084
14.925	-0.00174281
14.93	-0.00163486
14.935	-0.00152702
14.94	-0.00141932
14.945	-0.00131176
14.95	-0.00120438
14.955	-0.00109719
14.96	-0.000990228
14.965	-0.000883514
14.97	-0.00077708
14.975	-0.000670958
14.98	-0.00056518
14.985	-0.000459775
14.99	-0.000354775
14.995	-0.000250214
15	-0.000146125
15.005	-4.25487e-05
15.01	6.04798e-05
15.015	0.000162927
15.02	0.000264766
15.025	0.000365978
15.03	0.000466545
15.035	0.000566454
15.04	0.000665689
15.045	0.000764231
15.05	0.000862057
15.055	0.000959143
15.06	0.00105546
15.065	0.00115098
15.07	0.00124567
15.075	0.00133951
15.08	0.00143246
15.085	0.00152449
15.09	0.00161559
15.095	0.00170571
15.1	0.00179484
15.105	0.00188295
15.11	0.00197002
15.115	0.00205605
15.12	0.00214103
15.125	0.00222495
15.13	0.0023078
15.135	0.00238956
15.14	0.00247022
15.145	0.00254975
15.15	0.00262813
15.155	0.00270533
15.16	0.00278133
15.165	0.00285609
15.17	0.00292961
15.175	0.00300187
15.18	0.00307283
15.185	0.00314251
15.19	0.00321087
15.195	0.00327791
15.2	0.00334362
15.205	0.003408
15.21	0.00347105
15.215	0.00353277
15.22	0.00359314
15.225	0.00365217
15.23	0.00370982
15.235	0.00376609
15.24	0.00382095
15.245	0.00387438
15.25	0.00392638
15.255	0.00397692
15.26	0.00402599
15.265	0.0040736
15.27	0.00411973
15.275	0.00416438
15.28	0.00420756
15.285	0.00424926
15.29	0.00428948
15.295	0.00432822
15.3	0.00436549
15.305	0.00440128
15.31	0.0044356
15.315	0.00446844
15.32	0.0044998
15.325	0.00452965
15.33	0.004558
15.335	0.00458483
15.34	0.00461013
15.345	0.0046339
15.35	0.00465615
15.355	0.00467687
15.36	0.00469608
15.365	0.00471377
15.37	0.00472997
15.375	0.00474467
15.38	0.00475788
15.385	0.00476961
15.39	0.00477987
15.395	0.00478866
15.4	0.00479599
15.405	0.00480187
15.41	0.00480628
15.415	0.00480923
15.42	0.00481072
15.425	0.00481073
15.43	0.00480927
15.435	0.00480635
15.44	0.00480198
15.445	0.00479618
15.45	0.00478896
15.455	0.00478034
15.46	0.00477033
15.465	0.00475895
15.47	0.0047462
15.475	0.0047321
15.48	0.00471667
15.485	0.00469991
15.49	0.00468183
15.495	0.00466245
15.5	0.00464175
15.505	0.00461976
15.51	0.00459646
15.515	0.00457187
15.52	0.004546
15.525	0.00451886
15.53	0.00449048
15.535	0.00446088
15.54	0.00443008
15.545	0.0043981
15.55	0.00436497
15.555	0.00433069
15.56	0.00429528
15.565	0.00425876
15.57	0.00422115
15.575	0.00418246
15.58	0.0041427
15.585	0.00410188
15.59	0.00406002
15.595	0.00401713
15.6	0.00397321
15.605	0.00392827
15.61	0.00388235
15.615	0.00383545
15.62	0.00378761
15.625	0.00373885
15.63	0.0036892
15.635	0.00363868
15.64	0.00358731
15.645	0.00353511
15.65	0.00348211
15.655	0.00342831
15.66	0.00337374
15.665	0.00331842
15.67	0.00326236
15.675	0.00320557
15.68	0.00314808
15.685	0.00308989
15.69	0.00303102
15.695	0.00297148
15.7	0.0029113
15.705	0.00285051
15.71	0.00278912
15.715	0.00272717
15.72	0.00266469
15.725	0.00260171
15.73	0.00253824
15.735	0.00247431
15.74	0.00240994
15.745	0.00234515
15.75	0.00227995
15.755	0.00221437
15.76	0.00214842
15.765	0.00208212
15.77	0.00201547
15.775	0.0019485
15.78	0.00188121
15.785	0.00181364
15.79	0.0017458
15.795	0.00167773
15.8	0.00160944
15.805	0.00154098
15.81	0.00147236
15.815	0.00140362
15.82	0.00133478
15.825	0.00126586
15.83	0.00119688
15.835	0.00112786
15.84	0.0010588
15.845	0.000989726
15.85	0.000920649
15.855	0.000851582
15.86	0.000782542
15.865	0.000713544
15.87	0.000644605
15.875	0.000575748
15.88	0.000506996
15.885	0.000438376
15.89	0.000369918
15.895	0.000301649
15.9	0.000233598
15.905	0.000165786
15.91	9.82356e-05
15.915	3.09617e-05
15.92	-3.60222e-05
15.925	-0.000102705
15.93	-0.000169078
15.935	-0.000235131
15.94	-0.000300852
15.945	-0.000366228
15.95	-0.000431244
15.955	-0.000495882
15.96	-0.000560124
15.965	-0.000623952
15.97	-0.000687341
15.975	-0.000750269
15.98	-0.000812709
15.985	-0.000874636
15.99	-0.000936028
15.995	-0.000996866
16	-0.00105714
16.005	-0.00111683
16.01	-0.00117594
16.015	-0.00123446
16.02	-0.00129239
16.025	-0.00134972
16.03	-0.00140644
16.035	-0.00146253
16.04	-0.00151799
16.045	-0.0015728
16.05	-0.00162694
16.055	-0.00168039
16.06	-0.00173314
16.065	-0.00178517
16.07	-0.00183645
16.075	-0.00188697
16.08	-0.00193671
16.085	-0.00198566
16.09	-0.00203381
16.095	-0.00208117
16.1	-0.00212772
16.105	-0.00217348
16.11	-0.00221843
16.115	-0.00226258
16.12	-0.00230592
16.125	-0.00234844
16.13	-0.00239013
16.135	-0.00243097
16.14	-0.00247096
16.145	-0.00251007
16.15	-0.0025483
16.155	-0.00258563
16.16	-0.00262205
16.165	-0.00265754
16.17	-0.00269209
16.175	-0.00272571
16.18	-0.0027584
16.185	-0.00279015
16.19	-0.00282098
16.195	-0.00285089
16.2	-0.00287989
16.205	-0.00290797
16.21	-0.00293512
16.215	-0.00296135
16.22	-0.00298664
16.225	-0.00301099
16.23	-0.00303438
16.235	-0.0030568
16.24	-0.00307824
16.245	-0.00309871
16.25	-0.00311819
16.255	-0.00313667
16.26	-0.00315417
16.265	-0.00317069
16.27	-0.00318623
16.275	-0.0032008
16.28	-0.00321442
16.285	-0.0032271
16.29	-0.00323884
16.295	-0.00324964
16.3	-0.0032595
16.305	-0.0032684
16.31	-0.00327636
16.315	-0.00328336
16.32	-0.00328939
16.325	-0.00329446
16.33	-0.00329855
16.335	-0.00330169
16.34	-0.00330385
16.345	-0.00330507
16.35	-0.00330534
16.355	-0.00330467
16.36	-0.00330308
16.365	-0.00330058
16.37	-0.00329718
16.375	-0.00329289
16.38	-0.00328772
16.385	-0.00328168
16.39	-0.00327476
16.395	-0.00326695
16.4	-0.00325827
16.405	-0.0032487
16.41	-0.00323825
16.415	-0.00322693
16.42	-0.00321473
16.425	-0.00320167
16.43	-0.00318776
16.435	-0.00317301
16.44	-0.00315744
16.445	-0.00314106
16.45	-0.00312388
16.455	-0.00310593
16.46	-0.0030872
16.465	-0.00306772
16.47	-0.00304749
16.475	-0.00302652
16.48	-0.00300481
16.485	-0.00298237
16.49	-0.00295919
16.495	-0.00293527
16.5	-0.00291064
16.505	-0.00288528
16.51	-0.00285922
16.515	-0.00283248
16.52	-0.00280506
16.525	-0.00277699
16.53	-0.00274827
16.535	-0.00271894
16.54	-0.00268899
16.545	-0.00265846
16.55	-0.00262735
16.555	-0.00259567
16.56	-0.00256343
16.565	-0.00253065
16.57	-0.00249732
16.575	-0.00246345
16.58	-0.00242904
16.585	-0.00239411
16.59	-0.00235865
16.595	-0.0023227
16.6	-0.00228626
16.605	-0.00224935
16.61	-0.002212
16.615	-0.00217422
16.62	-0.00213603
16.625	-0.00209744
16.63	-0.00205848
16.635	-0.00201914
16.64	-0.00197946
16.645	-0.00193943
16.65	-0.00189906
16.655	-0.00185837
16.66	-0.00181736
16.665	-0.00177604
16.67	-0.00173442
16.675	-0.00169251
16.68	-0.00165032
16.685	-0.00160787
16.69	-0.00156519
16.695	-0.00152228
16.7	-0.00147918
16.705	-0.00143589
16.71	-0.00139244
16.715	-0.00134883
16.72	-0.00130508
16.725	-0.0012612
16.73	-0.0012172
16.735	-0.00117309
16.74	-0.00112889
16.745	-0.00108459
16.75	-0.00104022
16.755	-0.000995786
16.76	-0.000951291
16.765	-0.000906751
16.77	-0.000862181
16.775	-0.000817599
16.78	-0.000773022
16.785	-0.00072847
16.79	-0.000683959
16.795	-0.000639504
16.8	-0.000595116
16.805	-0.000550807
16.81	-0.000506588
16.815	-0.00046247
16.82	-0.000418466
16.825	-0.000374585
16.83	-0.000330837
16.835	-0.00028723
16.84	-0.000243772
16.845	-0.000200473
16.85	-0.000157343
16.855	-0.000114395
16.86	-7.16444e-05
16.865	-2.91056e-05
16.87	1.32053e-05
16.875	5.52724e-05
16.88	9.70809e-05
16.885	0.000138618
16.89	0.000179872
16.895	0.000220835
16.9	0.0002615
16.905	0.000301859
16.91	0.000341905
16.915	0.000381631
16.92	0.000421029
16.925	0.000460092
16.93	0.000498812
16.935	0.000537179
16.94	0.000575185
16.945	0.000612816
16.95	0.000650059
16.955	0.0006869
16.96	0.000723325
16.965	0.000759324
16.97	0.000794885
16.975	0.00083
16.98	0.000864664
16.985	0.000898872
16.99	0.000932621
16.995	0.000965909
17	0.000998731
17.005	0.00103108
17.01	0.00106296
17.015	0.00109434
17.02	0.00112524
17.025	0.00115563
17.03	0.00118551
17.035	0.00121487
17.04	0.0012437
17.045	0.001272
17.05	0.00129974
17.055	0.00132693
17.06	0.00135357
17.065	0.00137964
17.07	0.00140514
17.075	0.00143009
17.08	0.00145447
17.085	0.00147828
17.09	0.00150153
17.095	0.0015242
17.1	0.0015463
17.105	0.00156782
17.11	0.00158875
17.115	0.00160908
17.12	0.00162882
17.125	0.00164795
17.13	0.00166647
17.135	0.00168438
17.14	0.00170167
17.145	0.00171835
17.15	0.0017344
17.155	0.00174983
17.16	0.00176464
17.165	0.00177884
17.17	0.00179243
17.175	0.0018054
17.18	0.00181777
17.185	0.00182952
17.19	0.00184067
17.195	0.00185119
17.2	0.0018611
17.205	0.00187039
17.21	0.00187905
17.215	0.00188708
17.22	0.00189448
17.225	0.00190126
17.23	0.0019074
17.235	0.00191292
17.24	0.00191782
17.245	0.00192209
17.25	0.00192576
17.255	0.00192882
17.26	0.00193128
17.265	0.00193315
17.27	0.00193443
17.275	0.00193512
17.28	0.00193521
17.285	0.00193472
17.29	0.00193363
17.295	0.00193194
17.3	0.00192966
17.305	0.00192678
17.31	0.00192331
17.315	0.00191925
17.32	0.00191461
17.325	0.0019094
17.33	0.00190361
17.335	0.00189728
17.34	0.00189039
17.345	0.00188297
17.35	0.00187501
17.355	0.00186653
17.36	0.00185753
17.365	0.00184801
17.37	0.00183797
17.375	0.0018274
17.38	0.00181631
17.385	0.0018047
17.39	0.00179258
17.395	0.00177994
17.4	0.00176681
17.405	0.00175318
17.41	0.00173907
17.415	0.00172448
17.42	0.00170943
17.425	0.00169394
17.43	0.001678
17.435	0.00166163
17.44	0.00164483
17.445	0.00162762
17.45	0.00161
17.455	0.00159196
17.46	0.00157351
17.465	0.00155466
17.47	0.0015354
17.475	0.00151573
17.48	0.00149567
17.485	0.00147523
17.49	0.00145441
17.495	0.00143323
17.5	0.0014117
17.505	0.00138983
17.51	0.00136763
17.515	0.00134512
17.52	0.00132232
17.525	0.00129921
17.53	0.00127582
17.535	0.00125216
17.54	0.00122821
17.545	0.00120399
17.55	0.0011795
17.555	0.00115474
17.56	0.00112972
17.565	0.00110443
17.57	0.0010789
17.575	0.00105312
17.58	0.00102712
17.585	0.00100092
17.59	0.000974513
17.595	0.000947932
17.6	0.000921184
17.605	0.000894281
17.61	0.000867231
17.615	0.000840042
17.62	0.000812718
17.625	0.000785261
17.63	0.000757676
17.635	0.000729965
17.64	0.000702131
17.645	0.000674178
17.65	0.000646112
17.655	0.000617939
17.66	0.000589671
17.665	0.000561324
17.67	0.000532915
17.675	0.00050446
17.68	0.000475977
17.685	0.000447478
17.69	0.000418973
17.695	0.000390468
17.7	0.000361969
17.705	0.000333478
17.71	0.000305
17.715	0.000276537
17.72	0.000248091
17.725	0.000219667
17.73	0.000191267
17.735	0.000162896
17.74	0.000134564
17.745	0.000106279
17.75	7.80547e-05
17.755	4.99077e-05
17.76	2.18544e-05
17.765	-6.08945e-06
17.77	-3.39104e-05
17.775	-6.15988e-05
17.78	-8.91485e-05
17.785	-0.000116557
17.79	-0.000143821
17.795	-0.000170941
17.8	-0.000197915
17.805	-0.000224741
17.81	-0.000251416
17.815	-0.000277936
17.82	-0.000304297
17.825	-0.000330492
17.83	-0.000356514
17.835	-0.00038235
17.84	-0.000407989
17.845	-0.000433414
17.85	-0.000458612
17.855	-0.000483569
17.86	-0.000508275
17.865	-0.000532724
17.87	-0.000556914
17.875	-0.000580846
17.88	-0.00060452
17.885	-0.000627939
17.89	-0.000651102
17.895	-0.000674009
17.9	-0.000696656
17.905	-0.00071904
17.91	-0.000741156
17.915	-0.000762997
17.92	-0.000784553
17.925	-0.000805815
17.93	-0.000826771
17.935	-0.000847407
17.94	-0.000867712
17.945	-0.000887675
17.95	-0.000907293
17.955	-0.000926562
17.96	-0.000945486
17.965	-0.00096407
17.97	-0.000982317
17.975	-0.00100023
17.98	-0.00101781
17.985	-0.00103506
17.99	-0.00105198
17.995	-0.00106855
18	-0.00108478
18.005	-0.00110066
18.01	-0.00111617
18.015	-0.00113132
18.02	-0.00114608
18.025	-0.00116045
18.03	-0.00117443
18.035	-0.00118801
18.04	-0.00120119
18.045	-0.00121398
18.05	-0.00122637
18.055	-0.00123837
18.06	-0.00125
18.065	-0.00126125
18.07	-0.00127213
18.075	-0.00128263
18.08	-0.00129276
18.085	-0.00130251
18.09	-0.00131186
18.095	-0.00132083
18.1	-0.00132939
18.105	-0.00133755
18.11	-0.0013453
18.115	-0.00135264
18.12	-0.00135956
18.125	-0.00136606
18.13	-0.00137215
18.135	-0.00137782
18.14	-0.0013831
18.145	-0.00138799
18.15	-0.00139249
18.155	-0.00139661
18.16	-0.00140035
18.165	-0.00140372
18.17	-0.0014067
18.175	-0.0014093
18.18	-0.0014115
18.185	-0.00141332
18.19	-0.00141473
18.195	-0.00141575
18.2	-0.00141636
18.205	-0.00141658
18.21	-0.00141639
18.215	-0.00141581
18.22	-0.00141484
18.225	-0.00141348
18.23	-0.00141175
18.235	-0.00140966
18.24	-0.00140721
18.245	-0.00140442
18.25	-0.00140127
18.255	-0.00139778
18.26	-0.00139394
18.265	-0.00138974
18.27	-0.00138518
18.275	-0.00138026
18.28	-0.00137499
18.285	-0.00136935
18.29	-0.00136337
18.295	-0.00135702
18.3	-0.00135034
18.305	-0.0013433
18.31	-0.00133594
18.315	-0.00132825
18.32	-0.00132024
18.325	-0.00131193
18.33	-0.00130333
18.335	-0.00129443
18.34	-0.00128524
18.345	-0.00127577
18.35	-0.001266
18.355	-0.00125594
18.36	-0.00124558
18.365	-0.00123493
18.37	-0.00122399
18.375	-0.00121276
18.38	-0.00120125
18.385	-0.00118946
18.39	-0.00117741
18.395	-0.00116509
18.4	-0.00115252
18.405	-0.0011397
18.41	-0.00112665
18.415	-0.00111338
18.42	-0.00109989
18.425	-0.00108619
18.43	-0.00107228
18.435	-0.00105817
18.44	-0.00104384
18.445	-0.0010293
18.45	-0.00101456
18.455	-0.000999604
18.46	-0.000984448
18.465	-0.000969094
18.47	-0.00095355
18.475	-0.000937824
18.48	-0.000921924
18.485	-0.000905856
18.49	-0.000889631
18.495	-0.000873257
18.5	-0.000856746
18.505	-0.000840108
18.51	-0.00082335
18.515	-0.000806477
18.52	-0.000789489
18.525	-0.000772388
18.53	-0.00075517
18.535	-0.000737836
18.54	-0.000720387
18.545	-0.000702828
18.55	-0.000685164
18.555	-0.000667403
18.56	-0.000649551
18.565	-0.000631618
18.57	-0.000613613
18.575	-0.000595546
18.58	-0.000577425
18.585	-0.000559259
18.59	-0.000541058
18.595	-0.000522829
18.6	-0.000504579
18.605	-0.000486311
18.61	-0.000468026
18.615	-0.000449722
18.62	-0.000431398
18.625	-0.000413053
18.63	-0.000394691
18.635	-0.000376316
18.64	-0.000357935
18.645	-0.000339556
18.65	-0.000321188
18.655	-0.000302841
18.66	-0.000284523
18.665	-0.000266244
18.67	-0.000248012
18.675	-0.000229836
18.68	-0.000211721
18.685	-0.000193672
18.69	-0.000175694
18.695	-0.000157788
18.7	-0.000139955
18.705	-0.000122193
18.71	-0.0001045
18.715	-8.68756e-05
18.72	-6.93221e-05
18.725	-5.18454e-05
18.73	-3.44539e-05
18.735	-1.71572e-05
18.74	3.52781e-08
18.745	1.71147e-05
18.75	3.40728e-05
18.755	5.09019e-05
18.76	6.75951e-05
18.765	8.41464e-05
18.77	0.000100552
18.775	0.000116811
18.78	0.000132922
18.785	0.000148886
18.79	0.000164705
18.795	0.000180378
18.8	0.000195906
18.805	0.000211291
18.81	0.000226528
18.815	0.000241613
18.82	0.000256536
18.825	0.000271288
18.83	0.000285857
18.835	0.000300236
18.84	0.000314418
18.845	0.000328399
18.85	0.000342175
18.855	0.000355747
18.86	0.000369111
18.865	0.00038227
18.87	0.000395225
18.875	0.000407977
18.88	0.000420529
18.885	0.000432881
18.89	0.000445034
18.895	0.000456985
18.9	0.000468731
18.905	0.000480266
18.91	0.000491582
18.915	0.000502669
18.92	0.000513519
18.925	0.000524124
18.93	0.000534482
18.935	0.000544592
18.94	0.000554455
18.945	0.000564074
18.95	0.000573451
18.955	0.000582589
18.96	0.000591488
18.965	0.000600153
18.97	0.000608585
18.975	0.000616785
18.98	0.00062475
18.985	0.000632479
18.99	0.000639967
18.995	0.000647207
19	0.000654194
19.005	0.00066092
19.01	0.000667379
19.015	0.000673568
19.02	0.000679486
19.025	0.000685137
19.03	0.000690526
19.035	0.000695658
19.04	0.000700539
19.045	0.000705172
19.05	0.000709559
19.055	0.000713702
19.06	0.000717601
19.065	0.000721257
19.07	0.000724667
19.075	0.000727827
19.08	0.000730734
19.085	0.000733382
19.09	0.000735766
19.095	0.000737884
19.1	0.000739732
19.105	0.000741312
19.11	0.000742626
19.115	0.000743682
19.12	0.000744488
19.125	0.00074505
19.13	0.000745376
19.135	0.000745468
19.14	0.000745328
19.145	0.000744955
19.15	0.000744349
19.155	0.000743508
19.16	0.000742431
19.165	0.000741114
19.17	0.000739554
19.175	0.000737747
19.18	0.000735692
19.185	0.000733391
19.19	0.000730845
19.195	0.000728059
19.2	0.00072504
19.205	0.000721794
19.21	0.000718331
19.215	0.000714658
19.22	0.000710782
19.225	0.000706707
19.23	0.00070243
19.235	0.000697951
19.24	0.000693267
19.245	0.000688376
19.25	0.000683275
19.255	0.000677966
19.26	0.000672447
19.265	0.000666717
19.27	0.000660778
19.275	0.000654635
19.28	0.000648292
19.285	0.000641758
19.29	0.00063504
19.295	0.000628148
19.3	0.000621088
19.305	0.000613868
19.31	0.000606492
19.315	0.000598962
19.32	0.000591278
19.325	0.000583436
19.33	0.000575433
19.335	0.000567265
19.34	0.000558934
19.345	0.00055044
19.35	0.000541785
19.355	0.000532973
19.36	0.000524009
19.365	0.0005149
19.37	0.000505651
19.375	0.000496274
19.38	0.000486775
19.385	0.000477164
19.39	0.000467447
19.395	0.000457628
19.4	0.000447709
19.405	0.000437693
19.41	0.000427575
19.415	0.000417355
19.42	0.000407026
19.425	0.000396589
19.43	0.000386042
19.435	0.000375391
19.44	0.00036464
19.445	0.000353798
19.45	0.000342872
19.455	0.000331868
19.46	0.000320796
19.465	0.000309663
19.47	0.000298476
19.475	0.000287241
19.48	0.000275965
19.485	0.000264649
19.49	0.000253294
19.495	0.000241899
19.5	0.000230461
19.505	0.000218976
19.51	0.000207444
19.515	0.000195863
19.52	0.000184236
19.525	0.00017257
19.53	0.000160872
19.535	0.00014915
19.54	0.000137415
19.545	0.000125673
19.55	0.00011393
19.555	0.000102194
19.56	9.04697e-05
19.565	7.87613e-05
19.57	6.70717e-05
19.575	5.54019e-05
19.58	4.37514e-05
19.585	3.21183e-05
19.59	2.05002e-05
19.595	8.89499e-06
19.6	-2.69868e-06
19.605	-1.42799e-05
19.61	-2.58448e-05
19.615	-3.73864e-05
19.62	-4.88956e-05
19.625	-6.03626e-05
19.63	-7.17789e-05
19.635	-8.31376e-05
19.64	-9.44339e-05
19.645	-0.000105664
19.65	-0.000116824
19.655	-0.000127911
19.66	-0.000138924
19.665	-0.000149863
19.67	-0.000160729
19.675	-0.000171526
19.68	-0.000182256
19.685	-0.000192923
19.69	-0.000203525
19.695	-0.00021406
19.7	-0.000224524
19.705	-0.000234909
19.71	-0.000245205
19.715	-0.000255404
19.72	-0.000265498
19.725	-0.000275479
19.73	-0.000285344
19.735	-0.000295092
19.74	-0.000304722
19.745	-0.000314232
19.75	-0.000323626
19.755	-0.000332902
19.76	-0.000342066
19.765	-0.00035112
19.77	-0.000360067
19.775	-0.00036891
19.78	-0.000377646
19.785	-0.000386272
19.79	-0.000394782
19.795	-0.000403167
19.8	-0.00041142
19.805	-0.000419531
19.81	-0.000427495
19.815	-0.000435306
19.82	-0.000442963
19.825	-0.000450466
19.83	-0.000457817
19.835	-0.00046502
19.84	-0.000472077
19.845	-0.000478992
19.85	-0.000485767
19.855	-0.000492404
19.86	-0.000498907
19.865	-0.000505275
19.87	-0.000511508
19.875	-0.0005176
19.88	-0.000523546
19.885	-0.000529338
19.89	-0.000534967
19.895	-0.000540427
19.9	-0.000545714
19.905	-0.000550825
19.91	-0.000555761
19.915	-0.000560525
19.92	-0.00056512
19.925	-0.000569552
19.93	-0.000573826
19.935	-0.000577944
19.94	-0.00058191
19.945	-0.000585728
19.95	-0.000589398
19.955	-0.000592919
19.96	-0.00059629
19.965	-0.000599506
19.97	-0.000602562
19.975	-0.00060545
19.98	-0.000608163
19.985	-0.000610696
19.99	-0.000613046
19.995	-0.000615212
