0	0
0.005	0
0.01	0
0.015	0
0.02	0
0.025	0
0.03	0
0.035	0
0.04	0
0.045	0
0.05	0
0.055	0
0.06	0
0.065	0
0.07	0
0.075	0
0.08	0
0.085	0
0.09	0
0.095	0
0.1	0
0.105	0
0.11	0
0.115	0
0.12	0
0.125	0
0.13	0
0.135	0
0.14	0
0.145	0
0.15	0
0.155	0
0.16	0
0.165	0
0.17	0
0.175	0
0.18	0
0.185	0
0.19	0
0.195	0
0.2	0
0.205	0
0.21	0
0.215	0
0.22	0
0.225	0
0.23	0
0.235	0
0.24	0
0.245	0
0.25	0
0.255	0
0.26	0
0.265	0
0.27	0
0.275	0
0.28	0
0.285	0
0.29	0
0.295	0
0.3	0
0.305	0
0.31	0
0.315	0
0.32	0
0.325	0
0.33	0
0.335	0
0.34	0
0.345	0
0.35	0
0.355	0
0.36	0
0.365	0
0.37	0
0.375	0
0.38	0
0.385	0
0.39	0
0.395	0
0.4	0
0.405	0
0.41	0
0.415	0
0.42	0
0.425	0
0.43	0
0.435	0
0.44	0
0.445	0
0.45	0
0.455	0
0.46	0
0.465	0
0.47	0
0.475	0
0.48	0
0.485	0
0.49	0
0.495	0
0.5	0
0.505	0
0.51	0
0.515	0
0.52	0
0.525	0
0.53	0
0.535	0
0.54	0
0.545	0
0.55	0
0.555	0
0.56	0
0.565	0
0.57	0
0.575	0
0.58	0
0.585	0
0.59	0
0.595	0
0.6	0
0.605	0
0.61	0
0.615	0
0.62	0
0.625	0
0.63	0
0.635	0
0.64	0
0.645	0
0.65	0
0.655	0
0.66	0
0.665	0
0.67	0
0.675	0
0.68	0
0.685	0
0.69	0
0.695	0
0.7	0
0.705	0
0.71	0
0.715	0
0.72	0
0.725	0
0.73	0
0.735	0
0.74	0
0.745	0
0.75	-9.1351e-110
0.755	-1.81378e-107
0.76	-1.83494e-105
0.765	-1.26068e-103
0.77	-6.61115e-102
0.775	-2.81868e-100
0.78	-1.01602e-98
0.785	-3.17897e-97
0.79	-8.79798e-96
0.795	-2.1843e-94
0.8	-4.91855e-93
0.805	-1.01339e-91
0.81	-1.92436e-90
0.815	-3.38859e-89
0.82	-5.56231e-88
0.825	-8.55016e-87
0.83	-1.23572e-85
0.835	-1.68515e-84
0.84	-2.17527e-83
0.845	-2.66553e-82
0.85	-3.10866e-81
0.855	-3.45862e-80
0.86	-3.67874e-79
0.865	-3.74808e-78
0.87	-3.66447e-77
0.875	-3.44366e-76
0.88	-3.11526e-75
0.885	-2.71669e-74
0.89	-2.28678e-73
0.895	-1.86022e-72
0.9	-1.46403e-71
0.905	-1.11591e-70
0.91	-8.24562e-70
0.915	-5.91187e-69
0.92	-4.11622e-68
0.925	-2.7854e-67
0.93	-1.8332e-66
0.935	-1.17426e-65
0.94	-7.32531e-65
0.945	-4.45305e-64
0.95	-2.63935e-63
0.955	-1.52606e-62
0.96	-8.61156e-62
0.965	-4.74484e-61
0.97	-2.55365e-60
0.975	-1.34294e-59
0.98	-6.90316e-59
0.985	-3.46938e-58
0.99	-1.70517e-57
0.995	-8.19738e-57
1	-3.85502e-56
1.005	-1.77357e-55
1.01	-7.98248e-55
1.015	-3.51437e-54
1.02	-1.51317e-53
1.025	-6.3696e-53
1.03	-2.61994e-52
1.035	-1.05222e-51
1.04	-4.12183e-51
1.045	-1.57252e-50
1.05	-5.83029e-50
1.055	-2.09417e-49
1.06	-7.25272e-49
1.065	-2.40377e-48
1.07	-7.52676e-48
1.075	-2.17273e-47
1.08	-5.46677e-47
1.085	-9.96017e-47
1.09	2.31317e-47
1.095	1.51766e-45
1.1	1.06356e-44
1.105	5.6186e-44
1.11	2.61584e-43
1.115	1.12895e-42
1.12	4.6215e-42
1.125	1.81686e-41
1.13	6.91118e-41
1.135	2.55628e-40
1.14	9.22513e-40
1.145	3.25627e-39
1.15	1.12632e-38
1.155	3.82325e-38
1.16	1.27506e-37
1.165	4.18184e-37
1.17	1.34984e-36
1.175	4.29107e-36
1.18	1.34419e-35
1.185	4.15132e-35
1.19	1.26452e-34
1.195	3.80055e-34
1.2	1.12746e-33
1.205	3.30233e-33
1.21	9.5528e-33
1.215	2.72987e-32
1.22	7.70828e-32
1.225	2.15117e-31
1.23	5.93444e-31
1.235	1.61867e-30
1.24	4.36603e-30
1.245	1.16477e-29
1.25	3.07387e-29
1.255	8.02585e-29
1.26	2.07356e-28
1.265	5.3018e-28
1.27	1.34174e-27
1.275	3.36126e-27
1.28	8.33643e-27
1.285	2.04716e-26
1.29	4.97809e-26
1.295	1.19884e-25
1.3	2.8595e-25
1.305	6.75605e-25
1.31	1.58129e-24
1.315	3.66678e-24
1.32	8.42464e-24
1.325	1.91801e-23
1.33	4.32729e-23
1.335	9.67577e-23
1.34	2.14433e-22
1.345	4.71052e-22
1.35	1.02577e-21
1.355	2.21444e-21
1.36	4.73964e-21
1.365	1.00582e-20
1.37	2.11652e-20
1.375	4.41647e-20
1.38	9.13924e-20
1.385	1.87566e-19
1.39	3.81796e-19
1.395	7.70849e-19
1.4	1.54381e-18
1.405	3.06711e-18
1.41	6.04505e-18
1.415	1.18203e-17
1.42	2.2932e-17
1.425	4.41426e-17
1.43	8.43145e-17
1.435	1.59807e-16
1.44	3.0058e-16
1.445	5.6107e-16
1.45	1.03941e-15
1.455	1.91112e-15
1.46	3.48773e-15
1.465	6.31785e-15
1.47	1.13603e-14
1.475	2.02776e-14
1.48	3.59315e-14
1.485	6.32093e-14
1.49	1.10396e-13
1.495	1.91428e-13
1.5	3.29579e-13
1.505	5.63419e-13
1.51	9.56394e-13
1.515	1.61211e-12
1.52	2.69847e-12
1.525	4.48564e-12
1.53	7.40508e-12
1.535	1.21409e-11
1.54	1.97698e-11
1.545	3.1974e-11
1.55	5.13634e-11
1.555	8.19569e-11
1.56	1.29899e-10
1.565	2.04518e-10
1.57	3.19872e-10
1.575	4.96997e-10
1.58	7.67143e-10
1.585	1.17641e-09
1.59	1.79233e-09
1.595	2.71308e-09
1.6	4.08046e-09
1.605	6.09775e-09
1.61	9.05436e-09
1.615	1.33594e-08
1.62	1.9587e-08
1.625	2.85376e-08
1.63	4.13185e-08
1.635	5.94518e-08
1.64	8.50139e-08
1.645	1.20818e-07
1.65	1.7065e-07
1.655	2.39564e-07
1.66	3.34268e-07
1.665	4.63591e-07
1.67	6.39082e-07
1.675	8.75736e-07
1.68	1.19288e-06
1.685	1.61525e-06
1.69	2.17429e-06
1.695	2.90965e-06
1.7	3.87102e-06
1.705	5.12016e-06
1.71	6.73333e-06
1.715	8.80397e-06
1.72	1.14457e-05
1.725	1.47959e-05
1.73	1.90189e-05
1.735	2.43104e-05
1.74	3.09015e-05
1.745	3.90626e-05
1.75	4.91086e-05
1.755	6.14023e-05
1.76	7.63592e-05
1.765	9.44514e-05
1.77	0.00011621
1.775	0.000142231
1.78	0.000173171
1.785	0.000209756
1.79	0.000252775
1.795	0.000303084
1.8	0.000361597
1.805	0.00042929
1.81	0.000507189
1.815	0.000596367
1.82	0.000697937
1.825	0.00081304
1.83	0.000942839
1.835	0.00108851
1.84	0.00125123
1.845	0.00143217
1.85	0.00163249
1.855	0.00185332
1.86	0.00209576
1.865	0.00236089
1.87	0.00264975
1.875	0.00296334
1.88	0.00330266
1.885	0.00366864
1.89	0.00406222
1.895	0.00448433
1.9	0.00493589
1.905	0.00541783
1.91	0.00593109
1.915	0.00647664
1.92	0.0070555
1.925	0.0076687
1.93	0.00831734
1.935	0.00900253
1.94	0.00972546
1.945	0.0104873
1.95	0.0112893
1.955	0.0121328
1.96	0.0130189
1.965	0.013949
1.97	0.0149242
1.975	0.0159458
1.98	0.017015
1.985	0.0181329
1.99	0.0193005
1.995	0.020519
2	0.0217892
2.005	0.023112
2.01	0.0244885
2.015	0.0259194
2.02	0.0274056
2.025	0.0289478
2.03	0.030547
2.035	0.032204
2.04	0.0339196
2.045	0.0356947
2.05	0.0375303
2.055	0.0394273
2.06	0.0413867
2.065	0.0434095
2.07	0.0454967
2.075	0.0476493
2.08	0.0498682
2.085	0.0521544
2.09	0.0545088
2.095	0.0569322
2.1	0.0594254
2.105	0.0619892
2.11	0.064624
2.115	0.0673305
2.12	0.0701091
2.125	0.0729604
2.13	0.0758846
2.135	0.0788822
2.14	0.0819535
2.145	0.0850989
2.15	0.0883186
2.155	0.0916131
2.16	0.0949828
2.165	0.098428
2.17	0.101949
2.175	0.105546
2.18	0.109221
2.185	0.112972
2.19	0.1168
2.195	0.120706
2.2	0.12469
2.205	0.128752
2.21	0.132892
2.215	0.13711
2.22	0.141406
2.225	0.145779
2.23	0.150229
2.235	0.154756
2.24	0.159359
2.245	0.164039
2.25	0.168794
2.255	0.173624
2.26	0.178528
2.265	0.183506
2.27	0.188558
2.275	0.193682
2.28	0.198879
2.285	0.204148
2.29	0.209487
2.295	0.214897
2.3	0.220376
2.305	0.225923
2.31	0.231539
2.315	0.237221
2.32	0.242968
2.325	0.24878
2.33	0.254655
2.335	0.260591
2.34	0.266587
2.345	0.272642
2.35	0.278753
2.355	0.284919
2.36	0.291139
2.365	0.297411
2.37	0.303733
2.375	0.310103
2.38	0.316519
2.385	0.322981
2.39	0.329484
2.395	0.336029
2.4	0.342612
2.405	0.349232
2.41	0.355887
2.415	0.362573
2.42	0.369289
2.425	0.376033
2.43	0.382801
2.435	0.389592
2.44	0.396403
2.445	0.403231
2.45	0.410074
2.455	0.416928
2.46	0.423792
2.465	0.430662
2.47	0.437536
2.475	0.444411
2.48	0.451285
2.485	0.458154
2.49	0.465015
2.495	0.471866
2.5	0.478705
2.505	0.485526
2.51	0.492329
2.515	0.499109
2.52	0.505863
2.525	0.512589
2.53	0.519282
2.535	0.525939
2.54	0.532558
2.545	0.539134
2.55	0.545665
2.555	0.552147
2.56	0.558576
2.565	0.56495
2.57	0.571264
2.575	0.577516
2.58	0.583701
2.585	0.589818
2.59	0.595861
2.595	0.601827
2.6	0.607714
2.605	0.613517
2.61	0.619233
2.615	0.624858
2.62	0.630389
2.625	0.635821
2.63	0.641152
2.635	0.646378
2.64	0.651494
2.645	0.656499
2.65	0.661387
2.655	0.666155
2.66	0.6708
2.665	0.675319
2.67	0.679707
2.675	0.683962
2.68	0.688081
2.685	0.692058
2.69	0.695892
2.695	0.699578
2.7	0.703114
2.705	0.706496
2.71	0.70972
2.715	0.712783
2.72	0.715682
2.725	0.718413
2.73	0.720973
2.735	0.72336
2.74	0.725569
2.745	0.727598
2.75	0.729443
2.755	0.731102
2.76	0.732572
2.765	0.73385
2.77	0.734932
2.775	0.735817
2.78	0.736502
2.785	0.736982
2.79	0.737257
2.795	0.737324
2.8	0.737179
2.805	0.736821
2.81	0.736247
2.815	0.735455
2.82	0.734442
2.825	0.733206
2.83	0.731746
2.835	0.730058
2.84	0.728142
2.845	0.725995
2.85	0.723616
2.855	0.721002
2.86	0.718153
2.865	0.715066
2.87	0.711741
2.875	0.708176
2.88	0.70437
2.885	0.700321
2.89	0.696029
2.895	0.691493
2.9	0.686711
2.905	0.681684
2.91	0.67641
2.915	0.670888
2.92	0.66512
2.925	0.659103
2.93	0.652839
2.935	0.646326
2.94	0.639565
2.945	0.632556
2.95	0.6253
2.955	0.617796
2.96	0.610044
2.965	0.602046
2.97	0.593803
2.975	0.585313
2.98	0.57658
2.985	0.567603
2.99	0.558384
2.995	0.548923
3	0.539223
3.005	0.529285
3.01	0.519109
3.015	0.508699
3.02	0.498056
3.025	0.487181
3.03	0.476078
3.035	0.464747
3.04	0.45319
3.045	0.441412
3.05	0.429413
3.055	0.417196
3.06	0.404763
3.065	0.392118
3.07	0.379263
3.075	0.366202
3.08	0.352936
3.085	0.339469
3.09	0.325805
3.095	0.311946
3.1	0.297897
3.105	0.28366
3.11	0.26924
3.115	0.254641
3.12	0.239866
3.125	0.224919
3.13	0.209805
3.135	0.194527
3.14	0.17909
3.145	0.163498
3.15	0.147756
3.155	0.131868
3.16	0.115838
3.165	0.099671
3.17	0.0833722
3.175	0.0669459
3.18	0.050397
3.185	0.0337306
3.19	0.0169517
3.195	6.52834e-05
3.2	-0.0169233
3.205	-0.0340088
3.21	-0.0511859
3.215	-0.068449
3.22	-0.0857928
3.225	-0.103212
3.23	-0.1207
3.235	-0.138252
3.24	-0.155863
3.245	-0.173525
3.25	-0.191235
3.255	-0.208985
3.26	-0.22677
3.265	-0.244585
3.27	-0.262422
3.275	-0.280277
3.28	-0.298142
3.285	-0.316013
3.29	-0.333883
3.295	-0.351746
3.3	-0.369596
3.305	-0.387427
3.31	-0.405232
3.315	-0.423005
3.32	-0.440741
3.325	-0.458433
3.33	-0.476074
3.335	-0.493659
3.34	-0.511181
3.345	-0.528634
3.35	-0.546012
3.355	-0.563309
3.36	-0.580518
3.365	-0.597634
3.37	-0.61465
3.375	-0.63156
3.38	-0.648358
3.385	-0.665037
3.39	-0.681593
3.395	-0.698018
3.4	-0.714307
3.405	-0.730454
3.41	-0.746453
3.415	-0.762299
3.42	-0.777985
3.425	-0.793505
3.43	-0.808854
3.435	-0.824027
3.44	-0.839018
3.445	-0.853821
3.45	-0.86843
3.455	-0.882841
3.46	-0.897048
3.465	-0.911046
3.47	-0.924829
3.475	-0.938392
3.48	-0.951731
3.485	-0.96484
3.49	-0.977714
3.495	-0.990349
3.5	-1.00274
3.505	-1.01488
3.51	-1.02677
3.515	-1.0384
3.52	-1.04977
3.525	-1.06088
3.53	-1.07171
3.535	-1.08227
3.54	-1.09255
3.545	-1.10255
3.55	-1.11227
3.555	-1.12169
3.56	-1.13082
3.565	-1.13966
3.57	-1.1482
3.575	-1.15643
3.58	-1.16436
3.585	-1.17198
3.59	-1.17928
3.595	-1.18628
3.6	-1.19295
3.605	-1.19931
3.61	-1.20534
3.615	-1.21105
3.62	-1.21644
3.625	-1.22149
3.63	-1.22622
3.635	-1.23062
3.64	-1.23468
3.645	-1.23841
3.65	-1.2418
3.655	-1.24485
3.66	-1.24757
3.665	-1.24994
3.67	-1.25198
3.675	-1.25367
3.68	-1.25503
3.685	-1.25604
3.69	-1.25671
3.695	-1.25703
3.7	-1.25702
3.705	-1.25666
3.71	-1.25596
3.715	-1.25492
3.72	-1.25353
3.725	-1.25181
3.73	-1.24974
3.735	-1.24734
3.74	-1.24459
3.745	-1.24151
3.75	-1.2381
3.755	-1.23434
3.76	-1.23026
3.765	-1.22584
3.77	-1.22109
3.775	-1.21602
3.78	-1.21061
3.785	-1.20488
3.79	-1.19883
3.795	-1.19246
3.8	-1.18578
3.805	-1.17877
3.81	-1.17146
3.815	-1.16383
3.82	-1.1559
3.825	-1.14767
3.83	-1.13913
3.835	-1.13029
3.84	-1.12116
3.845	-1.11174
3.85	-1.10203
3.855	-1.09204
3.86	-1.08176
3.865	-1.07121
3.87	-1.06039
3.875	-1.04929
3.88	-1.03793
3.885	-1.02631
3.89	-1.01444
3.895	-1.00231
3.9	-0.989928
3.905	-0.977306
3.91	-0.964444
3.915	-0.951348
3.92	-0.938021
3.925	-0.924469
3.93	-0.910695
3.935	-0.896706
3.94	-0.882505
3.945	-0.868099
3.95	-0.853491
3.955	-0.838687
3.96	-0.823692
3.965	-0.808512
3.97	-0.793151
3.975	-0.777615
3.98	-0.761909
3.985	-0.746039
3.99	-0.73001
3.995	-0.713826
4	-0.697495
4.005	-0.68102
4.01	-0.664409
4.015	-0.647665
4.02	-0.630795
4.025	-0.613805
4.03	-0.596699
4.035	-0.579484
4.04	-0.562166
4.045	-0.544749
4.05	-0.52724
4.055	-0.509645
4.06	-0.491968
4.065	-0.474217
4.07	-0.456396
4.075	-0.438511
4.08	-0.420568
4.085	-0.402573
4.09	-0.384531
4.095	-0.366448
4.1	-0.348329
4.105	-0.330181
4.11	-0.312008
4.115	-0.293817
4.12	-0.275612
4.125	-0.257401
4.13	-0.239187
4.135	-0.220978
4.14	-0.202777
4.145	-0.184592
4.15	-0.166426
4.155	-0.148287
4.16	-0.130178
4.165	-0.112106
4.17	-0.094076
4.175	-0.0760928
4.18	-0.058162
4.185	-0.0402886
4.19	-0.0224778
4.195	-0.00473481
4.2	0.0129355
4.205	0.030528
4.21	0.0480377
4.215	0.0654599
4.22	0.0827895
4.225	0.100022
4.23	0.117152
4.235	0.134176
4.24	0.151087
4.245	0.167883
4.25	0.184559
4.255	0.201109
4.26	0.217529
4.265	0.233816
4.27	0.249965
4.275	0.265971
4.28	0.281831
4.285	0.29754
4.29	0.313095
4.295	0.328491
4.3	0.343725
4.305	0.358793
4.31	0.37369
4.315	0.388415
4.32	0.402962
4.325	0.417329
4.33	0.431511
4.335	0.445506
4.34	0.45931
4.345	0.472921
4.35	0.486334
4.355	0.499546
4.36	0.512556
4.365	0.525359
4.37	0.537954
4.375	0.550337
4.38	0.562505
4.385	0.574457
4.39	0.586189
4.395	0.597699
4.4	0.608985
4.405	0.620045
4.41	0.630875
4.415	0.641476
4.42	0.651843
4.425	0.661976
4.43	0.671872
4.435	0.68153
4.44	0.690948
4.445	0.700123
4.45	0.709056
4.455	0.717744
4.46	0.726185
4.465	0.73438
4.47	0.742325
4.475	0.750021
4.48	0.757465
4.485	0.764658
4.49	0.771599
4.495	0.778285
4.5	0.784718
4.505	0.790896
4.51	0.796818
4.515	0.802484
4.52	0.807894
4.525	0.813047
4.53	0.817943
4.535	0.822581
4.54	0.826963
4.545	0.831087
4.55	0.834953
4.555	0.838563
4.56	0.841915
4.565	0.84501
4.57	0.847849
4.575	0.850432
4.58	0.852759
4.585	0.854832
4.59	0.856649
4.595	0.858214
4.6	0.859525
4.605	0.860584
4.61	0.861392
4.615	0.86195
4.62	0.862259
4.625	0.862319
4.63	0.862133
4.635	0.861702
4.64	0.861026
4.645	0.860107
4.65	0.858947
4.655	0.857548
4.66	0.85591
4.665	0.854035
4.67	0.851925
4.675	0.849583
4.68	0.847009
4.685	0.844205
4.69	0.841175
4.695	0.837919
4.7	0.834439
4.705	0.830739
4.71	0.82682
4.715	0.822684
4.72	0.818334
4.725	0.813772
4.73	0.809
4.735	0.804022
4.74	0.798839
4.745	0.793454
4.75	0.78787
4.755	0.78209
4.76	0.776116
4.765	0.769951
4.77	0.763598
4.775	0.75706
4.78	0.75034
4.785	0.74344
4.79	0.736365
4.795	0.729117
4.8	0.721698
4.805	0.714113
4.81	0.706365
4.815	0.698456
4.82	0.69039
4.825	0.68217
4.83	0.6738
4.835	0.665282
4.84	0.65662
4.845	0.647817
4.85	0.638877
4.855	0.629803
4.86	0.620598
4.865	0.611265
4.87	0.601807
4.875	0.592228
4.88	0.582532
4.885	0.57272
4.89	0.562796
4.895	0.552763
4.9	0.542624
4.905	0.532383
4.91	0.522042
4.915	0.511603
4.92	0.501071
4.925	0.490447
4.93	0.479736
4.935	0.468938
4.94	0.458059
4.945	0.4471
4.95	0.436065
4.955	0.424956
4.96	0.413778
4.965	0.402532
4.97	0.391223
4.975	0.379853
4.98	0.368426
4.985	0.356945
4.99	0.345413
4.995	0.333834
5	0.322211
5.005	0.310548
5.01	0.298848
5.015	0.287114
5.02	0.275349
5.025	0.263557
5.03	0.251741
5.035	0.239905
5.04	0.22805
5.045	0.216181
5.05	0.204301
5.055	0.192412
5.06	0.180518
5.065	0.168621
5.07	0.156725
5.075	0.144833
5.08	0.132947
5.085	0.121071
5.09	0.109208
5.095	0.0973617
5.1	0.0855342
5.105	0.0737293
5.11	0.06195
5.115	0.0501996
5.12	0.0384814
5.125	0.0267985
5.13	0.0151541
5.135	0.0035513
5.14	-0.00800674
5.145	-0.019517
5.15	-0.0309766
5.155	-0.0423826
5.16	-0.0537321
5.165	-0.0650225
5.17	-0.0762509
5.175	-0.0874148
5.18	-0.0985114
5.185	-0.109538
5.19	-0.120493
5.195	-0.131372
5.2	-0.142173
5.205	-0.152894
5.21	-0.163532
5.215	-0.174085
5.22	-0.184548
5.225	-0.194921
5.23	-0.205199
5.235	-0.215381
5.24	-0.225464
5.245	-0.235445
5.25	-0.245321
5.255	-0.255091
5.26	-0.264752
5.265	-0.274302
5.27	-0.283738
5.275	-0.293059
5.28	-0.302263
5.285	-0.311347
5.29	-0.32031
5.295	-0.32915
5.3	-0.337864
5.305	-0.346452
5.31	-0.354911
5.315	-0.36324
5.32	-0.371436
5.325	-0.379497
5.33	-0.387422
5.335	-0.395209
5.34	-0.402855
5.345	-0.41036
5.35	-0.417721
5.355	-0.424938
5.36	-0.432007
5.365	-0.438929
5.37	-0.4457
5.375	-0.452322
5.38	-0.458791
5.385	-0.465108
5.39	-0.47127
5.395	-0.477277
5.4	-0.483128
5.405	-0.488823
5.41	-0.494359
5.415	-0.499736
5.42	-0.504953
5.425	-0.510009
5.43	-0.514903
5.435	-0.519634
5.44	-0.524202
5.445	-0.528605
5.45	-0.532842
5.455	-0.536913
5.46	-0.540818
5.465	-0.544555
5.47	-0.548124
5.475	-0.551526
5.48	-0.554758
5.485	-0.557822
5.49	-0.560716
5.495	-0.563442
5.5	-0.565997
5.505	-0.568384
5.51	-0.5706
5.515	-0.572647
5.52	-0.574523
5.525	-0.57623
5.53	-0.577767
5.535	-0.579134
5.54	-0.580331
5.545	-0.581358
5.55	-0.582217
5.555	-0.582906
5.56	-0.583427
5.565	-0.58378
5.57	-0.583965
5.575	-0.583984
5.58	-0.583836
5.585	-0.583523
5.59	-0.583045
5.595	-0.582404
5.6	-0.581599
5.605	-0.580632
5.61	-0.579504
5.615	-0.578216
5.62	-0.576769
5.625	-0.575163
5.63	-0.573399
5.635	-0.57148
5.64	-0.569405
5.645	-0.567177
5.65	-0.564795
5.655	-0.562263
5.66	-0.55958
5.665	-0.556749
5.67	-0.55377
5.675	-0.550646
5.68	-0.547378
5.685	-0.543967
5.69	-0.540415
5.695	-0.536724
5.7	-0.532896
5.705	-0.528931
5.71	-0.524832
5.715	-0.520601
5.72	-0.516239
5.725	-0.511748
5.73	-0.50713
5.735	-0.502386
5.74	-0.497519
5.745	-0.492531
5.75	-0.487424
5.755	-0.482199
5.76	-0.476858
5.765	-0.471405
5.77	-0.46584
5.775	-0.460167
5.78	-0.454387
5.785	-0.448503
5.79	-0.442516
5.795	-0.436429
5.8	-0.430245
5.805	-0.423965
5.81	-0.417592
5.815	-0.411128
5.82	-0.404575
5.825	-0.397936
5.83	-0.391213
5.835	-0.384408
5.84	-0.377524
5.845	-0.370562
5.85	-0.363526
5.855	-0.356418
5.86	-0.34924
5.865	-0.341995
5.87	-0.334685
5.875	-0.327312
5.88	-0.31988
5.885	-0.31239
5.89	-0.304845
5.895	-0.297248
5.9	-0.289601
5.905	-0.281906
5.91	-0.274167
5.915	-0.266384
5.92	-0.258561
5.925	-0.250701
5.93	-0.242805
5.935	-0.234876
5.94	-0.226917
5.945	-0.21893
5.95	-0.210918
5.955	-0.202883
5.96	-0.194827
5.965	-0.186753
5.97	-0.178663
5.975	-0.170561
5.98	-0.162447
5.985	-0.154326
5.99	-0.146199
5.995	-0.138068
6	-0.129936
6.005	-0.121806
6.01	-0.11368
6.015	-0.10556
6.02	-0.0974486
6.025	-0.0893483
6.03	-0.0812613
6.035	-0.0731901
6.04	-0.0651368
6.045	-0.0571039
6.05	-0.0490935
6.055	-0.041108
6.06	-0.0331496
6.065	-0.0252205
6.07	-0.0173228
6.075	-0.00945894
6.08	-0.00163092
6.085	0.00615906
6.09	0.0139088
6.095	0.0216163
6.1	0.0292793
6.105	0.0368957
6.11	0.0444636
6.115	0.0519807
6.12	0.0594452
6.125	0.066855
6.13	0.0742082
6.135	0.081503
6.14	0.0887373
6.145	0.0959095
6.15	0.103018
6.155	0.11006
6.16	0.117036
6.165	0.123942
6.17	0.130777
6.175	0.137541
6.18	0.14423
6.185	0.150844
6.19	0.157381
6.195	0.16384
6.2	0.170218
6.205	0.176515
6.21	0.182729
6.215	0.188859
6.22	0.194903
6.225	0.200859
6.23	0.206727
6.235	0.212505
6.24	0.218193
6.245	0.223788
6.25	0.229289
6.255	0.234697
6.26	0.240008
6.265	0.245224
6.27	0.250342
6.275	0.255361
6.28	0.260281
6.285	0.265101
6.29	0.26982
6.295	0.274438
6.3	0.278952
6.305	0.283363
6.31	0.28767
6.315	0.291872
6.32	0.295969
6.325	0.299959
6.33	0.303842
6.335	0.307618
6.34	0.311286
6.345	0.314845
6.35	0.318295
6.355	0.321636
6.36	0.324868
6.365	0.327989
6.37	0.331
6.375	0.3339
6.38	0.336689
6.385	0.339367
6.39	0.341934
6.395	0.344389
6.4	0.346733
6.405	0.348965
6.41	0.351085
6.415	0.353093
6.42	0.35499
6.425	0.356774
6.43	0.358447
6.435	0.360009
6.44	0.361458
6.445	0.362797
6.45	0.364024
6.455	0.365139
6.46	0.366144
6.465	0.367038
6.47	0.367822
6.475	0.368495
6.48	0.369059
6.485	0.369513
6.49	0.369859
6.495	0.370096
6.5	0.370225
6.505	0.370246
6.51	0.37016
6.515	0.369968
6.52	0.36967
6.525	0.369267
6.53	0.368759
6.535	0.368148
6.54	0.367433
6.545	0.366615
6.55	0.365696
6.555	0.364675
6.56	0.363555
6.565	0.362334
6.57	0.361015
6.575	0.359598
6.58	0.358083
6.585	0.356473
6.59	0.354767
6.595	0.352967
6.6	0.351074
6.605	0.349089
6.61	0.347012
6.615	0.344846
6.62	0.34259
6.625	0.340246
6.63	0.337816
6.635	0.3353
6.64	0.332699
6.645	0.330015
6.65	0.327248
6.655	0.3244
6.66	0.321472
6.665	0.318466
6.67	0.315382
6.675	0.312222
6.68	0.308986
6.685	0.305677
6.69	0.302296
6.695	0.298843
6.7	0.295321
6.705	0.29173
6.71	0.288072
6.715	0.284348
6.72	0.280561
6.725	0.27671
6.73	0.272797
6.735	0.268824
6.74	0.264793
6.745	0.260704
6.75	0.25656
6.755	0.25236
6.76	0.248108
6.765	0.243804
6.77	0.239451
6.775	0.235048
6.78	0.230598
6.785	0.226103
6.79	0.221564
6.795	0.216981
6.8	0.212358
6.805	0.207695
6.81	0.202994
6.815	0.198256
6.82	0.193483
6.825	0.188677
6.83	0.183838
6.835	0.178968
6.84	0.17407
6.845	0.169144
6.85	0.164191
6.855	0.159214
6.86	0.154214
6.865	0.149193
6.87	0.144151
6.875	0.139091
6.88	0.134014
6.885	0.128921
6.89	0.123815
6.895	0.118696
6.9	0.113567
6.905	0.108428
6.91	0.103281
6.915	0.0981281
6.92	0.09297
6.925	0.0878086
6.93	0.0826451
6.935	0.0774812
6.94	0.0723182
6.945	0.0671577
6.95	0.062001
6.955	0.0568497
6.96	0.0517053
6.965	0.0465691
6.97	0.0414427
6.975	0.0363274
6.98	0.0312248
6.985	0.0261362
6.99	0.0210631
6.995	0.0160067
7	0.0109685
7.005	0.0059499
7.01	0.000952106
7.015	-0.00402352
7.02	-0.00897565
7.025	-0.013903
7.03	-0.0188043
7.035	-0.0236781
7.04	-0.0285233
7.045	-0.0333386
7.05	-0.0381226
7.055	-0.0428742
7.06	-0.047592
7.065	-0.0522748
7.07	-0.0569215
7.075	-0.0615307
7.08	-0.0661014
7.085	-0.0706324
7.09	-0.0751225
7.095	-0.0795707
7.1	-0.0839759
7.105	-0.0883369
7.11	-0.0926529
7.115	-0.0969228
7.12	-0.101145
7.125	-0.10532
7.13	-0.109445
7.135	-0.113521
7.14	-0.117545
7.145	-0.121517
7.15	-0.125436
7.155	-0.129301
7.16	-0.133112
7.165	-0.136867
7.17	-0.140565
7.175	-0.144206
7.18	-0.147788
7.185	-0.151312
7.19	-0.154776
7.195	-0.15818
7.2	-0.161522
7.205	-0.164803
7.21	-0.168022
7.215	-0.171177
7.22	-0.174269
7.225	-0.177297
7.23	-0.18026
7.235	-0.183157
7.24	-0.185989
7.245	-0.188754
7.25	-0.191452
7.255	-0.194082
7.26	-0.196644
7.265	-0.199138
7.27	-0.201563
7.275	-0.203919
7.28	-0.206205
7.285	-0.208421
7.29	-0.210567
7.295	-0.212642
7.3	-0.214647
7.305	-0.21658
7.31	-0.218442
7.315	-0.220233
7.32	-0.221952
7.325	-0.223599
7.33	-0.225174
7.335	-0.226677
7.34	-0.228107
7.345	-0.229465
7.35	-0.230751
7.355	-0.231964
7.36	-0.233105
7.365	-0.234173
7.37	-0.235168
7.375	-0.236091
7.38	-0.236941
7.385	-0.237719
7.39	-0.238425
7.395	-0.239059
7.4	-0.23962
7.405	-0.24011
7.41	-0.240528
7.415	-0.240875
7.42	-0.241151
7.425	-0.241356
7.43	-0.24149
7.435	-0.241554
7.44	-0.241548
7.445	-0.241471
7.45	-0.241326
7.455	-0.241111
7.46	-0.240827
7.465	-0.240475
7.47	-0.240056
7.475	-0.239568
7.48	-0.239014
7.485	-0.238392
7.49	-0.237705
7.495	-0.236953
7.5	-0.236135
7.505	-0.235253
7.51	-0.234307
7.515	-0.233298
7.52	-0.232226
7.525	-0.231093
7.53	-0.229897
7.535	-0.228641
7.54	-0.227325
7.545	-0.225949
7.55	-0.224514
7.555	-0.223021
7.56	-0.22147
7.565	-0.219863
7.57	-0.218199
7.575	-0.216481
7.58	-0.214707
7.585	-0.212881
7.59	-0.211001
7.595	-0.209069
7.6	-0.207087
7.605	-0.205053
7.61	-0.202971
7.615	-0.200839
7.62	-0.19866
7.625	-0.196434
7.63	-0.194162
7.635	-0.191844
7.64	-0.189483
7.645	-0.187078
7.65	-0.18463
7.655	-0.182141
7.66	-0.179611
7.665	-0.177041
7.67	-0.174433
7.675	-0.171787
7.68	-0.169104
7.685	-0.166385
7.69	-0.163631
7.695	-0.160844
7.7	-0.158023
7.705	-0.155171
7.71	-0.152288
7.715	-0.149374
7.72	-0.146432
7.725	-0.143462
7.73	-0.140465
7.735	-0.137442
7.74	-0.134394
7.745	-0.131323
7.75	-0.128228
7.755	-0.125111
7.76	-0.121974
7.765	-0.118816
7.77	-0.11564
7.775	-0.112446
7.78	-0.109235
7.785	-0.106009
7.79	-0.102768
7.795	-0.0995125
7.8	-0.0962447
7.805	-0.0929653
7.81	-0.0896752
7.815	-0.0863754
7.82	-0.0830669
7.825	-0.0797507
7.83	-0.0764279
7.835	-0.0730993
7.84	-0.0697661
7.845	-0.0664291
7.85	-0.0630895
7.855	-0.0597481
7.86	-0.0564059
7.865	-0.053064
7.87	-0.0497233
7.875	-0.0463847
7.88	-0.0430493
7.885	-0.0397181
7.89	-0.0363919
7.895	-0.0330717
7.9	-0.0297585
7.905	-0.0264532
7.91	-0.0231566
7.915	-0.0198698
7.92	-0.0165935
7.925	-0.0133288
7.93	-0.0100764
7.935	-0.00683733
7.94	-0.00361235
7.945	-0.000402367
7.95	0.00279176
7.955	0.00596916
7.96	0.009129
7.965	0.0122704
7.97	0.0153926
7.975	0.0184946
7.98	0.0215758
7.985	0.0246353
7.99	0.0276723
7.995	0.030686
8	0.0336758
8.005	0.0366407
8.01	0.0395802
8.015	0.0424936
8.02	0.04538
8.025	0.0482388
8.03	0.0510693
8.035	0.0538709
8.04	0.0566428
8.045	0.0593844
8.05	0.0620951
8.055	0.0647742
8.06	0.067421
8.065	0.0700349
8.07	0.0726153
8.075	0.0751617
8.08	0.0776735
8.085	0.08015
8.09	0.0825909
8.095	0.0849954
8.1	0.0873633
8.105	0.0896938
8.11	0.0919866
8.115	0.0942412
8.12	0.0964571
8.125	0.0986339
8.13	0.100771
8.135	0.102868
8.14	0.104925
8.145	0.106941
8.15	0.108916
8.155	0.110849
8.16	0.112741
8.165	0.11459
8.17	0.116396
8.175	0.11816
8.18	0.11988
8.185	0.121557
8.19	0.12319
8.195	0.124779
8.2	0.126324
8.205	0.127824
8.21	0.12928
8.215	0.130691
8.22	0.132057
8.225	0.133377
8.23	0.134652
8.235	0.135881
8.24	0.137065
8.245	0.138203
8.25	0.139295
8.255	0.140341
8.26	0.141341
8.265	0.142295
8.27	0.143202
8.275	0.144063
8.28	0.144878
8.285	0.145647
8.29	0.146369
8.295	0.147045
8.3	0.147675
8.305	0.148258
8.31	0.148796
8.315	0.149287
8.32	0.149733
8.325	0.150133
8.33	0.150486
8.335	0.150794
8.34	0.151057
8.345	0.151274
8.35	0.151446
8.355	0.151572
8.36	0.151654
8.365	0.151691
8.37	0.151684
8.375	0.151632
8.38	0.151536
8.385	0.151397
8.39	0.151214
8.395	0.150987
8.4	0.150718
8.405	0.150405
8.41	0.150051
8.415	0.149654
8.42	0.149215
8.425	0.148735
8.43	0.148213
8.435	0.147651
8.44	0.147049
8.445	0.146406
8.45	0.145723
8.455	0.145001
8.46	0.14424
8.465	0.143441
8.47	0.142603
8.475	0.141728
8.48	0.140816
8.485	0.139866
8.49	0.13888
8.495	0.137859
8.5	0.136802
8.505	0.13571
8.51	0.134583
8.515	0.133423
8.52	0.132229
8.525	0.131002
8.53	0.129743
8.535	0.128452
8.54	0.127129
8.545	0.125775
8.55	0.124391
8.555	0.122978
8.56	0.121535
8.565	0.120063
8.57	0.118563
8.575	0.117036
8.58	0.115481
8.585	0.113901
8.59	0.112294
8.595	0.110662
8.6	0.109006
8.605	0.107326
8.61	0.105622
8.615	0.103895
8.62	0.102146
8.625	0.100376
8.63	0.0985848
8.635	0.0967731
8.64	0.0949418
8.645	0.0930914
8.65	0.0912225
8.655	0.0893357
8.66	0.0874318
8.665	0.0855113
8.67	0.0835748
8.675	0.0816231
8.68	0.0796567
8.685	0.0776763
8.69	0.0756825
8.695	0.0736761
8.7	0.0716575
8.705	0.0696276
8.71	0.0675869
8.715	0.065536
8.72	0.0634757
8.725	0.0614065
8.73	0.0593291
8.735	0.0572441
8.74	0.0551522
8.745	0.053054
8.75	0.0509502
8.755	0.0488414
8.76	0.0467282
8.765	0.0446112
8.77	0.0424913
8.775	0.0403688
8.78	0.0382446
8.785	0.0361191
8.79	0.0339931
8.795	0.0318671
8.8	0.0297419
8.805	0.0276179
8.81	0.0254958
8.815	0.0233761
8.82	0.0212596
8.825	0.0191468
8.83	0.0170382
8.835	0.0149346
8.84	0.0128364
8.845	0.0107444
8.85	0.00865894
8.855	0.00658077
8.86	0.00451041
8.865	0.00244845
8.87	0.000395448
8.875	-0.00164805
8.88	-0.00368148
8.885	-0.00570431
8.89	-0.00771599
8.895	-0.009716
8.9	-0.0117038
8.905	-0.0136789
8.91	-0.0156407
8.915	-0.0175887
8.92	-0.0195226
8.925	-0.0214416
8.93	-0.0233454
8.935	-0.0252335
8.94	-0.0271053
8.945	-0.0289605
8.95	-0.0307985
8.955	-0.0326189
8.96	-0.0344212
8.965	-0.0362051
8.97	-0.03797
8.975	-0.0397155
8.98	-0.0414413
8.985	-0.0431469
8.99	-0.0448319
8.995	-0.0464958
9	-0.0481384
9.005	-0.0497593
9.01	-0.051358
9.015	-0.0529342
9.02	-0.0544875
9.025	-0.0560176
9.03	-0.0575242
9.035	-0.0590069
9.04	-0.0604655
9.045	-0.0618995
9.05	-0.0633087
9.055	-0.0646929
9.06	-0.0660517
9.065	-0.0673849
9.07	-0.0686922
9.075	-0.0699733
9.08	-0.0712279
9.085	-0.072456
9.09	-0.0736571
9.095	-0.074831
9.1	-0.0759777
9.105	-0.0770967
9.11	-0.078188
9.115	-0.0792513
9.12	-0.0802865
9.125	-0.0812933
9.13	-0.0822718
9.135	-0.0832216
9.14	-0.0841428
9.145	-0.0850351
9.15	-0.0858984
9.155	-0.0867327
9.16	-0.0875379
9.165	-0.0883137
9.17	-0.0890603
9.175	-0.0897773
9.18	-0.0904649
9.185	-0.0911228
9.19	-0.0917511
9.195	-0.0923497
9.2	-0.0929185
9.205	-0.0934576
9.21	-0.0939668
9.215	-0.0944463
9.22	-0.0948959
9.225	-0.0953159
9.23	-0.0957061
9.235	-0.0960666
9.24	-0.0963975
9.245	-0.0966988
9.25	-0.0969706
9.255	-0.0972129
9.26	-0.0974259
9.265	-0.0976095
9.27	-0.0977639
9.275	-0.0978891
9.28	-0.0979852
9.285	-0.0980523
9.29	-0.0980905
9.295	-0.0981
9.3	-0.0980808
9.305	-0.0980332
9.31	-0.0979573
9.315	-0.0978532
9.32	-0.0977211
9.325	-0.0975613
9.33	-0.0973739
9.335	-0.0971591
9.34	-0.0969171
9.345	-0.0966481
9.35	-0.0963524
9.355	-0.09603
9.36	-0.0956813
9.365	-0.0953065
9.37	-0.0949057
9.375	-0.0944792
9.38	-0.0940272
9.385	-0.09355
9.39	-0.0930478
9.395	-0.0925209
9.4	-0.0919696
9.405	-0.0913942
9.41	-0.090795
9.415	-0.0901722
9.42	-0.0895263
9.425	-0.0888574
9.43	-0.0881659
9.435	-0.0874522
9.44	-0.0867165
9.445	-0.0859592
9.45	-0.0851805
9.455	-0.0843807
9.46	-0.0835603
9.465	-0.0827194
9.47	-0.0818586
9.475	-0.080978
9.48	-0.080078
9.485	-0.079159
9.49	-0.0782215
9.495	-0.0772656
9.5	-0.0762919
9.505	-0.0753008
9.51	-0.0742925
9.515	-0.0732675
9.52	-0.0722262
9.525	-0.071169
9.53	-0.0700961
9.535	-0.0690081
9.54	-0.0679053
9.545	-0.0667881
9.55	-0.0656568
9.555	-0.0645118
9.56	-0.0633535
9.565	-0.0621824
9.57	-0.0609988
9.575	-0.0598031
9.58	-0.0585958
9.585	-0.0573773
9.59	-0.056148
9.595	-0.0549084
9.6	-0.0536587
9.605	-0.0523996
9.61	-0.0511313
9.615	-0.0498543
9.62	-0.048569
9.625	-0.0472758
9.63	-0.0459751
9.635	-0.0446673
9.64	-0.0433528
9.645	-0.042032
9.65	-0.0407054
9.655	-0.0393732
9.66	-0.0380361
9.665	-0.0366943
9.67	-0.0353483
9.675	-0.0339986
9.68	-0.0326455
9.685	-0.0312895
9.69	-0.029931
9.695	-0.0285703
9.7	-0.027208
9.705	-0.0258443
9.71	-0.0244797
9.715	-0.0231146
9.72	-0.0217494
9.725	-0.0203844
9.73	-0.01902
9.735	-0.0176567
9.74	-0.0162948
9.745	-0.0149347
9.75	-0.0135768
9.755	-0.0122216
9.76	-0.0108693
9.765	-0.00952047
9.77	-0.00817539
9.775	-0.00683446
9.78	-0.00549805
9.785	-0.00416651
9.79	-0.0028402
9.795	-0.00151948
9.8	-0.000204682
9.805	0.00110384
9.81	0.00240573
9.815	0.00370065
9.82	0.00498827
9.825	0.00626823
9.83	0.00754019
9.835	0.00880383
9.84	0.0100588
9.845	0.0113048
9.85	0.0125414
9.855	0.0137684
9.86	0.0149854
9.865	0.0161921
9.87	0.0173883
9.875	0.0185737
9.88	0.0197479
9.885	0.0209107
9.89	0.0220618
9.895	0.023201
9.9	0.0243279
9.905	0.0254423
9.91	0.026544
9.915	0.0276326
9.92	0.0287078
9.925	0.0297695
9.93	0.0308174
9.935	0.0318512
9.94	0.0328708
9.945	0.0338757
9.95	0.034866
9.955	0.0358413
9.96	0.0368014
9.965	0.0377462
9.97	0.0386755
9.975	0.039589
9.98	0.0404866
9.985	0.0413681
9.99	0.0422334
9.995	0.0430821
10	0.0439142
10.005	0.0447294
10.01	0.0455277
10.015	0.0463088
10.02	0.0470726
10.025	0.047819
10.03	0.0485477
10.035	0.0492588
10.04	0.0499521
10.045	0.0506275
10.05	0.0512849
10.055	0.0519242
10.06	0.0525453
10.065	0.0531481
10.07	0.0537325
10.075	0.0542985
10.08	0.054846
10.085	0.0553747
10.09	0.0558848
10.095	0.0563761
10.1	0.0568485
10.105	0.0573021
10.11	0.0577367
10.115	0.0581523
10.12	0.058549
10.125	0.0589266
10.13	0.0592852
10.135	0.0596248
10.14	0.0599454
10.145	0.060247
10.15	0.0605297
10.155	0.0607933
10.16	0.0610379
10.165	0.0612636
10.17	0.0614703
10.175	0.0616581
10.18	0.061827
10.185	0.0619769
10.19	0.062108
10.195	0.0622202
10.2	0.0623138
10.205	0.0623886
10.21	0.0624449
10.215	0.0624826
10.22	0.0625019
10.225	0.0625029
10.23	0.0624857
10.235	0.0624503
10.24	0.062397
10.245	0.0623256
10.25	0.0622365
10.255	0.0621296
10.26	0.0620051
10.265	0.061863
10.27	0.0617035
10.275	0.0615266
10.28	0.0613326
10.285	0.0611216
10.29	0.0608937
10.295	0.060649
10.3	0.0603878
10.305	0.0601102
10.31	0.0598164
10.315	0.0595065
10.32	0.0591807
10.325	0.0588392
10.33	0.0584822
10.335	0.0581098
10.34	0.0577223
10.345	0.0573197
10.35	0.0569023
10.355	0.0564701
10.36	0.0560235
10.365	0.0555626
10.37	0.0550877
10.375	0.0545988
10.38	0.0540963
10.385	0.0535804
10.39	0.0530512
10.395	0.0525091
10.4	0.0519542
10.405	0.0513868
10.41	0.0508071
10.415	0.0502153
10.42	0.0496117
10.425	0.0489964
10.43	0.0483698
10.435	0.047732
10.44	0.0470832
10.445	0.0464237
10.45	0.0457538
10.455	0.0450736
10.46	0.0443834
10.465	0.0436836
10.47	0.0429743
10.475	0.0422557
10.48	0.0415283
10.485	0.0407921
10.49	0.0400475
10.495	0.0392948
10.5	0.0385342
10.505	0.0377659
10.51	0.0369903
10.515	0.0362074
10.52	0.0354178
10.525	0.0346214
10.53	0.0338188
10.535	0.03301
10.54	0.0321953
10.545	0.0313751
10.55	0.0305496
10.555	0.0297191
10.56	0.0288838
10.565	0.0280441
10.57	0.0272001
10.575	0.0263521
10.58	0.0255005
10.585	0.0246455
10.59	0.0237873
10.595	0.0229262
10.6	0.0220625
10.605	0.0211964
10.61	0.0203282
10.615	0.0194581
10.62	0.0185864
10.625	0.0177135
10.63	0.0168394
10.635	0.0159645
10.64	0.0150892
10.645	0.0142135
10.65	0.0133379
10.655	0.0124625
10.66	0.0115876
10.665	0.0107134
10.67	0.00984024
10.675	0.00896831
10.68	0.00809787
10.685	0.00722913
10.69	0.00636236
10.695	0.00549779
10.7	0.00463567
10.705	0.00377624
10.71	0.00291975
10.715	0.00206644
10.72	0.00121655
10.725	0.000370329
10.73	-0.000472002
10.735	-0.00131021
10.74	-0.00214406
10.745	-0.00297335
10.75	-0.00379785
10.755	-0.00461737
10.76	-0.00543169
10.765	-0.00624062
10.77	-0.00704395
10.775	-0.00784148
10.78	-0.00863299
10.785	-0.00941829
10.79	-0.0101972
10.795	-0.0109694
10.8	-0.0117348
10.805	-0.0124932
10.81	-0.0132444
10.815	-0.0139881
10.82	-0.0147243
10.825	-0.0154526
10.83	-0.016173
10.835	-0.0168853
10.84	-0.0175893
10.845	-0.0182849
10.85	-0.0189719
10.855	-0.0196502
10.86	-0.0203195
10.865	-0.0209799
10.87	-0.0216311
10.875	-0.0222729
10.88	-0.0229052
10.885	-0.0235279
10.89	-0.0241408
10.895	-0.0247438
10.9	-0.0253366
10.905	-0.0259193
10.91	-0.0264917
10.915	-0.0270537
10.92	-0.0276051
10.925	-0.0281459
10.93	-0.0286759
10.935	-0.0291951
10.94	-0.0297034
10.945	-0.0302007
10.95	-0.0306869
10.955	-0.031162
10.96	-0.0316257
10.965	-0.0320781
10.97	-0.032519
10.975	-0.0329484
10.98	-0.0333661
10.985	-0.0337721
10.99	-0.0341664
10.995	-0.0345489
11	-0.0349195
11.005	-0.0352782
11.01	-0.0356249
11.015	-0.0359596
11.02	-0.0362823
11.025	-0.036593
11.03	-0.0368917
11.035	-0.0371782
11.04	-0.0374526
11.045	-0.0377148
11.05	-0.0379649
11.055	-0.0382028
11.06	-0.0384284
11.065	-0.0386418
11.07	-0.0388429
11.075	-0.0390318
11.08	-0.0392084
11.085	-0.0393727
11.09	-0.0395249
11.095	-0.0396648
11.1	-0.0397926
11.105	-0.0399082
11.11	-0.0400118
11.115	-0.0401032
11.12	-0.0401826
11.125	-0.04025
11.13	-0.0403055
11.135	-0.040349
11.14	-0.0403805
11.145	-0.0404002
11.15	-0.0404081
11.155	-0.0404042
11.16	-0.0403886
11.165	-0.0403612
11.17	-0.0403223
11.175	-0.0402718
11.18	-0.0402099
11.185	-0.0401367
11.19	-0.0400521
11.195	-0.0399564
11.2	-0.0398496
11.205	-0.0397317
11.21	-0.0396029
11.215	-0.0394633
11.22	-0.0393129
11.225	-0.0391518
11.23	-0.0389802
11.235	-0.038798
11.24	-0.0386054
11.245	-0.0384025
11.25	-0.0381894
11.255	-0.0379662
11.26	-0.0377331
11.265	-0.0374901
11.27	-0.0372375
11.275	-0.0369752
11.28	-0.0367036
11.285	-0.0364226
11.29	-0.0361324
11.295	-0.0358332
11.3	-0.035525
11.305	-0.035208
11.31	-0.0348824
11.315	-0.0345482
11.32	-0.0342055
11.325	-0.0338545
11.33	-0.0334954
11.335	-0.0331283
11.34	-0.0327532
11.345	-0.0323705
11.35	-0.0319802
11.355	-0.0315825
11.36	-0.0311776
11.365	-0.0307656
11.37	-0.0303467
11.375	-0.0299211
11.38	-0.0294888
11.385	-0.0290502
11.39	-0.0286052
11.395	-0.0281541
11.4	-0.0276969
11.405	-0.027234
11.41	-0.0267653
11.415	-0.0262911
11.42	-0.0258116
11.425	-0.0253268
11.43	-0.024837
11.435	-0.0243423
11.44	-0.0238429
11.445	-0.0233391
11.45	-0.022831
11.455	-0.0223187
11.46	-0.0218025
11.465	-0.0212825
11.47	-0.0207588
11.475	-0.0202317
11.48	-0.0197013
11.485	-0.0191677
11.49	-0.0186311
11.495	-0.0180917
11.5	-0.0175497
11.505	-0.0170051
11.51	-0.0164582
11.515	-0.0159091
11.52	-0.0153581
11.525	-0.0148052
11.53	-0.0142508
11.535	-0.0136949
11.54	-0.0131378
11.545	-0.0125797
11.55	-0.0120206
11.555	-0.0114608
11.56	-0.0109004
11.565	-0.0103396
11.57	-0.00977852
11.575	-0.0092173
11.58	-0.00865612
11.585	-0.00809511
11.59	-0.00753445
11.595	-0.00697429
11.6	-0.0064148
11.605	-0.00585615
11.61	-0.00529851
11.615	-0.00474206
11.62	-0.00418697
11.625	-0.0036334
11.63	-0.00308151
11.635	-0.00253146
11.64	-0.0019834
11.645	-0.00143746
11.65	-0.000893778
11.655	-0.000352492
11.66	0.000186265
11.665	0.000722359
11.67	0.00125565
11.675	0.00178601
11.68	0.0023133
11.685	0.00283736
11.69	0.00335807
11.695	0.00387525
11.7	0.00438878
11.705	0.0048985
11.71	0.00540427
11.715	0.00590595
11.72	0.00640341
11.725	0.00689653
11.73	0.0073852
11.735	0.00786931
11.74	0.00834875
11.745	0.00882342
11.75	0.00929322
11.755	0.00975804
11.76	0.0102178
11.765	0.0106723
11.77	0.0111215
11.775	0.0115654
11.78	0.0120036
11.785	0.0124362
11.79	0.0128631
11.795	0.0132841
11.8	0.0136991
11.805	0.014108
11.81	0.0145107
11.815	0.0149073
11.82	0.0152974
11.825	0.0156813
11.83	0.0160586
11.835	0.0164295
11.84	0.0167937
11.845	0.0171514
11.85	0.0175022
11.855	0.0178463
11.86	0.0181835
11.865	0.0185137
11.87	0.0188369
11.875	0.019153
11.88	0.0194619
11.885	0.0197635
11.89	0.0200579
11.895	0.0203449
11.9	0.0206245
11.905	0.0208967
11.91	0.0211614
11.915	0.0214186
11.92	0.0216684
11.925	0.0219106
11.93	0.0221453
11.935	0.0223723
11.94	0.0225917
11.945	0.0228035
11.95	0.0230075
11.955	0.0232038
11.96	0.0233923
11.965	0.023573
11.97	0.0237458
11.975	0.0239108
11.98	0.024068
11.985	0.0242173
11.99	0.0243587
11.995	0.0244923
12	0.0246181
12.005	0.0247361
12.01	0.0248463
12.015	0.0249487
12.02	0.0250433
12.025	0.0251301
12.03	0.0252092
12.035	0.0252804
12.04	0.0253439
12.045	0.0253996
12.05	0.0254475
12.055	0.0254877
12.06	0.0255202
12.065	0.0255449
12.07	0.0255621
12.075	0.0255716
12.08	0.0255736
12.085	0.025568
12.09	0.025555
12.095	0.0255346
12.1	0.0255068
12.105	0.0254717
12.11	0.0254293
12.115	0.0253797
12.12	0.0253228
12.125	0.0252587
12.13	0.0251875
12.135	0.0251092
12.14	0.0250238
12.145	0.0249315
12.15	0.0248322
12.155	0.0247261
12.16	0.0246132
12.165	0.0244936
12.17	0.0243674
12.175	0.0242347
12.18	0.0240955
12.185	0.02395
12.19	0.0237981
12.195	0.02364
12.2	0.0234757
12.205	0.0233053
12.21	0.0231288
12.215	0.0229464
12.22	0.022758
12.225	0.0225637
12.23	0.0223638
12.235	0.0221581
12.24	0.0219469
12.245	0.0217303
12.25	0.0215083
12.255	0.021281
12.26	0.0210486
12.265	0.0208111
12.27	0.0205688
12.275	0.0203215
12.28	0.0200695
12.285	0.0198128
12.29	0.0195514
12.295	0.0192856
12.3	0.0190152
12.305	0.0187406
12.31	0.0184616
12.315	0.0181786
12.32	0.0178914
12.325	0.0176004
12.33	0.0173055
12.335	0.017007
12.34	0.0167049
12.345	0.0163993
12.35	0.0160904
12.355	0.0157783
12.36	0.0154631
12.365	0.0151448
12.37	0.0148235
12.375	0.0144995
12.38	0.0141726
12.385	0.0138431
12.39	0.0135111
12.395	0.0131766
12.4	0.0128397
12.405	0.0125006
12.41	0.0121595
12.415	0.0118163
12.42	0.0114713
12.425	0.0111246
12.43	0.0107762
12.435	0.0104264
12.44	0.0100752
12.445	0.00972266
12.45	0.00936896
12.455	0.00901418
12.46	0.00865841
12.465	0.00830174
12.47	0.00794427
12.475	0.00758611
12.48	0.00722735
12.485	0.0068681
12.49	0.00650849
12.495	0.00614862
12.5	0.00578862
12.505	0.00542861
12.51	0.00506871
12.515	0.00470903
12.52	0.00434968
12.525	0.00399075
12.53	0.00363235
12.535	0.00327456
12.54	0.00291748
12.545	0.0025612
12.55	0.00220581
12.555	0.00185139
12.56	0.00149805
12.565	0.00114587
12.57	0.000794953
12.575	0.000445407
12.58	9.73371e-05
12.585	-0.00024915
12.59	-0.000593947
12.595	-0.00093695
12.6	-0.00127806
12.605	-0.00161718
12.61	-0.00195423
12.615	-0.00228914
12.62	-0.00262181
12.625	-0.00295218
12.63	-0.00328018
12.635	-0.00360572
12.64	-0.00392874
12.645	-0.00424914
12.65	-0.00456684
12.655	-0.00488177
12.66	-0.00519383
12.665	-0.00550295
12.67	-0.00580903
12.675	-0.00611198
12.68	-0.00641173
12.685	-0.00670819
12.69	-0.00700129
12.695	-0.00729097
12.7	-0.00757717
12.705	-0.00785984
12.71	-0.00813892
12.715	-0.00841436
12.72	-0.00868611
12.725	-0.0089541
12.73	-0.00921827
12.735	-0.00947856
12.74	-0.0097349
12.745	-0.00998724
12.75	-0.0102355
12.755	-0.0104796
12.76	-0.0107196
12.765	-0.0109552
12.77	-0.0111866
12.775	-0.0114136
12.78	-0.0116363
12.785	-0.0118545
12.79	-0.0120682
12.795	-0.0122774
12.8	-0.0124822
12.805	-0.0126824
12.81	-0.012878
12.815	-0.013069
12.82	-0.0132554
12.825	-0.013437
12.83	-0.0136139
12.835	-0.0137861
12.84	-0.0139534
12.845	-0.0141159
12.85	-0.0142735
12.855	-0.0144261
12.86	-0.0145739
12.865	-0.0147167
12.87	-0.0148546
12.875	-0.0149875
12.88	-0.0151155
12.885	-0.0152385
12.89	-0.0153565
12.895	-0.0154696
12.9	-0.0155778
12.905	-0.0156809
12.91	-0.015779
12.915	-0.0158721
12.92	-0.0159602
12.925	-0.0160432
12.93	-0.0161211
12.935	-0.016194
12.94	-0.0162618
12.945	-0.0163246
12.95	-0.0163823
12.955	-0.0164349
12.96	-0.0164826
12.965	-0.0165253
12.97	-0.016563
12.975	-0.0165957
12.98	-0.0166236
12.985	-0.0166466
12.99	-0.0166646
12.995	-0.0166778
13	-0.0166861
13.005	-0.0166896
13.01	-0.0166881
13.015	-0.0166818
13.02	-0.0166707
13.025	-0.0166547
13.03	-0.016634
13.035	-0.0166086
13.04	-0.0165784
13.045	-0.0165436
13.05	-0.0165041
13.055	-0.0164601
13.06	-0.0164116
13.065	-0.0163586
13.07	-0.0163011
13.075	-0.0162393
13.08	-0.0161731
13.085	-0.0161025
13.09	-0.0160276
13.095	-0.0159484
13.1	-0.0158649
13.105	-0.0157772
13.11	-0.0156853
13.115	-0.0155892
13.12	-0.0154891
13.125	-0.0153849
13.13	-0.0152768
13.135	-0.0151648
13.14	-0.015049
13.145	-0.0149294
13.15	-0.0148061
13.155	-0.0146791
13.16	-0.0145485
13.165	-0.0144144
13.17	-0.0142767
13.175	-0.0141356
13.18	-0.0139911
13.185	-0.0138431
13.19	-0.0136918
13.195	-0.0135372
13.2	-0.0133794
13.205	-0.0132185
13.21	-0.0130544
13.215	-0.0128874
13.22	-0.0127175
13.225	-0.0125447
13.23	-0.0123692
13.235	-0.0121909
13.24	-0.01201
13.245	-0.0118266
13.25	-0.0116406
13.255	-0.0114522
13.26	-0.0112614
13.265	-0.0110682
13.27	-0.0108726
13.275	-0.0106749
13.28	-0.0104749
13.285	-0.0102729
13.29	-0.0100688
13.295	-0.00986272
13.3	-0.0096548
13.305	-0.00944509
13.31	-0.00923369
13.315	-0.00902066
13.32	-0.00880609
13.325	-0.00859004
13.33	-0.00837259
13.335	-0.00815379
13.34	-0.0079337
13.345	-0.00771238
13.35	-0.00748987
13.355	-0.00726624
13.36	-0.00704154
13.365	-0.00681583
13.37	-0.0065892
13.375	-0.00636171
13.38	-0.00613346
13.385	-0.00590453
13.39	-0.00567501
13.395	-0.00544499
13.4	-0.00521453
13.405	-0.00498373
13.41	-0.00475264
13.415	-0.00452134
13.42	-0.00428987
13.425	-0.00405829
13.43	-0.00382666
13.435	-0.00359502
13.44	-0.00336344
13.445	-0.00313196
13.45	-0.00290066
13.455	-0.00266959
13.46	-0.00243883
13.465	-0.00220846
13.47	-0.00197857
13.475	-0.00174923
13.48	-0.00152054
13.485	-0.00129255
13.49	-0.00106535
13.495	-0.000838979
13.5	-0.000613507
13.505	-0.00038898
13.51	-0.000165447
13.515	5.70492e-05
13.52	0.000278463
13.525	0.00049875
13.53	0.000717857
13.535	0.000935731
13.54	0.00115231
13.545	0.00136753
13.55	0.00158132
13.555	0.00179361
13.56	0.00200434
13.565	0.00221342
13.57	0.0024208
13.575	0.00262642
13.58	0.00283023
13.585	0.00303217
13.59	0.00323223
13.595	0.00343035
13.6	0.00362652
13.605	0.00382069
13.61	0.00401283
13.615	0.00420291
13.62	0.00439087
13.625	0.00457667
13.63	0.00476026
13.635	0.00494158
13.64	0.00512058
13.645	0.0052972
13.65	0.00547139
13.655	0.00564309
13.66	0.00581226
13.665	0.00597887
13.67	0.00614287
13.675	0.00630426
13.68	0.00646301
13.685	0.0066191
13.69	0.00677252
13.695	0.00692325
13.7	0.00707127
13.705	0.00721653
13.71	0.00735902
13.715	0.00749868
13.72	0.00763549
13.725	0.0077694
13.73	0.00790037
13.735	0.00802837
13.74	0.00815336
13.745	0.00827532
13.75	0.00839422
13.755	0.00851004
13.76	0.00862279
13.765	0.00873245
13.77	0.00883903
13.775	0.00894253
13.78	0.00904295
13.785	0.00914027
13.79	0.00923448
13.795	0.00932557
13.8	0.00941351
13.805	0.00949828
13.81	0.00957985
13.815	0.00965821
13.82	0.00973332
13.825	0.00980519
13.83	0.0098738
13.835	0.00993915
13.84	0.0100012
13.845	0.0100601
13.85	0.0101156
13.855	0.010168
13.86	0.0102171
13.865	0.0102631
13.87	0.0103058
13.875	0.0103454
13.88	0.0103818
13.885	0.010415
13.89	0.0104449
13.895	0.0104717
13.9	0.0104953
13.905	0.0105156
13.91	0.0105327
13.915	0.0105466
13.92	0.0105573
13.925	0.0105649
13.93	0.0105692
13.935	0.0105705
13.94	0.0105686
13.945	0.0105637
13.95	0.0105557
13.955	0.0105448
13.96	0.0105308
13.965	0.0105138
13.97	0.0104938
13.975	0.0104709
13.98	0.010445
13.985	0.0104161
13.99	0.0103843
13.995	0.0103496
14	0.010312
14.005	0.0102715
14.01	0.0102281
14.015	0.0101819
14.02	0.010133
14.025	0.0100813
14.03	0.0100269
14.035	0.00996992
14.04	0.00991028
14.045	0.00984805
14.05	0.00978326
14.055	0.00971593
14.06	0.00964609
14.065	0.00957373
14.07	0.0094989
14.075	0.0094216
14.08	0.00934188
14.085	0.00925975
14.09	0.00917527
14.095	0.00908848
14.1	0.00899942
14.105	0.00890814
14.11	0.0088147
14.115	0.00871913
14.12	0.00862149
14.125	0.00852181
14.13	0.00842014
14.135	0.00831651
14.14	0.00821095
14.145	0.00810349
14.15	0.00799415
14.155	0.00788297
14.16	0.00776997
14.165	0.00765519
14.17	0.00753867
14.175	0.00742047
14.18	0.00730062
14.185	0.00717919
14.19	0.00705624
14.195	0.00693181
14.2	0.00680597
14.205	0.00667875
14.21	0.0065502
14.215	0.00642037
14.22	0.00628929
14.225	0.006157
14.23	0.00602353
14.235	0.00588892
14.24	0.00575319
14.245	0.00561639
14.25	0.00547856
14.255	0.00533973
14.26	0.00519995
14.265	0.00505929
14.27	0.00491781
14.275	0.00477555
14.28	0.00463258
14.285	0.00448896
14.29	0.00434472
14.295	0.00419992
14.3	0.0040546
14.305	0.00390879
14.31	0.00376253
14.315	0.00361585
14.32	0.00346879
14.325	0.00332139
14.33	0.00317368
14.335	0.0030257
14.34	0.00287749
14.345	0.0027291
14.35	0.00258058
14.355	0.002432
14.36	0.00228341
14.365	0.00213486
14.37	0.00198642
14.375	0.00183812
14.38	0.00169001
14.385	0.00154213
14.39	0.0013945
14.395	0.00124716
14.4	0.00110013
14.405	0.000953463
14.41	0.000807177
14.415	0.00066131
14.42	0.000515899
14.425	0.000370984
14.43	0.000226608
14.435	8.28184e-05
14.44	-6.03332e-05
14.445	-0.000202794
14.45	-0.000344512
14.455	-0.000485438
14.46	-0.000625529
14.465	-0.000764751
14.47	-0.000903075
14.475	-0.00104048
14.48	-0.00117693
14.485	-0.00131242
14.49	-0.0014469
14.495	-0.00158037
14.5	-0.00171278
14.505	-0.0018441
14.51	-0.0019743
14.515	-0.00210334
14.52	-0.00223119
14.525	-0.0023578
14.53	-0.00248313
14.535	-0.00260713
14.54	-0.00272977
14.545	-0.002851
14.55	-0.00297081
14.555	-0.00308918
14.56	-0.00320607
14.565	-0.00332148
14.57	-0.0034354
14.575	-0.00354781
14.58	-0.00365869
14.585	-0.00376802
14.59	-0.00387577
14.595	-0.00398192
14.6	-0.00408643
14.605	-0.00418928
14.61	-0.00429044
14.615	-0.00438988
14.62	-0.00448756
14.625	-0.00458345
14.63	-0.00467753
14.635	-0.00476978
14.64	-0.00486019
14.645	-0.00494875
14.65	-0.00503545
14.655	-0.0051203
14.66	-0.00520329
14.665	-0.0052844
14.67	-0.00536364
14.675	-0.00544098
14.68	-0.0055164
14.685	-0.00558989
14.69	-0.00566142
14.695	-0.00573097
14.7	-0.00579852
14.705	-0.00586406
14.71	-0.00592756
14.715	-0.00598902
14.72	-0.00604842
14.725	-0.00610576
14.73	-0.00616105
14.735	-0.0062143
14.74	-0.00626549
14.745	-0.00631466
14.75	-0.00636179
14.755	-0.00640689
14.76	-0.00644996
14.765	-0.00649098
14.77	-0.00652994
14.775	-0.00656683
14.78	-0.00660165
14.785	-0.00663437
14.79	-0.00666499
14.795	-0.00669351
14.8	-0.00671993
14.805	-0.00674425
14.81	-0.00676649
14.815	-0.00678664
14.82	-0.00680473
14.825	-0.00682077
14.83	-0.00683478
14.835	-0.00684678
14.84	-0.00685677
14.845	-0.00686476
14.85	-0.00687076
14.855	-0.00687476
14.86	-0.00687675
14.865	-0.00687674
14.87	-0.00687471
14.875	-0.00687068
14.88	-0.00686465
14.885	-0.00685664
14.89	-0.00684665
14.895	-0.00683471
14.9	-0.00682083
14.905	-0.00680504
14.91	-0.00678737
14.915	-0.00676783
14.92	-0.00674646
14.925	-0.00672327
14.93	-0.00669828
14.935	-0.0066715
14.94	-0.00664294
14.945	-0.0066126
14.95	-0.00658049
14.955	-0.0065466
14.96	-0.00651095
14.965	-0.00647355
14.97	-0.00643443
14.975	-0.0063936
14.98	-0.00635109
14.985	-0.00630695
14.99	-0.00626118
14.995	-0.00621384
15	-0.00616494
15.005	-0.00611451
15.01	-0.0060626
15.015	-0.00600921
15.02	-0.00595437
15.025	-0.0058981
15.03	-0.0058404
15.035	-0.00578127
15.04	-0.00572074
15.045	-0.00565881
15.05	-0.00559551
15.055	-0.00553085
15.06	-0.00546488
15.065	-0.00539761
15.07	-0.0053291
15.075	-0.00525937
15.08	-0.00518847
15.085	-0.00511642
15.09	-0.00504327
15.095	-0.00496905
15.1	-0.00489378
15.105	-0.00481749
15.11	-0.0047402
15.115	-0.00466192
15.12	-0.00458266
15.125	-0.00450245
15.13	-0.00442128
15.135	-0.00433919
15.14	-0.0042562
15.145	-0.00417235
15.15	-0.00408766
15.155	-0.00400219
15.16	-0.00391597
15.165	-0.00382905
15.17	-0.00374146
15.175	-0.00365325
15.18	-0.00356443
15.185	-0.00347506
15.19	-0.00338514
15.195	-0.0032947
15.2	-0.00320375
15.205	-0.00311233
15.21	-0.00302042
15.215	-0.00292806
15.22	-0.00283526
15.225	-0.00274205
15.23	-0.00264846
15.235	-0.00255453
15.24	-0.0024603
15.245	-0.00236582
15.25	-0.00227112
15.255	-0.00217625
15.26	-0.00208124
15.265	-0.00198613
15.27	-0.00189094
15.275	-0.00179571
15.28	-0.00170044
15.285	-0.00160515
15.29	-0.00150987
15.295	-0.00141459
15.3	-0.00131935
15.305	-0.00122415
15.31	-0.00112902
15.315	-0.001034
15.32	-0.000939102
15.325	-0.000844383
15.33	-0.000749878
15.335	-0.000655631
15.34	-0.000561679
15.345	-0.000468058
15.35	-0.0003748
15.355	-0.000281929
15.36	-0.000189465
15.365	-9.7425e-05
15.37	-5.81964e-06
15.375	8.53399e-05
15.38	0.000176042
15.385	0.000266273
15.39	0.000356016
15.395	0.000445252
15.4	0.000533956
15.405	0.000622099
15.41	0.000709648
15.415	0.000796564
15.42	0.000882811
15.425	0.00096835
15.43	0.00105315
15.435	0.00113719
15.44	0.00122044
15.445	0.00130289
15.45	0.00138453
15.455	0.00146536
15.46	0.00154536
15.465	0.00162454
15.47	0.00170288
15.475	0.00178037
15.48	0.00185699
15.485	0.00193273
15.49	0.00200756
15.495	0.00208144
15.5	0.00215437
15.505	0.00222629
15.51	0.00229718
15.515	0.00236702
15.52	0.00243579
15.525	0.00250346
15.53	0.00257003
15.535	0.0026355
15.54	0.00269987
15.545	0.00276314
15.55	0.00282531
15.555	0.00288637
15.56	0.00294632
15.565	0.00300515
15.57	0.00306284
15.575	0.00311937
15.58	0.00317472
15.585	0.00322887
15.59	0.00328179
15.595	0.00333347
15.6	0.00338389
15.605	0.00343304
15.61	0.00348089
15.615	0.00352746
15.62	0.00357274
15.625	0.00361675
15.63	0.00365948
15.635	0.00370095
15.64	0.00374116
15.645	0.00378011
15.65	0.00381779
15.655	0.00385419
15.66	0.0038893
15.665	0.00392311
15.67	0.0039556
15.675	0.00398676
15.68	0.00401657
15.685	0.00404502
15.69	0.00407211
15.695	0.00409783
15.7	0.0041222
15.705	0.00414521
15.71	0.00416689
15.715	0.00418723
15.72	0.00420627
15.725	0.00422401
15.73	0.00424046
15.735	0.00425561
15.74	0.00426947
15.745	0.00428202
15.75	0.00429325
15.755	0.00430316
15.76	0.00431174
15.765	0.00431899
15.77	0.00432489
15.775	0.00432946
15.78	0.0043327
15.785	0.00433463
15.79	0.00433525
15.795	0.00433458
15.8	0.00433265
15.805	0.00432948
15.81	0.00432507
15.815	0.00431944
15.82	0.00431261
15.825	0.00430456
15.83	0.0042953
15.835	0.00428482
15.84	0.00427312
15.845	0.0042602
15.85	0.00424606
15.855	0.00423071
15.86	0.00421415
15.865	0.0041964
15.87	0.00417747
15.875	0.00415739
15.88	0.00413618
15.885	0.00411386
15.89	0.00409045
15.895	0.00406598
15.9	0.00404046
15.905	0.00401389
15.91	0.0039863
15.915	0.00395769
15.92	0.00392804
15.925	0.00389738
15.93	0.00386568
15.935	0.00383297
15.94	0.00379925
15.945	0.00376454
15.95	0.00372886
15.955	0.00369223
15.96	0.00365468
15.965	0.00361622
15.97	0.0035769
15.975	0.00353672
15.98	0.00349572
15.985	0.00345391
15.99	0.00341131
15.995	0.00336793
16	0.00332378
16.005	0.00327886
16.01	0.00323317
16.015	0.00318673
16.02	0.00313954
16.025	0.00309161
16.03	0.00304296
16.035	0.00299362
16.04	0.00294361
16.045	0.00289296
16.05	0.00284171
16.055	0.00278987
16.06	0.00273747
16.065	0.00268453
16.07	0.00263108
16.075	0.00257713
16.08	0.00252269
16.085	0.00246778
16.09	0.00241239
16.095	0.00235655
16.1	0.00230025
16.105	0.00224352
16.11	0.00218635
16.115	0.00212877
16.12	0.00207081
16.125	0.00201249
16.13	0.00195385
16.135	0.00189491
16.14	0.0018357
16.145	0.00177625
16.15	0.00171658
16.155	0.0016567
16.16	0.00159664
16.165	0.0015364
16.17	0.001476
16.175	0.00141544
16.18	0.00135474
16.185	0.0012939
16.19	0.00123293
16.195	0.00117185
16.2	0.00111068
16.205	0.00104944
16.21	0.000988151
16.215	0.000926854
16.22	0.000865574
16.225	0.00080434
16.23	0.000743175
16.235	0.0006821
16.24	0.000621129
16.245	0.000560276
16.25	0.000499552
16.255	0.000438965
16.26	0.000378524
16.265	0.000318237
16.27	0.000258113
16.275	0.000198163
16.28	0.000138399
16.285	7.88388e-05
16.29	1.95037e-05
16.295	-3.95819e-05
16.3	-9.83908e-05
16.305	-0.000156895
16.31	-0.000215069
16.315	-0.000272888
16.32	-0.000330335
16.325	-0.000387398
16.33	-0.000444068
16.335	-0.000500338
16.34	-0.000556204
16.345	-0.000611659
16.35	-0.000666697
16.355	-0.00072131
16.36	-0.000775491
16.365	-0.000829227
16.37	-0.000882504
16.375	-0.000935305
16.38	-0.000987606
16.385	-0.00103939
16.39	-0.00109062
16.395	-0.00114128
16.4	-0.00119136
16.405	-0.00124084
16.41	-0.0012897
16.415	-0.00133794
16.42	-0.00138556
16.425	-0.00143256
16.43	-0.00147894
16.435	-0.00152469
16.44	-0.00156982
16.445	-0.00161431
16.45	-0.00165816
16.455	-0.00170135
16.46	-0.00174388
16.465	-0.00178571
16.47	-0.00182684
16.475	-0.00186725
16.48	-0.00190691
16.485	-0.00194581
16.49	-0.00198395
16.495	-0.0020213
16.5	-0.00205788
16.505	-0.00209368
16.51	-0.00212871
16.515	-0.00216297
16.52	-0.00219647
16.525	-0.00222921
16.53	-0.00226118
16.535	-0.00229238
16.54	-0.0023228
16.545	-0.00235242
16.55	-0.00238124
16.555	-0.00240925
16.56	-0.00243642
16.565	-0.00246274
16.57	-0.0024882
16.575	-0.0025128
16.58	-0.00253653
16.585	-0.0025594
16.59	-0.00258141
16.595	-0.00260257
16.6	-0.00262289
16.605	-0.00264238
16.61	-0.00266105
16.615	-0.00267889
16.62	-0.00269591
16.625	-0.0027121
16.63	-0.00272745
16.635	-0.00274196
16.64	-0.00275561
16.645	-0.00276838
16.65	-0.00278028
16.655	-0.0027913
16.66	-0.00280143
16.665	-0.00281068
16.67	-0.00281906
16.675	-0.00282657
16.68	-0.00283323
16.685	-0.00283905
16.69	-0.00284404
16.695	-0.00284823
16.7	-0.0028516
16.705	-0.00285417
16.71	-0.00285594
16.715	-0.0028569
16.72	-0.00285704
16.725	-0.00285635
16.73	-0.00285483
16.735	-0.00285247
16.74	-0.00284928
16.745	-0.00284525
16.75	-0.0028404
16.755	-0.00283473
16.76	-0.00282825
16.765	-0.00282099
16.77	-0.00281297
16.775	-0.00280419
16.78	-0.00279467
16.785	-0.00278443
16.79	-0.00277347
16.795	-0.00276179
16.8	-0.0027494
16.805	-0.00273628
16.81	-0.00272244
16.815	-0.00270786
16.82	-0.00269255
16.825	-0.00267651
16.83	-0.00265974
16.835	-0.00264226
16.84	-0.00262409
16.845	-0.00260523
16.85	-0.00258571
16.855	-0.00256555
16.86	-0.00254477
16.865	-0.00252338
16.87	-0.00250141
16.875	-0.00247885
16.88	-0.00245572
16.885	-0.00243202
16.89	-0.00240774
16.895	-0.00238288
16.9	-0.00235744
16.905	-0.00233142
16.91	-0.00230482
16.915	-0.00227765
16.92	-0.00224993
16.925	-0.00222168
16.93	-0.00219291
16.935	-0.00216365
16.94	-0.00213391
16.945	-0.00210373
16.95	-0.00207311
16.955	-0.00204209
16.96	-0.00201065
16.965	-0.00197883
16.97	-0.00194661
16.975	-0.00191399
16.98	-0.00188098
16.985	-0.00184757
16.99	-0.00181377
16.995	-0.00177958
17	-0.00174501
17.005	-0.00171007
17.01	-0.00167479
17.015	-0.00163919
17.02	-0.00160328
17.025	-0.0015671
17.03	-0.00153067
17.035	-0.00149401
17.04	-0.00145713
17.045	-0.00142005
17.05	-0.00138276
17.055	-0.00134529
17.06	-0.00130762
17.065	-0.00126975
17.07	-0.00123169
17.075	-0.00119343
17.08	-0.00115499
17.085	-0.00111637
17.09	-0.00107758
17.095	-0.00103865
17.1	-0.000999603
17.105	-0.000960458
17.11	-0.000921241
17.115	-0.000881977
17.12	-0.000842683
17.125	-0.000803375
17.13	-0.000764063
17.135	-0.000724754
17.14	-0.000685451
17.145	-0.000646155
17.15	-0.000606864
17.155	-0.000567577
17.16	-0.000528296
17.165	-0.000489025
17.17	-0.000449774
17.175	-0.000410556
17.18	-0.000371389
17.185	-0.000332297
17.19	-0.000293304
17.195	-0.000254433
17.2	-0.000215707
17.205	-0.000177145
17.21	-0.00013876
17.215	-0.000100561
17.22	-6.25519e-05
17.225	-2.47345e-05
17.23	1.28928e-05
17.235	5.03321e-05
17.24	8.75848e-05
17.245	0.00012465
17.25	0.000161525
17.255	0.000198202
17.26	0.000234669
17.265	0.000270908
17.27	0.000306901
17.275	0.000342624
17.28	0.000378055
17.285	0.000413174
17.29	0.000447962
17.295	0.000482409
17.3	0.000516507
17.305	0.000550255
17.31	0.000583654
17.315	0.000616709
17.32	0.000649424
17.325	0.000681802
17.33	0.000713843
17.335	0.000745544
17.34	0.0007769
17.345	0.0008079
17.35	0.000838532
17.355	0.000868777
17.36	0.000898617
17.365	0.000928031
17.37	0.000957002
17.375	0.000985515
17.38	0.00101356
17.385	0.00104113
17.39	0.00106824
17.395	0.00109487
17.4	0.00112105
17.405	0.00114677
17.41	0.00117204
17.415	0.00119687
17.42	0.00122125
17.425	0.00124519
17.43	0.00126866
17.435	0.00129166
17.44	0.00131418
17.445	0.0013362
17.45	0.00135771
17.455	0.00137869
17.46	0.00139912
17.465	0.00141901
17.47	0.00143835
17.475	0.00145714
17.48	0.0014754
17.485	0.00149312
17.49	0.00151032
17.495	0.001527
17.5	0.00154319
17.505	0.00155886
17.51	0.00157403
17.515	0.00158868
17.52	0.00160281
17.525	0.0016164
17.53	0.00162945
17.535	0.00164194
17.54	0.00165387
17.545	0.00166522
17.55	0.00167598
17.555	0.00168617
17.56	0.00169579
17.565	0.00170484
17.57	0.00171334
17.575	0.0017213
17.58	0.00172872
17.585	0.00173563
17.59	0.00174202
17.595	0.00174789
17.6	0.00175324
17.605	0.00175806
17.61	0.00176235
17.615	0.00176608
17.62	0.00176926
17.625	0.00177188
17.63	0.00177394
17.635	0.00177543
17.64	0.00177636
17.645	0.00177674
17.65	0.00177658
17.655	0.00177589
17.66	0.00177469
17.665	0.00177298
17.67	0.00177079
17.675	0.0017681
17.68	0.00176494
17.685	0.00176129
17.69	0.00175715
17.695	0.00175251
17.7	0.00174737
17.705	0.00174172
17.71	0.00173556
17.715	0.00172889
17.72	0.00172171
17.725	0.00171404
17.73	0.00170587
17.735	0.00169723
17.74	0.00168812
17.745	0.00167857
17.75	0.00166858
17.755	0.00165817
17.76	0.00164734
17.765	0.00163611
17.77	0.00162446
17.775	0.0016124
17.78	0.00159992
17.785	0.00158702
17.79	0.0015737
17.795	0.00155995
17.8	0.00154577
17.805	0.00153118
17.81	0.00151618
17.815	0.00150079
17.82	0.00148502
17.825	0.00146889
17.83	0.0014524
17.835	0.00143558
17.84	0.00141844
17.845	0.00140098
17.85	0.00138322
17.855	0.00136515
17.86	0.00134677
17.865	0.00132808
17.87	0.00130908
17.875	0.00128976
17.88	0.00127012
17.885	0.00125017
17.89	0.00122992
17.895	0.00120938
17.9	0.00118857
17.905	0.00116749
17.91	0.00114618
17.915	0.00112463
17.92	0.00110287
17.925	0.00108091
17.93	0.00105876
17.935	0.00103641
17.94	0.00101388
17.945	0.000991166
17.95	0.000968263
17.955	0.00094517
17.96	0.000921886
17.965	0.000898412
17.97	0.000874753
17.975	0.00085092
17.98	0.000826926
17.985	0.000802787
17.99	0.00077852
17.995	0.000754141
18	0.000729665
18.005	0.000705105
18.01	0.000680472
18.015	0.000655774
18.02	0.000631015
18.025	0.000606197
18.03	0.00058132
18.035	0.000556385
18.04	0.00053139
18.045	0.000506334
18.05	0.000481219
18.055	0.000456051
18.06	0.000430838
18.065	0.000405593
18.07	0.000380332
18.075	0.000355073
18.08	0.000329833
18.085	0.000304626
18.09	0.000279465
18.095	0.000254357
18.1	0.000229309
18.105	0.000204325
18.11	0.000179406
18.115	0.000154552
18.12	0.000129762
18.125	0.000105036
18.13	8.03713e-05
18.135	5.57716e-05
18.14	3.12412e-05
18.145	6.7886e-06
18.15	-1.75744e-05
18.155	-4.18333e-05
18.16	-6.59722e-05
18.165	-8.99748e-05
18.17	-0.000113827
18.175	-0.000137517
18.18	-0.000161037
18.185	-0.000184383
18.19	-0.000207553
18.195	-0.000230547
18.2	-0.000253367
18.205	-0.000276016
18.21	-0.000298495
18.215	-0.000320804
18.22	-0.000342943
18.225	-0.000364906
18.23	-0.000386687
18.235	-0.000408275
18.24	-0.000429657
18.245	-0.000450821
18.25	-0.00047175
18.255	-0.000492431
18.26	-0.000512854
18.265	-0.000533012
18.27	-0.000552901
18.275	-0.000572522
18.28	-0.000591879
18.285	-0.000610975
18.29	-0.000629815
18.295	-0.000648402
18.3	-0.000666737
18.305	-0.000684819
18.31	-0.000702645
18.315	-0.00072021
18.32	-0.000737503
18.325	-0.000754513
18.33	-0.000771228
18.335	-0.000787636
18.34	-0.000803725
18.345	-0.000819486
18.35	-0.000834915
18.355	-0.000850009
18.36	-0.000864771
18.365	-0.000879205
18.37	-0.00089332
18.375	-0.000907121
18.38	-0.000920615
18.385	-0.000933803
18.39	-0.000946686
18.395	-0.00095926
18.4	-0.000971521
18.405	-0.000983461
18.41	-0.000995071
18.415	-0.00100634
18.42	-0.00101726
18.425	-0.00102781
18.43	-0.001038
18.435	-0.00104782
18.44	-0.00105727
18.445	-0.00106636
18.45	-0.00107509
18.455	-0.00108346
18.46	-0.0010915
18.465	-0.0010992
18.47	-0.00110657
18.475	-0.00111362
18.48	-0.00112034
18.485	-0.00112672
18.49	-0.00113276
18.495	-0.00113846
18.5	-0.00114379
18.505	-0.00114877
18.51	-0.00115338
18.515	-0.00115761
18.52	-0.00116146
18.525	-0.00116494
18.53	-0.00116805
18.535	-0.00117081
18.54	-0.00117321
18.545	-0.00117527
18.55	-0.001177
18.555	-0.00117841
18.56	-0.0011795
18.565	-0.00118027
18.57	-0.00118072
18.575	-0.00118085
18.58	-0.00118064
18.585	-0.00118008
18.59	-0.00117918
18.595	-0.00117792
18.6	-0.00117632
18.605	-0.00117435
18.61	-0.00117204
18.615	-0.00116939
18.62	-0.0011664
18.625	-0.00116309
18.63	-0.00115947
18.635	-0.00115555
18.64	-0.00115134
18.645	-0.00114685
18.65	-0.00114208
18.655	-0.00113702
18.66	-0.00113168
18.665	-0.00112604
18.67	-0.0011201
18.675	-0.00111385
18.68	-0.00110729
18.685	-0.00110043
18.69	-0.00109325
18.695	-0.00108578
18.7	-0.00107801
18.705	-0.00106996
18.71	-0.00106164
18.715	-0.00105307
18.72	-0.00104425
18.725	-0.0010352
18.73	-0.00102592
18.735	-0.00101642
18.74	-0.00100669
18.745	-0.000996734
18.75	-0.000986545
18.755	-0.000976116
18.76	-0.000965444
18.765	-0.000954526
18.77	-0.000943361
18.775	-0.000931955
18.78	-0.000920315
18.785	-0.000908451
18.79	-0.000896377
18.795	-0.000884104
18.8	-0.000871646
18.805	-0.000859014
18.81	-0.000846219
18.815	-0.000833269
18.82	-0.000820168
18.825	-0.000806917
18.83	-0.000793513
18.835	-0.000779952
18.84	-0.000766227
18.845	-0.000752335
18.85	-0.000738275
18.855	-0.000724046
18.86	-0.000709653
18.865	-0.000695105
18.87	-0.000680412
18.875	-0.000665588
18.88	-0.000650647
18.885	-0.000635603
18.89	-0.000620466
18.895	-0.000605247
18.9	-0.000589953
18.905	-0.000574589
18.91	-0.000559156
18.915	-0.000543653
18.92	-0.000528076
18.925	-0.00051242
18.93	-0.00049668
18.935	-0.000480853
18.94	-0.000464941
18.945	-0.000448949
18.95	-0.000432886
18.955	-0.00041676
18.96	-0.000400587
18.965	-0.000384379
18.97	-0.000368152
18.975	-0.000351918
18.98	-0.000335687
18.985	-0.000319465
18.99	-0.000303254
18.995	-0.000287054
19	-0.000270865
19.005	-0.000254684
19.01	-0.000238507
19.015	-0.00022233
19.02	-0.00020615
19.025	-0.000189966
19.03	-0.000173781
19.035	-0.000157605
19.04	-0.000141449
19.045	-0.000125327
19.05	-0.000109252
19.055	-9.32365e-05
19.06	-7.72932e-05
19.065	-6.14307e-05
19.07	-4.56549e-05
19.075	-2.99683e-05
19.08	-1.43696e-05
19.085	1.14403e-06
19.09	1.65765e-05
19.095	3.19315e-05
19.1	4.72119e-05
19.105	6.24195e-05
19.11	7.75548e-05
19.115	9.26155e-05
19.12	0.000107595
19.125	0.000122485
19.13	0.00013727
19.135	0.000151938
19.14	0.000166474
19.145	0.00018087
19.15	0.000195117
19.155	0.000209212
19.16	0.000223153
19.165	0.000236942
19.17	0.000250583
19.175	0.00026408
19.18	0.000277438
19.185	0.000290661
19.19	0.00030375
19.195	0.000316705
19.2	0.000329522
19.205	0.000342198
19.21	0.000354724
19.215	0.00036709
19.22	0.000379284
19.225	0.000391295
19.23	0.000403112
19.235	0.000414727
19.24	0.000426139
19.245	0.000437348
19.25	0.000448357
19.255	0.000459172
19.26	0.000469797
19.265	0.000480237
19.27	0.000490496
19.275	0.000500577
19.28	0.00051048
19.285	0.000520203
19.29	0.00052974
19.295	0.000539087
19.3	0.000548234
19.305	0.000557172
19.31	0.000565891
19.315	0.000574383
19.32	0.000582642
19.325	0.000590664
19.33	0.000598453
19.335	0.000606011
19.34	0.000613346
19.345	0.000620463
19.35	0.00062737
19.355	0.00063407
19.36	0.000640568
19.365	0.000646863
19.37	0.000652956
19.375	0.00065884
19.38	0.000664511
19.385	0.000669961
19.39	0.000675183
19.395	0.00068017
19.4	0.000684916
19.405	0.000689416
19.41	0.00069367
19.415	0.000697677
19.42	0.000701443
19.425	0.000704976
19.43	0.000708285
19.435	0.000711377
19.44	0.000714259
19.445	0.000716933
19.45	0.000719401
19.455	0.00072166
19.46	0.000723708
19.465	0.00072554
19.47	0.00072715
19.475	0.000728532
19.48	0.000729681
19.485	0.000730592
19.49	0.000731265
19.495	0.0007317
19.5	0.000731899
19.505	0.000731868
19.51	0.000731614
19.515	0.000731146
19.52	0.000730472
19.525	0.000729601
19.53	0.000728536
19.535	0.000727279
19.54	0.000725828
19.545	0.00072418
19.55	0.00072233
19.555	0.000720275
19.56	0.000718011
19.565	0.000715534
19.57	0.000712841
19.575	0.000709934
19.58	0.000706814
19.585	0.000703486
19.59	0.000699956
19.595	0.000696231
19.6	0.00069232
19.605	0.00068823
19.61	0.000683969
19.615	0.000679542
19.62	0.000674953
19.625	0.000670202
19.63	0.000665285
19.635	0.000660199
19.64	0.000654939
19.645	0.000649502
19.65	0.000643886
19.655	0.000638091
19.66	0.000632121
19.665	0.000625977
19.67	0.000619665
19.675	0.000613192
19.68	0.000606564
19.685	0.000599791
19.69	0.00059288
19.695	0.000585839
19.7	0.000578674
19.705	0.000571388
19.71	0.000563981
19.715	0.000556452
19.72	0.000548798
19.725	0.000541015
19.73	0.000533098
19.735	0.000525047
19.74	0.000516863
19.745	0.000508549
19.75	0.000500111
19.755	0.000491554
19.76	0.000482886
19.765	0.000474116
19.77	0.00046525
19.775	0.000456297
19.78	0.000447263
19.785	0.000438154
19.79	0.000428973
19.795	0.000419721
19.8	0.000410396
19.805	0.000400997
19.81	0.00039152
19.815	0.000381961
19.82	0.000372318
19.825	0.000362593
19.83	0.00035279
19.835	0.000342915
19.84	0.000332977
19.845	0.000322984
19.85	0.000312943
19.855	0.000302863
19.86	0.00029275
19.865	0.000282609
19.87	0.000272446
19.875	0.000262262
19.88	0.00025206
19.885	0.000241837
19.89	0.000231592
19.895	0.00022132
19.9	0.00021102
19.905	0.00020069
19.91	0.000190332
19.915	0.00017995
19.92	0.000169549
19.925	0.000159138
19.93	0.000148726
19.935	0.000138323
19.94	0.000127934
19.945	0.000117567
19.95	0.000107225
19.955	9.69124e-05
19.96	8.66298e-05
19.965	7.63779e-05
19.97	6.61557e-05
19.975	5.59611e-05
19.98	4.57912e-05
19.985	3.56436e-05
19.99	2.55175e-05
19.995	1.54138e-05
